247 247 247 247 247 247 247 247 247 247 247 247 247 247 247 247 247 247 247 247 247 247 247 247 247 247 247 247 248 249 249 249 249 210 208 179 160 155 141 141 126 124 124 124 123 118 118 120 120 114 107 106 94 94 89 87 85 82 82 86 86 92 95 95 94 94 93 93 98 102 103 109 109 106 105 109 113 116 134 134 145 149 154 162 165 227 227 243 251 250 247 247 247 247 247 247 247 247 247 247 247 247 247 247 247 247 247 247 247 247 247 247 247 247 247 247 247 247 
247 247 247 247 247 247 247 247 247 247 247 247 247 247 247 247 247 247 247 247 247 247 247 247 247 247 247 247 248 249 249 249 249 210 208 179 160 155 141 141 126 124 124 124 123 118 118 120 120 114 107 106 94 94 89 87 85 82 82 86 86 92 95 95 94 94 93 93 98 102 103 109 109 106 105 109 113 116 134 134 145 149 154 162 165 227 227 243 251 250 247 247 247 247 247 247 247 247 247 247 247 247 247 247 247 247 247 247 247 247 247 247 247 247 247 247 247 247 
247 247 247 247 247 247 247 247 247 247 247 247 247 247 247 247 247 247 247 247 247 247 247 247 247 247 248 248 247 246 237 216 216 174 172 160 152 146 129 129 117 115 116 116 115 108 108 107 106 104 100 98 83 83 86 87 86 85 85 85 85 89 91 92 95 95 99 99 105 109 110 112 112 105 103 105 106 107 113 113 130 135 142 152 153 186 186 221 237 241 248 248 247 247 247 247 247 247 247 247 247 247 247 247 247 247 247 247 247 247 247 247 247 247 247 247 247 247 
247 247 247 247 247 247 247 247 247 247 247 247 247 247 247 247 247 247 247 247 247 247 247 247 247 247 249 249 246 245 230 198 198 154 152 149 147 141 123 123 112 110 111 112 110 102 102 100 99 98 96 94 77 77 84 87 87 86 86 84 84 87 89 91 95 95 102 103 109 114 114 114 114 104 102 102 103 103 101 101 122 128 135 146 147 164 164 209 230 236 249 249 247 247 247 247 247 247 247 247 247 247 247 247 247 247 247 247 247 247 247 247 247 247 247 247 247 247 
247 247 247 247 247 247 247 247 247 247 247 247 247 247 247 247 247 247 247 247 247 247 247 247 247 247 248 248 234 228 213 183 183 147 146 142 140 134 117 117 107 106 107 107 107 101 101 98 97 96 94 93 80 80 88 91 91 92 92 96 96 95 94 95 97 97 108 109 116 121 120 118 118 107 105 106 108 108 107 107 121 126 132 142 142 157 157 195 214 225 248 248 247 247 247 247 247 247 247 247 247 247 247 247 247 247 247 247 247 247 247 247 247 247 247 247 247 247 
247 247 247 247 247 247 247 247 247 247 247 247 247 247 247 247 247 247 247 247 247 247 247 248 249 249 245 245 204 184 171 144 144 131 130 125 121 116 101 101 97 96 96 96 97 100 100 94 93 91 88 88 89 89 98 102 104 108 108 126 126 115 109 107 103 103 124 126 133 138 136 128 128 115 112 116 120 120 122 122 120 120 125 132 132 138 138 161 172 195 245 245 249 249 248 247 247 247 247 247 247 247 247 247 247 247 247 247 247 247 247 247 247 247 247 247 247 247 
247 247 247 247 247 247 247 247 247 247 247 247 247 247 247 247 247 247 247 247 247 247 247 248 249 249 245 245 204 184 171 144 144 131 130 125 121 116 101 101 97 96 96 96 97 100 100 94 93 91 88 88 89 89 98 102 104 108 108 126 126 115 109 107 103 103 124 126 133 138 136 128 128 115 112 116 120 120 122 122 120 120 125 132 132 138 138 161 172 195 245 245 249 249 248 247 247 247 247 247 247 247 247 247 247 247 247 247 247 247 247 247 247 247 247 247 247 247 
247 247 247 247 247 247 247 247 247 247 247 247 247 247 247 247 247 247 247 247 247 248 248 248 247 245 188 188 159 145 136 115 115 95 94 96 98 98 96 96 107 109 112 115 118 133 133 134 134 135 136 136 142 142 140 139 140 141 141 152 152 152 152 153 153 153 163 164 166 168 169 170 170 168 167 171 176 177 185 185 177 174 172 169 168 163 163 157 154 161 174 174 218 219 238 250 249 247 247 247 247 247 247 247 247 247 247 247 247 247 247 247 247 247 247 247 247 247 
247 247 247 247 247 247 247 247 247 247 247 247 247 247 247 247 247 247 247 247 247 248 248 248 247 244 183 183 155 142 133 113 113 92 91 94 96 96 96 96 108 110 114 117 120 136 136 138 138 139 140 141 147 147 143 142 143 144 144 154 154 155 156 157 158 158 166 167 169 171 172 174 174 172 172 176 181 182 190 190 182 179 176 172 172 165 165 157 153 158 168 168 215 217 237 250 249 247 247 247 247 247 247 247 247 247 247 247 247 247 247 247 247 247 247 247 247 247 
247 247 247 247 247 247 247 247 247 247 247 247 247 247 247 247 247 247 247 247 247 248 249 234 212 209 149 149 137 132 123 103 103 90 89 97 102 106 118 118 133 135 137 138 140 147 147 148 148 148 148 148 152 152 150 149 149 149 149 153 153 156 158 159 164 164 170 170 172 173 173 175 175 175 175 179 183 184 194 194 196 197 196 194 194 188 188 175 170 165 157 157 191 192 224 245 246 247 247 247 247 247 247 247 247 247 247 247 247 247 247 247 247 247 247 247 247 247 
247 247 247 247 247 247 247 247 247 247 247 247 247 247 247 247 247 247 247 248 248 250 250 224 184 182 123 123 124 124 115 96 96 88 88 100 108 114 135 135 153 155 155 155 155 156 156 156 156 155 154 154 156 156 155 155 154 153 153 153 153 157 159 162 169 169 173 173 174 175 175 176 176 178 178 181 184 186 197 197 208 211 211 212 212 206 206 190 183 172 148 148 172 173 214 242 243 248 248 247 247 247 247 247 247 247 247 247 247 247 247 247 247 247 247 247 247 247 
247 247 247 247 247 247 247 247 247 247 247 247 247 247 247 247 247 247 247 248 248 243 241 213 170 168 119 119 119 119 111 95 95 91 91 104 113 119 138 138 153 155 155 154 155 155 155 155 155 155 154 154 156 156 155 154 154 153 153 152 152 156 158 161 168 168 172 172 173 174 174 175 175 176 177 179 182 184 194 194 205 209 210 211 211 207 207 194 188 177 154 154 166 167 204 229 233 246 246 247 247 247 247 247 247 247 247 247 247 247 247 247 247 247 247 247 247 247 
247 247 247 247 247 247 247 247 247 247 247 247 247 247 247 247 247 247 247 251 251 216 205 170 117 116 102 102 101 101 97 89 89 102 103 121 133 137 151 151 155 155 154 153 153 152 152 153 153 154 155 155 155 155 154 153 153 152 152 151 151 153 154 157 163 163 168 168 170 171 171 172 172 172 172 174 176 177 184 184 195 199 203 209 209 212 212 210 209 199 178 178 143 142 164 179 194 241 241 247 248 247 247 247 247 247 247 247 247 247 247 247 247 247 247 247 247 247 
247 247 247 247 247 247 247 247 247 247 247 247 247 247 247 247 247 247 247 251 251 216 205 170 117 116 102 102 101 101 97 89 89 102 103 121 133 137 151 151 155 155 154 153 153 152 152 153 153 154 155 155 155 155 154 153 153 152 152 151 151 153 154 157 163 163 168 168 170 171 171 172 172 172 172 174 176 177 184 184 195 199 203 209 209 212 212 210 209 199 178 178 143 142 164 179 194 241 241 247 248 247 247 247 247 247 247 247 247 247 247 247 247 247 247 247 247 247 
247 247 247 247 247 247 247 247 247 247 247 247 247 247 247 247 248 249 247 237 237 169 148 132 108 108 98 98 100 101 98 92 92 112 113 127 137 139 147 147 149 149 149 150 150 150 150 150 150 152 153 153 154 154 154 154 154 154 154 153 153 155 156 158 163 163 164 164 166 168 168 170 170 171 171 173 174 175 182 182 189 190 195 201 201 208 208 210 210 205 195 195 151 149 150 150 165 213 213 246 250 249 247 247 247 247 247 247 247 247 247 247 247 247 247 247 247 247 
247 247 247 247 247 247 247 247 247 247 247 247 247 247 247 247 248 249 247 234 234 160 137 125 107 107 97 97 100 101 98 92 92 114 115 129 138 140 146 146 148 148 149 149 149 150 150 150 150 151 153 153 154 154 154 154 154 154 154 154 154 156 157 159 163 163 164 164 166 167 168 170 170 171 171 172 174 175 182 182 187 189 193 200 200 208 208 210 211 207 198 198 153 151 147 145 160 208 208 246 251 249 247 247 247 247 247 247 247 247 247 247 247 247 247 247 247 247 
247 247 247 247 247 247 247 247 247 247 247 247 247 247 247 247 248 250 246 217 217 145 122 114 102 102 99 99 97 96 95 92 92 112 113 127 136 138 143 143 144 144 145 146 146 147 147 149 149 150 152 153 154 154 155 155 155 154 154 155 155 157 158 160 163 163 164 164 167 169 170 173 173 173 173 175 176 177 182 182 187 188 192 197 197 204 204 206 208 205 199 199 160 159 151 146 158 194 194 241 248 247 247 247 247 247 247 247 247 247 247 247 247 247 247 247 247 247 
247 247 247 247 247 247 247 247 247 247 247 247 247 247 247 247 249 252 246 198 198 128 106 102 97 97 101 101 94 90 91 93 93 110 111 125 134 135 140 140 141 141 142 143 143 144 144 147 148 150 152 152 154 154 156 157 156 155 155 156 156 159 160 161 163 163 165 165 168 171 172 176 176 176 176 177 179 179 183 183 187 188 190 194 194 199 199 203 205 204 201 201 168 167 156 148 156 180 180 236 244 246 248 248 247 247 247 247 247 247 247 247 247 247 247 247 247 247 
247 247 247 247 247 247 247 247 247 247 247 247 247 247 247 247 249 252 245 192 192 125 104 101 97 97 102 102 95 91 92 93 93 109 110 124 133 134 139 139 140 140 141 142 142 143 143 146 147 149 151 152 154 154 156 157 157 155 155 156 156 159 160 161 163 163 165 165 169 171 173 177 177 177 177 178 179 180 184 184 187 189 191 194 194 198 198 202 204 203 201 201 168 167 157 150 156 178 178 233 240 245 248 248 247 247 247 247 247 247 247 247 247 247 247 247 247 247 
247 247 247 247 247 247 247 247 247 247 247 247 247 247 247 247 248 250 238 152 152 105 90 92 95 96 110 110 104 101 98 91 91 103 104 117 126 128 134 134 133 133 133 133 133 135 135 139 140 144 148 149 156 156 158 159 158 157 157 156 156 160 162 162 163 163 166 166 172 176 178 187 187 184 184 184 184 185 190 190 193 194 194 193 193 194 194 198 200 200 201 201 169 168 165 163 164 166 166 209 215 233 250 250 247 247 247 247 247 247 247 247 247 247 247 247 247 247 
247 247 247 247 247 247 247 247 247 247 247 247 247 247 247 247 248 250 238 152 152 105 90 92 95 96 110 110 104 101 98 91 91 103 104 117 126 128 134 134 133 133 133 133 133 135 135 139 140 144 148 149 156 156 158 159 158 157 157 156 156 160 162 162 163 163 166 166 172 176 178 187 187 184 184 184 184 185 190 190 193 194 194 193 193 194 194 198 200 200 201 201 169 168 165 163 164 166 166 209 215 233 250 250 247 247 247 247 247 247 247 247 247 247 247 247 247 247 
247 247 247 247 247 247 247 247 247 247 247 247 247 247 248 248 243 238 223 119 119 100 94 95 96 97 101 101 101 101 98 91 91 105 105 115 121 123 128 128 128 128 128 127 128 129 129 130 131 132 134 135 144 144 149 151 151 150 150 152 152 156 159 159 161 161 163 163 169 174 176 185 185 181 181 180 178 179 182 182 186 187 187 188 188 189 189 193 195 197 202 202 174 172 169 166 167 169 169 189 191 221 248 248 247 247 247 247 247 247 247 247 247 247 247 247 247 247 
247 247 247 247 247 247 247 247 247 247 247 247 247 247 249 249 242 234 219 108 108 98 95 96 97 97 99 99 100 101 98 91 91 105 106 114 120 122 127 127 127 127 126 126 126 127 127 128 128 129 130 131 141 141 147 149 149 148 148 151 151 155 158 159 161 161 162 162 169 174 176 184 184 181 180 179 177 177 180 180 184 185 185 186 186 187 187 192 194 197 202 202 175 174 170 167 168 170 170 182 184 217 248 248 247 247 247 247 247 247 247 247 247 247 247 247 247 247 
247 247 247 247 247 247 247 247 247 247 247 247 247 247 249 250 239 228 213 101 101 95 93 95 97 98 102 102 102 102 99 94 94 104 104 111 116 118 125 125 125 125 124 124 124 125 125 126 126 127 128 128 137 137 144 146 146 147 147 149 149 154 157 158 160 160 161 161 167 172 174 183 183 180 180 178 176 177 180 180 183 184 184 185 185 186 186 189 190 193 200 200 177 176 170 165 168 176 176 182 183 216 246 246 247 247 247 247 247 247 247 247 247 247 247 247 247 247 
247 247 247 247 247 247 247 247 247 247 247 247 247 247 250 251 236 220 204 90 90 91 91 94 98 98 106 106 104 103 101 98 98 102 102 107 111 114 122 122 122 122 121 121 121 123 123 123 123 123 124 125 132 132 139 142 143 145 145 146 146 152 155 156 159 159 161 161 166 170 172 181 181 179 179 178 176 176 179 179 182 183 183 183 183 184 184 185 185 189 198 198 181 180 170 163 168 184 184 181 181 213 243 244 248 248 247 247 247 247 247 247 247 247 247 247 247 247 
247 247 247 247 247 247 247 247 247 247 247 247 247 247 250 251 236 219 204 90 90 91 91 94 98 99 107 107 104 103 101 98 98 102 102 107 111 114 122 122 122 122 121 121 121 123 123 123 123 124 125 125 132 132 139 142 143 145 145 146 146 152 155 156 159 159 161 161 166 169 172 181 181 179 179 177 176 176 179 179 182 183 183 183 183 184 184 185 185 189 198 198 181 180 170 163 168 184 184 181 181 213 243 243 248 248 247 247 247 247 247 247 247 247 247 247 247 247 
247 247 247 247 247 247 247 247 247 247 247 247 247 247 251 252 229 205 192 93 93 91 91 97 107 108 121 121 107 101 100 98 98 107 107 111 114 114 115 115 119 120 123 125 125 127 127 132 133 135 138 138 143 143 148 150 151 152 152 154 154 157 159 160 161 161 161 161 162 162 164 173 173 174 174 175 176 176 178 178 183 184 185 186 186 186 186 185 185 187 192 192 186 186 178 173 174 178 178 170 169 203 234 236 249 249 247 247 247 247 247 247 247 247 247 247 247 247 
247 247 247 247 247 247 247 247 247 247 247 247 247 247 251 252 229 205 192 93 93 91 91 97 107 108 121 121 107 101 100 98 98 107 107 111 114 114 115 115 119 120 123 125 125 127 127 132 133 135 138 138 143 143 148 150 151 152 152 154 154 157 159 160 161 161 161 161 162 162 164 173 173 174 174 175 176 176 178 178 183 184 185 186 186 186 186 185 185 187 192 192 186 186 178 173 174 178 178 170 169 203 234 236 249 249 247 247 247 247 247 247 247 247 247 247 247 247 
247 247 247 247 247 247 247 247 247 247 247 247 247 247 252 253 223 191 179 91 91 93 93 103 117 117 124 124 111 105 103 101 101 113 113 116 119 118 116 116 117 118 121 124 126 132 132 137 138 141 144 144 148 148 152 153 154 156 156 158 158 162 164 164 163 163 163 163 163 162 164 170 170 173 174 175 177 178 181 181 186 187 188 190 190 186 186 185 183 186 190 190 192 192 184 179 178 175 175 171 170 198 224 228 250 250 247 247 247 247 247 247 247 247 247 247 247 247 
247 247 247 247 247 247 247 247 247 247 247 247 247 247 252 253 220 184 173 90 90 93 94 105 122 122 126 126 113 107 105 102 102 115 116 119 121 120 116 116 117 117 121 124 126 135 135 140 141 144 147 147 150 150 154 155 156 158 158 160 160 164 166 166 165 165 165 165 163 162 163 168 168 173 174 176 178 178 182 182 187 189 190 192 192 187 187 184 183 185 189 189 195 195 187 182 180 174 174 171 171 196 219 224 250 250 248 247 247 247 247 247 247 247 247 247 247 247 
247 247 247 247 247 247 247 247 247 247 247 247 247 247 252 253 219 182 171 93 93 94 95 105 120 120 123 123 112 107 106 103 103 117 117 120 122 121 118 118 117 118 121 124 125 135 135 140 141 143 146 147 150 150 152 153 155 157 157 160 160 163 166 165 165 165 165 165 163 161 163 167 167 173 175 176 177 178 181 181 186 188 189 190 190 187 187 185 184 185 188 188 194 194 189 186 184 178 178 174 173 195 215 220 250 250 247 247 247 247 247 247 247 247 247 247 247 247 
247 247 247 247 247 247 247 247 247 247 247 247 247 247 251 252 216 177 168 99 99 97 97 104 115 115 116 116 110 107 107 106 106 119 120 123 125 125 123 123 119 119 121 123 125 135 135 141 142 144 146 146 149 149 150 150 152 156 156 160 160 163 165 166 167 167 167 167 164 161 162 165 165 175 177 177 176 176 180 180 185 186 186 187 187 187 187 187 187 187 186 186 192 192 193 194 192 186 186 179 178 193 206 213 250 250 248 247 247 247 247 247 247 247 247 247 247 247 
247 247 247 247 247 247 247 247 247 247 247 247 247 247 251 252 216 177 168 99 99 97 97 104 115 115 116 116 110 107 107 106 106 119 120 123 125 125 123 123 119 119 121 123 125 135 135 141 142 144 146 146 149 149 150 150 152 156 156 160 160 163 165 166 167 167 167 167 164 161 162 165 165 175 177 177 176 176 180 180 185 186 186 187 187 187 187 187 187 187 186 186 192 192 193 194 192 186 186 179 178 193 206 213 250 250 248 247 247 247 247 247 247 247 247 247 247 247 
247 247 247 247 247 247 247 247 247 247 247 247 247 247 250 251 206 158 151 105 105 99 98 100 103 103 100 100 104 105 107 112 112 118 118 117 117 117 118 118 125 126 128 131 131 135 135 137 138 139 139 139 136 136 136 136 138 141 141 147 147 149 150 152 154 154 161 162 157 153 153 154 154 166 168 167 165 166 166 166 171 172 174 177 178 186 186 192 194 195 197 197 195 195 196 197 196 194 194 182 181 196 210 216 250 250 247 247 247 247 247 247 247 247 247 247 247 247 
247 247 247 247 247 247 247 247 247 247 247 247 247 247 250 251 206 157 151 105 105 100 98 100 103 103 100 100 103 105 107 112 112 118 118 117 117 117 118 118 125 126 129 131 132 135 135 137 138 138 139 139 136 136 135 135 137 141 141 147 147 149 150 151 154 154 161 162 157 153 153 154 154 166 168 167 165 165 166 166 171 172 174 177 177 186 186 192 195 196 198 198 195 195 196 197 197 195 195 183 181 196 210 216 250 250 248 247 247 247 247 247 247 247 247 247 247 247 
247 247 247 247 247 247 247 247 247 247 247 247 248 248 249 249 200 146 140 95 95 90 88 91 96 96 94 94 102 105 108 114 114 118 118 118 118 118 121 121 130 131 133 135 135 137 137 134 134 130 126 126 120 120 121 121 123 125 125 133 133 136 138 139 141 141 151 152 148 144 144 144 144 151 153 147 140 140 133 133 134 134 138 145 145 156 156 166 171 177 191 191 199 200 198 197 196 195 195 180 178 194 208 215 250 250 248 247 247 247 247 247 247 247 247 247 247 247 
247 247 247 247 247 247 247 247 247 247 247 247 248 248 248 248 196 139 133 88 88 83 82 86 91 91 90 90 101 106 109 115 115 119 119 118 118 119 124 124 134 135 137 138 138 138 138 132 131 125 118 117 110 110 111 112 113 115 115 123 123 127 130 131 133 133 145 146 142 139 139 137 137 142 143 134 124 123 112 112 110 109 115 123 124 137 137 149 155 165 187 187 202 203 199 197 197 195 195 178 176 192 207 214 250 250 248 247 247 247 247 247 247 247 247 247 247 247 
247 247 247 247 247 247 247 247 247 247 247 247 248 248 247 247 194 136 129 84 84 81 80 84 89 90 92 92 102 108 110 116 116 120 120 119 119 121 127 127 133 134 132 130 130 126 126 118 117 111 104 104 97 97 98 99 100 103 103 114 114 120 123 124 128 128 143 144 140 137 137 134 134 133 133 122 110 109 95 95 92 91 96 103 104 119 119 131 136 147 171 171 198 200 199 198 198 197 197 178 176 192 206 213 250 250 247 247 247 247 247 247 247 247 247 247 247 247 
247 247 247 247 247 247 247 247 247 247 247 247 248 248 245 245 188 126 120 73 73 73 73 78 85 85 97 97 108 113 115 120 120 122 122 123 123 126 136 136 132 132 118 106 103 88 88 74 71 67 61 61 58 58 57 57 61 67 67 85 85 95 101 104 113 113 136 138 135 133 131 124 124 105 101 85 68 65 40 40 35 33 36 41 42 61 61 73 78 91 119 119 187 190 198 203 203 203 203 179 176 191 204 211 250 250 248 247 247 247 247 247 247 247 247 247 247 247 
247 247 247 247 247 247 247 247 247 247 247 247 248 248 245 245 188 126 120 73 73 73 73 78 85 85 97 97 108 113 115 120 120 122 122 123 123 126 136 136 132 132 118 106 103 88 88 74 71 67 61 61 58 58 57 57 61 67 67 85 85 95 101 104 113 113 136 138 135 133 131 124 124 105 101 85 68 65 40 40 35 33 36 41 42 61 61 73 78 91 119 119 187 190 198 203 203 203 203 179 176 191 204 211 250 250 248 247 247 247 247 247 247 247 247 247 247 247 
247 247 247 247 247 247 247 247 247 247 247 247 248 248 245 244 185 121 115 64 64 72 74 78 85 86 106 106 113 117 119 122 122 123 123 123 124 123 120 120 90 86 69 53 51 42 42 40 39 39 38 38 35 35 36 36 39 44 44 55 55 66 73 81 103 103 133 135 140 143 139 119 119 85 79 74 69 68 62 62 64 64 70 78 79 95 95 101 103 101 97 97 140 142 177 201 203 210 210 180 176 189 200 208 250 250 247 247 247 247 247 247 247 247 247 247 247 247 
247 247 247 247 247 247 247 247 247 247 247 247 248 248 245 244 185 121 114 63 63 71 74 78 85 86 107 107 114 118 119 122 122 123 123 124 124 123 118 118 85 80 62 46 44 36 36 35 35 35 35 35 32 32 33 33 36 41 41 51 51 63 69 78 102 102 132 135 141 145 140 119 119 83 76 73 69 69 65 65 68 69 75 83 84 100 100 105 107 103 94 94 133 135 175 201 203 211 211 180 176 188 200 208 250 250 248 247 247 247 247 247 247 247 247 247 247 247 
247 247 247 247 247 247 247 247 247 247 247 247 250 250 246 245 186 122 116 68 68 71 72 76 81 82 108 108 117 121 121 123 123 122 122 121 121 114 93 93 65 61 56 52 52 54 54 58 59 60 61 60 51 51 49 49 52 57 57 56 56 64 68 78 101 101 137 140 148 154 148 123 123 88 81 78 75 73 61 61 58 57 60 66 66 82 82 92 96 100 106 106 132 133 166 188 194 213 213 180 175 187 199 207 250 250 248 248 248 247 247 247 247 247 247 247 247 247 
247 247 247 247 247 247 247 247 247 247 247 248 252 252 248 247 188 124 118 73 73 71 71 74 78 79 110 110 120 124 124 124 124 121 121 119 118 107 71 71 47 44 51 57 59 71 71 80 82 84 86 85 68 68 65 64 67 73 73 62 62 66 68 77 101 101 141 145 155 162 155 127 127 93 87 84 81 78 57 57 49 46 48 50 51 66 66 80 87 97 118 118 130 131 159 177 186 215 215 180 175 187 198 206 251 251 249 249 248 247 247 247 247 247 247 247 247 247 
247 247 247 247 247 247 247 247 247 247 247 247 247 247 243 242 186 125 119 74 74 71 70 73 78 80 111 111 120 125 125 124 124 121 121 117 113 103 70 70 50 48 52 57 58 65 65 71 73 75 77 77 66 66 62 61 64 71 71 61 61 65 68 78 103 103 143 147 156 164 156 128 128 93 86 82 78 75 57 57 49 47 48 50 51 67 67 78 83 91 108 108 128 129 156 175 184 214 214 180 175 184 192 200 243 243 246 247 247 247 247 247 247 247 247 247 247 247 
247 247 247 247 247 247 247 247 247 247 247 242 222 222 216 215 174 130 124 82 82 71 68 73 80 82 118 118 126 130 128 125 125 124 124 104 90 84 64 64 68 68 62 57 54 37 37 27 24 28 33 35 55 55 49 47 51 58 58 54 54 63 68 80 112 112 152 155 165 172 165 136 136 90 81 72 63 62 58 58 53 51 52 53 54 72 72 65 62 60 56 56 116 118 146 165 176 212 212 179 174 168 163 169 203 203 229 236 241 248 248 247 247 247 247 247 247 247 
247 247 247 247 247 247 247 247 247 247 247 242 222 222 216 215 174 130 124 82 82 71 68 73 80 82 118 118 126 130 128 125 125 124 124 104 90 84 64 64 68 68 62 57 54 37 37 27 24 28 33 35 55 55 49 47 51 58 58 54 54 63 68 80 112 112 152 155 165 172 165 136 136 90 81 72 63 62 58 58 53 51 52 53 54 72 72 65 62 60 56 56 116 118 146 165 176 212 212 179 174 168 163 169 203 203 229 236 241 248 248 247 247 247 247 247 247 247 
247 247 247 247 247 247 247 250 251 232 217 198 120 120 129 130 113 96 93 74 74 69 67 75 88 89 125 125 126 126 125 125 125 122 122 104 92 88 74 74 49 45 42 38 40 48 48 51 52 58 66 69 94 94 85 81 74 63 63 57 57 65 69 82 116 116 147 149 159 167 162 142 142 111 105 96 87 85 75 75 79 80 89 102 103 125 125 129 131 123 105 105 94 93 124 144 160 211 211 186 183 167 152 152 150 150 199 211 229 251 251 247 247 247 247 247 247 247 
247 247 247 247 247 247 247 252 252 228 210 187 95 95 107 109 98 87 85 72 72 68 67 76 90 91 127 127 126 125 125 125 125 121 121 104 93 89 76 76 44 40 37 34 37 51 51 57 59 66 75 77 104 104 94 90 81 64 64 58 58 65 69 82 117 117 146 148 158 166 162 144 144 116 111 102 93 91 79 79 86 88 99 115 116 138 138 145 148 138 118 118 88 87 118 139 156 211 211 188 185 167 150 148 137 137 191 205 226 252 252 247 247 247 247 247 247 247 
247 247 247 247 247 247 247 252 252 221 196 174 87 87 101 104 98 91 89 77 77 70 68 79 96 97 127 127 124 122 122 122 122 112 111 95 84 80 65 65 48 46 49 52 55 69 69 73 74 78 83 84 97 97 87 83 78 70 70 67 67 75 79 91 120 120 143 145 156 164 162 151 151 128 123 117 110 108 94 94 93 93 98 107 108 124 124 133 138 134 126 126 109 108 128 141 156 205 205 194 192 176 161 156 135 135 189 203 225 252 251 247 247 247 247 247 247 247 
247 247 247 247 247 247 247 253 253 212 179 159 77 77 95 98 98 97 95 84 84 73 69 83 103 104 128 128 122 119 119 118 118 100 99 83 73 68 51 51 54 54 65 76 78 91 91 93 93 93 94 94 88 88 79 75 76 78 78 80 80 88 92 101 125 125 141 142 154 163 162 160 160 142 139 135 131 129 113 113 102 99 98 97 97 107 107 119 125 129 136 136 135 135 140 144 157 197 197 201 202 187 174 167 133 133 187 201 223 252 252 247 247 247 247 247 247 247 
247 247 247 247 247 247 247 252 253 211 179 159 78 78 96 99 98 97 96 86 86 74 70 83 103 103 128 128 122 119 118 118 118 99 99 84 74 69 54 54 56 56 67 76 78 90 90 91 92 92 94 93 89 89 81 78 79 81 81 82 82 89 94 103 125 125 141 142 154 163 162 161 161 144 141 137 133 131 116 116 106 103 102 100 101 109 109 121 126 129 137 137 137 138 143 146 158 196 196 202 202 188 175 168 134 134 187 200 223 252 251 247 247 247 247 247 247 247 
247 247 247 247 247 247 247 253 253 212 180 163 95 95 111 114 109 103 104 112 112 88 81 87 97 98 126 126 123 121 118 113 113 97 96 88 82 83 85 85 86 86 83 81 80 76 76 78 79 84 91 92 101 101 110 113 114 117 117 104 104 110 113 119 134 134 145 146 154 160 162 172 172 164 162 161 159 159 157 157 152 150 147 142 142 140 140 139 139 143 151 151 168 169 171 173 177 191 191 204 206 194 182 176 142 142 184 195 220 252 252 247 247 247 247 247 247 247 
247 247 247 247 247 247 247 253 253 212 180 163 95 95 111 114 109 103 104 112 112 88 81 87 97 98 126 126 123 121 118 113 113 97 96 88 82 83 85 85 86 86 83 81 80 76 76 78 79 84 91 92 101 101 110 113 114 117 117 104 104 110 113 119 134 134 145 146 154 160 162 172 172 164 162 161 159 159 157 157 152 150 147 142 142 140 140 139 139 143 151 151 168 169 171 173 177 191 191 204 206 194 182 176 142 142 184 195 220 252 252 247 247 247 247 247 247 247 
247 247 247 247 247 247 247 252 253 209 175 160 100 100 117 120 118 117 116 111 111 96 91 95 100 101 126 126 122 120 119 116 116 110 110 109 108 109 114 114 111 110 110 109 109 109 109 115 116 118 119 119 121 121 123 124 122 116 116 112 112 119 124 128 138 138 151 152 158 162 165 178 178 172 171 167 163 163 163 163 158 157 156 155 155 156 156 153 152 154 159 159 179 180 185 189 190 191 191 200 201 192 183 178 148 148 181 189 217 252 251 247 247 247 247 247 247 247 
247 247 247 247 247 247 247 253 253 208 173 159 102 102 120 123 123 122 121 111 111 99 95 98 102 103 126 126 122 120 119 117 117 115 115 117 118 120 125 125 121 120 120 120 120 122 122 129 131 131 130 130 129 129 129 129 124 116 116 115 115 123 128 131 140 140 153 154 159 163 166 180 180 175 174 170 165 165 165 165 161 160 160 160 160 162 162 159 157 159 162 162 183 184 191 196 195 191 191 198 199 191 184 179 151 151 180 187 216 252 252 247 247 247 247 247 247 247 
247 247 247 247 247 247 247 252 253 211 178 164 105 105 120 123 120 116 114 97 97 100 100 105 111 111 124 124 121 120 119 119 119 117 117 122 125 127 133 133 129 129 129 130 130 130 130 134 136 133 131 130 129 129 129 129 124 115 115 113 113 121 126 130 142 142 153 154 159 162 165 178 178 176 175 167 158 158 152 152 156 157 160 163 163 165 165 163 162 163 166 166 183 184 192 198 197 196 196 192 191 183 176 173 156 156 186 194 219 252 251 247 247 247 247 247 247 247 
247 247 247 247 247 247 247 253 253 217 188 173 111 111 121 123 115 106 102 73 73 101 110 117 127 127 121 121 120 119 120 123 123 121 121 131 138 140 148 148 145 145 146 147 147 145 145 144 144 139 132 132 130 130 129 128 123 114 114 110 110 118 123 129 145 145 154 155 158 160 163 176 176 178 178 163 147 145 129 129 146 152 159 170 170 172 172 171 171 172 173 173 183 183 194 201 202 205 205 180 177 169 162 163 166 166 198 206 226 251 251 247 247 247 247 247 247 247 
247 247 247 247 247 247 247 253 253 217 188 173 111 111 121 123 115 106 102 73 73 101 110 117 127 127 121 121 120 119 120 123 123 121 121 131 138 140 148 148 145 145 146 147 147 145 145 144 144 139 132 132 130 130 129 128 123 114 114 110 110 118 123 129 145 145 154 155 158 160 163 176 176 178 178 163 147 145 129 129 146 152 159 170 170 172 172 171 171 172 173 173 183 183 194 201 202 205 205 180 177 169 162 163 166 166 198 206 226 251 251 247 247 247 247 247 247 247 
247 247 247 247 247 247 247 250 250 239 231 211 130 130 109 105 95 84 81 58 58 101 114 121 132 131 116 116 121 123 123 124 124 130 130 140 146 146 148 148 145 145 147 148 148 151 151 146 145 142 138 138 133 133 111 102 100 96 96 113 113 122 127 132 146 146 152 153 154 155 158 169 169 185 188 177 165 162 140 140 110 100 108 119 121 157 157 167 172 175 182 182 188 188 191 193 198 212 212 188 185 168 153 158 184 184 226 236 242 249 249 247 247 247 247 247 247 247 
247 247 247 247 247 247 247 250 250 239 231 211 130 130 109 105 95 84 81 58 58 101 114 121 132 131 116 116 121 123 123 124 124 130 130 140 146 146 148 148 145 145 147 148 148 151 151 146 145 142 138 138 133 133 111 102 100 96 96 113 113 122 127 132 146 146 152 153 154 155 158 169 169 185 188 177 165 162 140 140 110 100 108 119 121 157 157 167 172 175 182 182 188 188 191 193 198 212 212 188 185 168 153 158 184 184 226 236 242 249 249 247 247 247 247 247 247 247 
247 247 247 247 247 247 247 248 248 245 242 224 149 149 107 99 91 83 82 76 76 109 120 124 131 131 115 115 117 118 119 121 121 129 130 136 140 139 139 139 140 140 143 145 146 147 147 142 140 136 131 129 107 107 96 92 103 122 122 131 131 131 131 134 140 140 150 151 153 154 158 171 171 183 185 181 177 177 173 173 140 129 112 87 88 118 118 142 153 160 174 174 182 182 184 185 190 207 207 188 186 165 146 153 190 190 233 244 245 248 248 247 247 247 247 247 247 247 
247 247 247 247 247 247 247 247 247 248 249 231 159 159 106 96 90 83 83 86 86 114 123 126 131 130 115 115 115 115 117 120 120 130 130 134 136 136 134 134 138 138 141 144 144 145 145 139 138 133 127 124 92 92 88 86 104 137 137 142 142 137 134 135 137 137 149 150 152 154 158 173 173 181 183 183 184 185 192 192 157 146 115 69 70 96 96 128 143 152 170 170 179 179 180 181 187 204 204 188 186 163 142 150 194 194 237 248 248 247 247 247 247 247 247 247 247 247 
247 247 247 247 247 247 247 247 247 249 250 233 165 165 106 95 90 85 86 92 92 117 125 127 131 130 117 117 115 114 116 118 118 126 127 129 130 130 129 129 132 132 135 138 138 138 138 133 132 125 116 114 85 85 89 90 105 132 132 136 136 129 126 126 125 125 140 141 145 148 151 164 164 169 170 169 169 169 175 175 153 146 119 80 80 86 86 115 129 138 158 158 169 170 173 176 181 200 200 189 187 164 143 152 195 195 238 248 248 247 247 247 247 247 247 247 247 247 
247 247 247 247 247 247 247 247 247 250 253 238 179 179 108 94 92 90 92 107 107 124 130 130 131 131 121 121 116 113 114 115 115 119 119 117 116 116 115 115 117 117 120 122 122 122 122 119 118 105 89 87 67 67 92 102 109 121 121 119 119 111 106 103 96 96 116 118 126 132 134 142 142 139 138 134 129 129 132 132 143 146 131 109 107 60 60 82 93 105 129 129 146 147 156 162 169 190 190 191 191 168 147 155 198 198 240 250 249 247 247 247 247 247 247 247 247 247 
247 247 247 247 247 247 247 247 247 250 253 238 179 179 108 94 92 90 92 107 107 124 130 130 131 131 121 121 116 113 114 115 115 119 119 117 116 116 115 115 117 117 120 122 122 122 122 119 118 105 89 87 67 67 92 102 109 121 121 119 119 111 106 103 96 96 116 118 126 132 134 142 142 139 138 134 129 129 132 132 143 146 131 109 107 60 60 82 93 105 129 129 146 147 156 162 169 190 190 191 191 168 147 155 198 198 240 250 249 247 247 247 247 247 247 247 247 247 
247 247 247 247 247 247 247 247 247 250 252 242 200 200 121 106 103 99 100 111 111 122 126 128 131 130 123 123 119 118 117 115 115 106 106 100 96 96 98 98 101 101 103 105 105 105 105 92 88 76 60 61 75 75 79 81 75 65 65 57 57 54 52 54 57 57 80 82 93 102 105 117 117 111 109 104 98 101 123 123 140 145 143 139 137 81 81 65 58 70 96 96 126 128 140 148 155 176 176 186 187 176 165 172 207 207 241 250 249 247 247 247 247 247 247 247 247 247 
247 247 247 247 247 247 247 247 247 250 252 242 202 202 122 107 104 100 101 111 111 122 126 128 131 131 123 123 120 118 117 115 115 105 105 98 94 95 97 97 100 100 102 104 104 103 103 89 86 74 58 59 76 76 78 79 72 60 60 52 52 49 48 50 54 54 77 79 91 100 103 115 115 108 107 101 95 98 122 122 139 145 144 142 140 83 83 64 55 67 93 93 125 126 139 147 154 175 175 186 187 177 167 174 208 208 242 250 249 247 247 247 247 247 247 247 247 247 
247 247 247 247 247 247 247 247 247 249 250 244 219 219 133 117 113 108 108 113 113 118 120 123 129 128 123 123 120 119 117 112 112 96 95 91 87 88 90 90 91 91 93 94 93 89 89 71 67 64 61 63 78 78 79 79 72 61 61 51 51 48 46 46 46 46 64 66 78 87 91 109 109 119 121 122 123 124 135 135 143 146 146 145 143 106 106 75 60 64 73 73 109 111 128 140 146 166 166 181 183 181 180 186 218 218 243 249 248 247 247 247 247 247 247 247 247 247 
247 247 247 247 247 247 247 247 247 248 249 246 232 232 142 125 120 114 114 114 114 115 115 120 127 127 124 124 121 120 117 110 110 89 88 84 82 82 84 84 85 85 86 86 85 78 78 57 52 57 64 65 80 80 79 79 73 62 62 50 50 47 45 44 40 40 55 56 68 77 82 104 104 128 132 138 145 145 146 146 147 147 147 147 146 124 124 84 65 62 57 57 97 99 120 134 140 160 160 178 180 185 190 196 226 226 244 249 248 247 247 247 247 247 247 247 247 247 
247 247 247 247 247 247 247 247 247 248 248 246 236 236 153 137 128 118 118 118 118 117 116 121 129 128 123 123 121 120 117 110 110 87 86 83 80 81 82 82 82 82 82 83 81 73 73 57 53 59 67 68 81 81 81 80 76 67 67 56 56 53 52 51 49 49 63 65 75 83 87 106 106 128 133 139 146 146 147 147 147 147 147 146 145 127 127 91 74 69 58 58 93 94 118 133 139 158 158 177 179 186 192 198 229 229 245 249 248 247 247 247 247 247 247 247 247 247 
247 247 247 247 247 247 247 247 247 247 247 248 251 251 198 188 163 135 135 134 134 124 121 127 136 135 122 122 122 122 118 110 110 82 81 76 73 74 76 76 72 71 70 69 66 53 53 58 59 67 78 79 85 85 86 87 86 85 85 81 81 80 80 81 84 84 98 99 103 106 107 113 113 132 136 142 149 149 149 149 147 147 145 142 142 138 138 119 110 94 60 60 74 75 109 132 137 153 153 172 175 189 201 208 243 243 247 248 248 247 247 247 247 247 247 247 247 247 
247 247 247 247 247 247 247 247 247 247 247 248 251 251 198 188 163 135 135 134 134 124 121 127 136 135 122 122 122 122 118 110 110 82 81 76 73 74 76 76 72 71 70 69 66 53 53 58 59 67 78 79 85 85 86 87 86 85 85 81 81 80 80 81 84 84 98 99 103 106 107 113 113 132 136 142 149 149 149 149 147 147 145 142 142 138 138 119 110 94 60 60 74 75 109 132 137 153 153 172 175 189 201 208 243 243 247 248 248 247 247 247 247 247 247 247 247 247 
247 247 247 247 247 247 247 247 247 247 247 247 249 249 231 228 187 142 140 118 118 166 181 177 171 169 118 118 122 124 119 109 109 86 85 76 70 72 75 75 71 70 66 63 63 60 60 67 68 73 79 80 88 88 92 94 95 97 97 97 97 99 100 101 104 104 117 118 120 122 123 127 127 137 139 141 143 143 140 140 140 140 140 139 139 139 139 130 126 113 87 87 81 81 111 131 137 156 156 163 164 172 180 190 242 242 247 248 247 247 247 247 247 247 247 247 247 247 
247 247 247 247 247 247 247 247 247 247 247 247 249 249 238 236 192 144 141 115 115 174 193 187 178 176 117 117 122 124 119 109 109 87 86 76 70 71 75 75 71 70 66 62 62 62 62 68 70 74 80 81 89 89 93 95 96 99 99 100 100 103 104 105 108 108 121 122 124 125 126 130 130 138 140 141 142 142 138 138 139 139 139 139 139 139 139 132 129 117 92 92 82 82 111 131 137 157 157 161 162 169 176 187 242 242 247 248 248 247 247 247 247 247 247 247 247 247 
247 247 247 247 247 247 247 247 247 247 247 247 248 248 243 242 206 168 166 148 148 204 221 208 188 185 115 115 119 121 117 108 108 90 90 78 70 72 76 76 74 74 68 63 64 67 67 72 73 77 81 81 85 85 86 86 86 86 86 85 85 86 86 87 89 89 102 103 108 112 113 116 116 122 124 125 126 125 120 120 105 100 100 99 100 119 119 119 120 112 97 97 96 96 118 132 140 165 165 193 196 198 199 206 244 244 247 247 247 247 247 247 247 247 247 247 247 247 
247 247 247 247 247 247 247 247 247 247 247 247 247 247 248 248 222 194 193 184 184 236 252 231 199 196 112 112 116 118 114 107 107 95 94 80 70 72 78 78 79 79 72 65 66 72 72 76 77 79 82 82 81 81 77 76 75 73 73 69 69 68 67 68 69 69 81 82 90 97 98 102 102 105 106 107 109 108 101 101 68 58 57 56 58 97 97 106 110 108 103 103 112 112 125 133 143 174 174 227 234 229 224 228 247 247 247 247 247 247 247 247 247 247 247 247 247 247 
247 247 247 247 247 247 247 247 247 247 247 247 247 247 248 248 225 201 200 192 192 237 252 232 202 198 113 113 116 117 114 106 106 95 95 80 70 72 78 78 80 81 73 66 67 71 71 74 74 75 77 76 74 74 72 72 72 71 71 68 68 67 67 68 70 70 81 82 91 98 100 106 106 111 112 113 115 114 109 109 71 59 55 50 52 91 91 104 110 108 104 104 114 115 126 133 144 176 176 229 236 231 227 230 247 247 247 247 247 247 247 247 247 247 247 247 247 247 
247 247 247 247 247 247 247 247 247 247 247 247 247 247 247 247 248 250 250 251 251 251 251 239 222 218 121 121 116 114 111 104 104 101 101 84 73 74 76 76 92 94 85 77 76 68 68 57 54 47 38 37 27 27 36 40 48 62 62 61 61 64 65 70 83 83 84 84 98 109 115 139 139 152 154 157 160 161 165 165 88 64 42 8 10 46 46 90 111 111 111 111 136 137 136 136 150 194 194 245 252 251 250 250 247 247 247 247 247 247 247 247 247 247 247 247 247 247 
247 247 247 247 247 247 247 247 247 247 247 247 247 247 247 247 248 250 250 251 251 251 251 239 222 218 121 121 116 114 111 104 104 101 101 84 73 74 76 76 92 94 85 77 76 68 68 57 54 47 38 37 27 27 36 40 48 62 62 61 61 64 65 70 83 83 84 84 98 109 115 139 139 152 154 157 160 161 165 165 88 64 42 8 10 46 46 90 111 111 111 111 136 137 136 136 150 194 194 245 252 251 250 250 247 247 247 247 247 247 247 247 247 247 247 247 247 247 
247 247 247 247 247 247 247 247 247 247 247 247 247 247 247 247 247 248 248 248 248 248 249 245 240 236 144 144 122 112 108 101 101 104 104 93 86 82 71 71 94 97 93 90 87 70 70 37 29 22 14 15 37 37 64 75 88 110 110 116 116 122 126 133 152 152 155 155 161 165 170 188 188 186 186 188 191 191 189 189 112 87 67 37 40 98 98 115 123 122 120 120 141 141 140 140 157 211 211 246 250 249 248 247 247 247 247 247 247 247 247 247 247 247 247 247 247 247 
247 247 247 247 247 247 247 247 247 247 247 247 247 247 247 247 247 247 247 247 247 248 248 247 246 242 151 151 124 111 108 101 101 105 105 96 90 85 69 69 95 98 96 94 90 71 71 31 21 14 6 9 40 40 73 86 100 126 126 134 134 141 145 153 174 174 178 178 181 183 187 204 204 197 196 198 201 201 197 197 120 95 76 47 50 115 115 123 127 126 123 123 142 143 142 141 159 217 217 246 250 248 247 247 247 247 247 247 247 247 247 247 247 247 247 247 247 247 
247 247 247 247 247 247 247 247 247 247 247 247 247 247 247 247 247 247 247 247 247 247 248 248 248 245 170 170 130 111 108 101 101 100 101 99 98 91 69 69 92 95 97 99 95 77 77 47 40 30 16 19 48 48 84 97 110 133 133 142 142 149 153 160 176 176 185 186 186 187 190 202 202 196 195 195 195 193 180 180 117 97 89 77 79 131 131 127 126 126 128 128 140 140 144 146 165 224 224 246 250 248 247 247 247 247 247 247 247 247 247 247 247 247 247 247 247 247 
247 247 247 247 247 247 247 247 247 247 247 247 247 247 247 247 247 247 247 247 247 247 247 249 252 250 198 198 140 112 108 101 101 94 94 104 110 100 70 70 88 90 98 106 103 86 86 72 69 53 32 34 61 61 100 115 125 144 144 154 154 162 166 170 179 179 196 197 194 192 194 200 200 194 193 190 187 183 154 154 114 101 110 123 124 156 156 134 124 128 135 135 136 136 147 154 173 235 235 247 249 248 247 247 247 247 247 247 247 247 247 247 247 247 247 247 247 247 
247 247 247 247 247 247 247 247 247 247 247 247 247 247 247 247 247 247 247 247 247 247 247 249 252 250 200 200 141 113 109 101 101 94 94 103 110 100 70 70 87 89 98 106 103 86 86 73 70 55 34 36 61 61 98 113 123 141 141 151 151 158 163 167 176 176 193 194 192 190 191 197 197 191 190 188 185 181 153 153 114 102 111 124 126 156 156 134 124 127 135 135 136 136 147 155 174 235 235 247 249 248 247 247 247 247 247 247 247 247 247 247 247 247 247 247 247 247 
247 247 247 247 247 247 247 247 247 247 247 247 247 247 247 247 247 247 247 247 247 247 247 248 249 249 238 238 169 136 124 100 100 88 88 99 106 101 87 87 76 75 95 113 109 89 89 103 107 101 94 92 67 67 67 67 74 86 86 83 83 87 89 96 114 114 133 135 138 141 139 133 133 126 125 129 133 132 126 126 135 138 146 158 158 158 158 136 125 129 138 138 132 132 160 178 195 247 247 247 247 247 247 247 247 247 247 247 247 247 247 247 247 247 247 247 247 247 
247 247 247 247 247 247 247 247 247 247 247 247 247 247 247 247 247 247 247 247 247 247 247 248 249 249 238 238 169 136 124 100 100 88 88 99 106 101 87 87 76 75 95 113 109 89 89 103 107 101 94 92 67 67 67 67 74 86 86 83 83 87 89 96 114 114 133 135 138 141 139 133 133 126 125 129 133 132 126 126 135 138 146 158 158 158 158 136 125 129 138 138 132 132 160 178 195 247 247 247 247 247 247 247 247 247 247 247 247 247 247 247 247 247 247 247 247 247 
247 247 247 247 247 247 247 247 247 247 247 247 247 247 247 247 247 247 247 247 247 247 247 247 248 247 247 247 197 174 150 98 98 88 88 92 94 94 94 94 71 68 88 106 104 95 95 104 106 106 105 103 85 85 81 79 81 84 84 88 88 95 100 104 117 117 124 125 126 127 128 132 132 144 147 148 150 149 144 144 152 154 158 163 163 157 157 139 130 133 138 138 137 137 176 202 213 249 249 247 247 247 247 247 247 247 247 247 247 247 247 247 247 247 247 247 247 247 
247 247 247 247 247 247 247 247 247 247 247 247 247 247 247 247 247 247 247 247 247 247 247 247 247 247 252 252 211 192 162 97 97 88 88 89 89 91 98 98 69 65 85 103 102 98 98 104 106 108 110 109 94 94 88 85 84 83 83 90 90 100 105 109 118 118 120 120 121 121 123 132 132 153 157 157 158 157 152 152 160 162 164 166 166 156 156 140 133 135 138 138 139 139 184 214 223 250 250 247 247 247 247 247 247 247 247 247 247 247 247 247 247 247 247 247 247 247 
247 247 247 247 247 247 247 247 247 247 247 247 247 247 247 247 247 247 247 247 247 247 247 247 247 247 251 251 222 208 176 108 108 87 87 87 87 89 96 96 71 68 83 97 98 102 102 103 103 107 111 110 98 98 91 89 88 86 86 89 89 98 103 106 116 116 119 119 120 121 123 132 132 149 153 154 156 155 155 155 162 165 165 166 165 153 153 142 136 137 137 137 148 148 193 224 230 249 249 247 247 247 247 247 247 247 247 247 247 247 247 247 247 247 247 247 247 247 
247 247 247 247 247 247 247 247 247 247 247 247 247 247 247 247 247 247 247 247 247 247 247 247 247 247 249 249 245 243 208 133 133 86 84 83 83 85 93 93 77 75 80 85 89 110 110 100 97 104 113 113 107 107 100 97 95 92 92 89 89 95 98 102 111 111 117 118 119 120 122 131 131 142 144 147 151 152 162 162 169 171 169 166 165 146 146 145 144 141 136 136 167 168 214 244 245 248 248 247 247 247 247 247 247 247 247 247 247 247 247 247 247 247 247 247 247 247 
247 247 247 247 247 247 247 247 247 247 247 247 247 247 247 247 247 247 247 247 247 247 247 247 247 247 249 249 245 243 208 133 133 86 84 83 83 85 93 93 77 75 80 85 89 110 110 100 97 104 113 113 107 107 100 97 95 92 92 89 89 95 98 102 111 111 117 118 119 120 122 131 131 142 144 147 151 152 162 162 169 171 169 166 165 146 146 145 144 141 136 136 167 168 214 244 245 248 248 247 247 247 247 247 247 247 247 247 247 247 247 247 247 247 247 247 247 247 
247 247 247 247 247 247 247 247 247 247 247 247 247 247 247 247 247 247 247 247 247 247 247 247 247 247 247 247 250 251 237 207 207 101 96 87 81 81 83 83 86 87 79 72 79 112 112 94 90 96 103 104 113 113 107 105 102 97 97 88 88 85 82 84 88 88 99 100 106 109 110 114 114 128 131 139 149 151 166 166 168 168 164 158 158 148 148 148 148 147 146 146 217 220 238 250 249 247 247 247 247 247 247 247 247 247 247 247 247 247 247 247 247 247 247 247 247 247 
247 247 247 247 247 247 247 247 247 247 247 247 247 247 247 247 247 247 247 247 247 247 247 247 247 247 247 247 250 252 239 210 210 102 97 87 81 81 83 83 87 87 79 72 78 112 112 94 90 96 103 104 113 113 107 105 102 97 97 88 88 84 82 83 87 87 99 100 105 109 110 114 114 127 130 139 149 151 166 166 168 168 164 158 158 148 148 148 148 148 147 147 219 222 239 250 249 247 247 247 247 247 247 247 247 247 247 247 247 247 247 247 247 247 247 247 247 247 
247 247 247 247 247 247 247 247 247 247 247 247 247 247 247 247 247 247 247 247 247 247 247 247 247 247 247 247 248 249 244 235 235 146 143 106 81 81 81 81 86 87 79 73 77 102 102 100 99 98 96 97 110 110 109 108 106 102 102 93 93 87 84 84 86 86 93 94 100 104 106 113 113 129 132 141 151 153 166 166 165 165 162 157 157 153 153 150 148 158 178 178 236 239 244 248 248 247 247 247 247 247 247 247 247 247 247 247 247 247 247 247 247 247 247 247 247 247 
247 247 247 247 247 247 247 247 247 247 247 247 247 247 247 247 247 247 247 247 247 247 247 247 247 247 247 247 247 247 249 252 252 176 173 118 82 82 80 80 86 87 80 73 77 95 95 103 105 99 91 92 109 109 110 110 108 105 105 96 96 89 85 85 85 85 90 90 96 101 103 113 113 130 133 143 153 155 166 166 164 163 161 157 157 157 157 151 148 164 199 199 248 250 248 247 247 247 247 247 247 247 247 247 247 247 247 247 247 247 247 247 247 247 247 247 247 247 
247 247 247 247 247 247 247 247 247 247 247 247 247 247 247 247 247 247 247 247 247 247 247 247 247 247 247 247 247 247 248 251 251 192 190 133 95 91 79 79 85 85 80 75 78 90 90 103 107 100 92 93 107 107 108 109 107 105 105 97 97 93 90 90 90 90 94 94 100 104 107 117 117 133 136 144 154 155 166 166 164 163 161 158 158 158 158 156 155 172 210 210 248 249 248 247 247 247 247 247 247 247 247 247 247 247 247 247 247 247 247 247 247 247 247 247 247 247 
247 247 247 247 247 247 247 247 247 247 247 247 247 247 247 247 247 247 247 247 247 247 247 247 247 247 247 247 247 247 248 249 249 244 244 179 136 121 75 75 80 81 83 84 83 75 75 105 113 105 94 95 101 101 105 106 105 104 104 103 103 104 105 105 106 106 108 108 112 115 118 131 131 142 144 151 158 159 166 166 164 164 164 163 163 161 161 171 176 198 244 244 248 248 247 247 247 247 247 247 247 247 247 247 247 247 247 247 247 247 247 247 247 247 247 247 247 247 
247 247 247 247 247 247 247 247 247 247 247 247 247 247 247 247 247 247 247 247 247 247 247 247 247 247 247 247 247 247 248 249 249 244 244 179 136 121 75 75 80 81 83 84 83 75 75 105 113 105 94 95 101 101 105 106 105 104 104 103 103 104 105 105 106 106 108 108 112 115 118 131 131 142 144 151 158 159 166 166 164 164 164 163 163 161 161 171 176 198 244 244 248 248 247 247 247 247 247 247 247 247 247 247 247 247 247 247 247 247 247 247 247 247 247 247 247 247 
247 247 247 247 247 247 247 247 247 247 247 247 247 247 247 247 247 247 247 247 247 247 247 247 247 247 247 247 247 247 247 247 247 250 250 230 217 189 102 102 78 75 81 87 85 75 75 90 94 101 111 110 101 101 104 105 105 104 104 103 103 107 109 111 115 115 120 121 126 131 133 142 142 148 149 153 158 158 161 161 162 162 164 167 167 169 169 202 218 228 249 249 247 247 247 247 247 247 247 247 247 247 247 247 247 247 247 247 247 247 247 247 247 247 247 247 247 247 
247 247 247 247 247 247 247 247 247 247 247 247 247 247 247 247 247 247 247 247 247 247 247 247 247 247 247 247 247 247 247 247 247 251 251 237 228 199 106 106 78 74 81 88 86 75 75 88 91 101 113 112 101 101 104 105 105 104 104 103 103 107 110 112 116 116 122 123 129 133 135 144 144 149 150 154 158 158 160 160 162 162 164 168 168 170 170 207 224 232 250 250 247 247 247 247 247 247 247 247 247 247 247 247 247 247 247 247 247 247 247 247 247 247 247 247 247 247 
247 247 247 247 247 247 247 247 247 247 247 247 247 247 247 247 247 247 247 247 247 247 247 247 247 247 247 247 247 247 247 247 247 249 249 244 241 221 157 157 90 81 82 84 83 79 79 82 83 96 111 111 105 105 107 107 107 106 106 106 106 111 114 115 119 119 125 126 130 134 136 144 144 151 152 156 159 159 157 157 162 164 166 170 171 187 187 221 237 241 248 248 247 247 247 247 247 247 247 247 247 247 247 247 247 247 247 247 247 247 247 247 247 247 247 247 247 247 
247 247 247 247 247 247 247 247 247 247 247 247 247 247 247 247 247 247 247 247 247 247 247 247 247 247 247 247 247 247 247 247 247 247 247 251 253 241 204 204 101 87 83 80 80 83 83 77 76 91 110 110 110 110 110 110 110 109 109 110 110 114 117 119 123 123 128 128 132 136 138 144 144 153 155 158 161 160 154 154 162 165 168 173 174 202 202 234 249 248 247 247 247 247 247 247 247 247 247 247 247 247 247 247 247 247 247 247 247 247 247 247 247 247 247 247 247 247 
247 247 247 247 247 247 247 247 247 247 247 247 247 247 247 247 247 247 247 247 247 247 247 247 247 247 247 247 247 247 247 247 247 247 247 250 252 242 212 212 115 101 90 79 80 82 82 77 76 89 107 107 110 110 110 111 111 111 111 111 111 115 117 118 122 122 127 127 131 134 136 143 143 152 154 157 160 159 154 154 163 166 169 175 176 207 207 235 249 248 247 247 247 247 247 247 247 247 247 247 247 247 247 247 247 247 247 247 247 247 247 247 247 247 247 247 247 247 
247 247 247 247 247 247 247 247 247 247 247 247 247 247 247 247 247 247 247 247 247 247 247 247 247 247 247 247 247 247 247 247 247 247 247 247 247 248 253 253 186 177 125 77 77 79 79 75 74 81 89 91 109 109 113 115 118 122 122 115 115 116 116 117 119 119 122 122 125 127 129 137 137 145 147 151 156 156 156 156 167 170 175 183 185 235 235 245 249 248 247 247 247 247 247 247 247 247 247 247 247 247 247 247 247 247 247 247 247 247 247 247 247 247 247 247 247 247 
247 247 247 247 247 247 247 247 247 247 247 247 247 247 247 247 247 247 247 247 247 247 247 247 247 247 247 247 247 247 247 247 247 247 247 247 247 248 253 253 186 177 125 77 77 79 79 75 74 81 89 91 109 109 113 115 118 122 122 115 115 116 116 117 119 119 122 122 125 127 129 137 137 145 147 151 156 156 156 156 167 170 175 183 185 235 235 245 249 248 247 247 247 247 247 247 247 247 247 247 247 247 247 247 247 247 247 247 247 247 247 247 247 247 247 247 247 247 
247 247 247 247 247 247 247 247 247 247 247 247 247 247 247 247 247 247 247 247 247 247 247 247 247 247 247 247 247 247 247 247 247 247 247 247 247 247 249 249 237 235 189 146 134 72 72 70 69 72 75 77 93 93 99 101 105 111 111 117 117 118 119 119 121 121 122 122 123 124 126 135 135 140 140 145 150 151 155 155 160 162 179 205 207 247 247 247 247 247 247 247 247 247 247 247 247 247 247 247 247 247 247 247 247 247 247 247 247 247 247 247 247 247 247 247 247 247 
247 247 247 247 247 247 247 247 247 247 247 247 247 247 247 247 247 247 247 247 247 247 247 247 247 247 247 247 247 247 247 247 247 247 247 247 247 247 248 248 250 250 205 164 149 70 70 68 68 70 72 73 89 89 95 98 102 109 109 118 118 119 120 120 121 121 122 122 123 123 125 135 135 138 139 144 149 150 155 155 159 160 180 211 213 250 250 248 247 247 247 247 247 247 247 247 247 247 247 247 247 247 247 247 247 247 247 247 247 247 247 247 247 247 247 247 247 247 
247 247 247 247 247 247 247 247 247 247 247 247 247 247 247 247 247 247 247 247 247 247 247 247 247 247 247 247 247 247 247 247 247 247 247 247 247 247 247 247 249 250 224 201 187 110 110 79 71 69 65 66 78 78 85 87 91 98 98 108 108 112 114 115 119 119 121 121 121 121 122 129 129 132 133 136 139 139 141 141 157 163 188 226 227 249 249 248 247 247 247 247 247 247 247 247 247 247 247 247 247 247 247 247 247 247 247 247 247 247 247 247 247 247 247 247 247 247 
247 247 247 247 247 247 247 247 247 247 247 247 247 247 247 247 247 247 247 247 247 247 247 247 247 247 247 247 247 247 247 247 247 247 247 247 247 247 247 247 249 249 249 249 235 161 161 93 76 68 57 58 64 64 71 74 78 85 85 96 96 103 107 110 116 116 121 121 119 118 119 122 122 125 125 126 127 127 123 123 156 166 198 245 245 248 248 247 247 247 247 247 247 247 247 247 247 247 247 247 247 247 247 247 247 247 247 247 247 247 247 247 247 247 247 247 247 247 
247 247 247 247 247 247 247 247 247 247 247 247 247 247 247 247 247 247 247 247 247 247 247 247 247 247 247 247 247 247 247 247 247 247 247 247 247 247 247 247 249 249 249 249 236 168 168 103 87 76 63 63 65 65 70 73 76 82 82 93 93 100 104 107 113 113 118 119 117 116 117 119 119 122 122 123 124 124 125 125 160 171 201 245 245 248 248 247 247 247 247 247 247 247 247 247 247 247 247 247 247 247 247 247 247 247 247 247 247 247 247 247 247 247 247 247 247 247 
247 247 247 247 247 247 247 247 247 247 247 247 247 247 247 247 247 247 247 247 247 247 247 247 247 247 247 247 247 247 247 247 247 247 247 247 247 247 247 247 247 247 248 248 248 250 250 220 213 180 138 133 76 76 63 58 57 56 56 63 63 69 73 77 86 86 92 93 92 91 91 93 93 92 92 93 95 101 145 145 213 234 240 250 250 247 247 247 247 247 247 247 247 247 247 247 247 247 247 247 247 247 247 247 247 247 247 247 247 247 247 247 247 247 247 247 247 247 
247 247 247 247 247 247 247 247 247 247 247 247 247 247 247 247 247 247 247 247 247 247 247 247 247 247 247 247 247 247 247 247 247 247 247 247 247 247 247 247 247 247 248 248 248 250 250 220 213 180 138 133 76 76 63 58 57 56 56 63 63 69 73 77 86 86 92 93 92 91 91 93 93 92 92 93 95 101 145 145 213 234 240 250 250 247 247 247 247 247 247 247 247 247 247 247 247 247 247 247 247 247 247 247 247 247 247 247 247 247 247 247 247 247 247 247 247 247 
247 247 247 247 247 247 247 247 247 247 247 247 247 247 247 247 247 247 247 247 247 247 247 247 247 247 247 247 247 247 247 247 247 247 247 247 247 247 247 247 247 247 247 247 247 248 248 242 241 231 219 217 187 187 167 159 147 126 126 89 89 74 66 65 64 64 70 71 71 71 72 79 79 103 107 132 158 165 215 215 238 245 246 248 248 247 247 247 247 247 247 247 247 247 247 247 247 247 247 247 247 247 247 247 247 247 247 247 247 247 247 247 247 247 247 247 247 247 
247 247 247 247 247 247 247 247 247 247 247 247 247 247 247 247 247 247 247 247 247 247 247 247 247 247 247 247 247 247 247 247 247 247 247 247 247 247 247 247 247 247 247 247 247 247 247 251 252 252 251 249 230 230 207 198 182 154 154 99 99 76 63 61 56 56 62 62 63 63 65 74 74 107 113 147 183 190 242 242 248 250 249 247 247 247 247 247 247 247 247 247 247 247 247 247 247 247 247 247 247 247 247 247 247 247 247 247 247 247 247 247 247 247 247 247 247 247 
247 247 247 247 247 247 247 247 247 247 247 247 247 247 247 247 247 247 247 247 247 247 247 247 247 247 247 247 247 247 247 247 247 247 247 247 247 247 247 247 247 247 247 247 247 247 247 249 250 250 249 248 237 237 223 218 208 190 190 151 151 131 120 117 109 109 110 110 112 113 116 127 127 155 160 183 208 212 244 244 248 249 248 247 247 247 247 247 247 247 247 247 247 247 247 247 247 247 247 247 247 247 247 247 247 247 247 247 247 247 247 247 247 247 247 247 247 247 
247 247 247 247 247 247 247 247 247 247 247 247 247 247 247 247 247 247 247 247 247 247 247 247 247 247 247 247 247 247 247 247 247 247 247 247 247 247 247 247 247 247 247 247 247 247 247 247 247 247 247 247 250 250 252 253 253 254 254 245 245 230 221 216 203 203 197 197 200 202 206 221 221 241 245 248 252 252 248 248 247 247 247 247 247 247 247 247 247 247 247 247 247 247 247 247 247 247 247 247 247 247 247 247 247 247 247 247 247 247 247 247 247 247 247 247 247 247 
247 247 247 247 247 247 247 247 247 247 247 247 247 247 247 247 247 247 247 247 247 247 247 247 247 247 247 247 247 247 247 247 247 247 247 247 247 247 247 247 247 247 247 247 247 247 247 247 247 247 247 247 250 250 252 253 253 254 254 245 245 230 221 216 203 203 197 197 200 202 206 221 221 241 245 248 252 252 248 248 247 247 247 247 247 247 247 247 247 247 247 247 247 247 247 247 247 247 247 247 247 247 247 247 247 247 247 247 247 247 247 247 247 247 247 247 247 247 
