247 247 247 247 247 247 247 247 247 247 248 231 183 147 126 122 116 113 98 88 83 87 94 94 101 109 106 116 136 154 203 245 247 247 247 247 247 247 247 247 247 247 
247 247 247 247 247 247 247 247 247 248 224 172 142 126 108 106 101 96 87 88 93 97 96 104 118 119 106 108 116 135 152 210 248 247 247 247 247 247 247 247 247 247 
247 247 247 247 247 247 247 247 248 223 165 125 110 103 102 106 117 114 115 120 125 138 131 137 151 151 142 151 152 150 151 166 214 240 248 247 247 247 247 247 247 247 
247 247 247 247 247 247 247 248 224 159 129 99 95 113 134 141 149 149 151 151 150 154 160 168 173 175 177 186 197 198 193 172 163 211 246 247 247 247 247 247 247 247 
247 247 247 247 247 247 248 234 164 112 104 93 111 139 153 154 153 154 155 154 152 152 158 167 171 173 174 180 193 206 211 202 166 166 220 246 247 247 247 247 247 247 
247 247 247 247 247 247 244 189 118 100 99 97 123 142 147 148 149 151 154 154 154 155 159 164 166 170 172 177 185 195 205 209 187 150 180 238 247 247 247 247 247 247 
247 247 247 247 247 248 233 148 98 102 94 96 118 135 139 140 142 148 153 157 156 157 161 164 170 178 179 182 187 192 197 203 193 161 166 219 247 247 247 247 247 247 
247 247 247 247 247 247 212 115 94 103 101 94 112 128 131 130 132 137 145 153 153 155 161 163 171 184 182 182 188 190 191 197 194 168 166 192 243 247 247 247 247 247 
247 247 247 247 247 247 190 95 96 102 102 97 108 120 124 123 125 126 131 142 146 149 157 161 168 180 179 177 181 184 185 189 194 172 172 181 238 247 247 247 247 247 
247 247 247 247 247 246 176 92 99 114 102 100 109 115 119 124 127 132 138 146 150 153 159 161 163 173 175 177 181 185 185 186 191 179 176 174 229 248 247 247 247 247 
247 247 247 247 247 244 159 92 110 124 108 105 118 118 117 124 136 143 148 153 157 160 165 165 163 167 174 179 185 190 188 184 190 189 178 172 215 249 247 247 247 247 
247 247 247 247 247 242 152 99 106 112 107 110 121 122 121 125 136 142 145 146 151 158 162 165 161 162 174 174 179 184 186 189 190 194 191 181 205 249 247 247 247 247 
247 247 247 247 247 238 135 95 96 97 105 114 118 119 127 133 136 134 128 126 130 138 143 150 150 147 156 147 145 152 164 179 195 198 196 183 207 249 247 247 247 247 
247 247 247 247 248 233 117 78 83 92 109 118 121 126 133 121 107 93 83 81 87 104 116 131 138 131 117 87 69 73 90 113 160 198 200 183 204 249 247 247 247 247 
247 247 247 247 248 230 107 69 80 100 116 122 123 123 103 66 49 44 41 40 47 63 87 120 140 125 83 66 58 66 85 98 113 171 206 185 200 249 247 247 247 247 
247 247 247 247 250 231 109 72 76 103 122 123 120 95 57 55 67 75 70 61 67 62 79 122 155 133 86 73 54 52 66 89 117 150 199 186 196 249 248 247 247 247 
247 247 247 243 205 185 110 75 76 111 128 125 110 77 64 53 38 35 54 59 59 57 83 132 165 144 87 67 61 63 80 79 79 131 189 186 163 198 237 248 247 247 
247 247 250 218 111 103 87 73 84 120 123 120 102 75 51 49 67 75 90 89 72 68 91 132 158 153 120 102 92 102 122 137 120 119 177 195 162 149 221 249 247 247 
247 247 250 206 105 105 100 88 90 120 120 111 90 73 70 78 84 88 94 95 98 94 111 137 155 165 151 143 131 122 123 133 146 155 179 201 180 150 217 249 247 247 
247 247 250 203 115 119 115 102 96 120 120 114 108 110 110 108 109 115 119 123 118 113 128 144 158 174 170 163 160 155 155 152 163 183 190 198 184 156 212 249 247 247 
247 247 250 210 125 121 100 92 117 122 120 122 126 140 142 142 141 138 131 129 117 113 130 149 158 173 174 146 143 162 170 169 174 190 202 187 167 171 220 249 247 247 
247 247 248 240 154 102 78 86 125 120 121 125 136 145 144 147 149 141 131 108 102 119 133 148 154 167 184 163 130 110 139 167 182 188 202 192 157 196 242 248 247 247 
247 247 247 249 182 97 87 107 129 120 115 120 128 129 130 136 136 126 99 89 125 133 125 132 144 160 168 168 161 107 84 126 160 171 189 191 151 206 248 247 247 247 
247 247 247 251 203 103 99 117 130 124 116 114 110 106 108 113 111 92 73 85 92 85 77 87 110 127 122 117 135 133 84 77 118 144 170 187 162 212 249 247 247 247 
247 247 247 249 227 121 110 116 125 125 119 108 91 88 90 92 82 63 71 79 64 50 46 54 78 103 123 130 141 146 118 66 79 121 154 178 183 225 249 247 247 247 
247 247 247 247 247 173 131 126 128 125 121 103 79 76 75 72 58 64 80 85 81 75 74 82 97 109 136 148 148 145 137 100 64 101 145 170 198 241 248 247 247 247 
247 247 247 247 248 226 142 156 186 132 122 104 80 73 72 64 64 74 84 91 95 96 100 109 119 125 136 137 132 129 133 124 90 104 147 168 184 244 248 247 247 247 
247 247 247 247 247 243 208 224 224 136 116 104 86 75 82 70 71 70 68 66 69 67 69 78 94 110 120 122 93 49 73 108 109 125 159 222 233 247 247 247 247 247 
247 247 247 247 247 247 249 249 239 158 114 103 94 76 89 85 63 34 28 51 85 94 108 124 136 162 173 178 134 46 64 115 122 139 175 238 249 247 247 247 247 247 
247 247 247 247 247 247 247 247 249 196 116 100 100 84 87 99 74 40 38 87 131 148 164 183 189 199 194 187 139 95 128 127 132 143 193 243 247 247 247 247 247 247 
247 247 247 247 247 247 247 247 249 234 136 98 96 93 80 106 90 91 72 74 96 101 115 139 152 150 142 142 131 141 156 128 136 149 212 247 247 247 247 247 247 247 
247 247 247 247 247 247 247 247 247 250 189 97 89 94 75 98 100 107 101 87 84 92 108 119 122 130 153 154 155 164 158 135 139 170 234 248 247 247 247 247 247 247 
247 247 247 247 247 247 247 247 247 248 238 136 85 87 81 83 107 101 109 102 94 90 98 109 116 125 141 154 166 167 151 145 149 207 247 247 247 247 247 247 247 247 
247 247 247 247 247 247 247 247 247 247 248 203 109 82 86 75 103 97 105 108 101 90 84 91 102 112 133 155 166 161 153 150 183 239 248 247 247 247 247 247 247 247 
247 247 247 247 247 247 247 247 247 247 247 241 173 93 82 80 89 103 99 107 105 99 96 98 106 120 141 159 165 162 160 168 230 248 247 247 247 247 247 247 247 247 
247 247 247 247 247 247 247 247 247 247 247 248 230 143 82 85 79 101 104 104 104 104 110 116 125 138 149 159 162 165 167 210 248 247 247 247 247 247 247 247 247 247 
247 247 247 247 247 247 247 247 247 247 247 247 248 219 118 82 81 89 109 109 109 110 118 124 132 142 154 159 159 170 193 242 247 247 247 247 247 247 247 247 247 247 
247 247 247 247 247 247 247 247 247 247 247 247 247 250 209 105 76 77 96 109 118 116 118 121 125 135 146 155 161 180 226 248 247 247 247 247 247 247 247 247 247 247 
247 247 247 247 247 247 247 247 247 247 247 247 247 247 249 198 96 69 74 86 99 111 117 120 121 128 135 142 152 199 243 247 247 247 247 247 247 247 247 247 247 247 
247 247 247 247 247 247 247 247 247 247 247 247 247 247 248 247 195 130 84 67 69 81 93 103 105 106 108 117 164 229 248 247 247 247 247 247 247 247 247 247 247 247 
247 247 247 247 247 247 247 247 247 247 247 247 247 247 247 247 246 231 197 162 128 84 66 69 72 78 111 171 226 247 247 247 247 247 247 247 247 247 247 247 247 247 
247 247 247 247 247 247 247 247 247 247 247 247 247 247 247 247 247 248 247 245 239 217 191 178 178 194 225 243 247 247 247 247 247 247 247 247 247 247 247 247 247 247 
