247 247 247 247 247 247 247 247 247 247 247 247 247 247 247 247 247 247 247 247 247 247 247 247 247 247 247 247 247 247 247 247 249 249 249 249 249 229 208 208 170 160 158 141 141 134 124 124 124 124 124 118 118 119 120 120 111 107 106 94 94 91 87 87 84 82 82 82 86 89 95 95 94 94 94 93 93 96 102 102 106 109 109 105 105 107 113 113 125 134 134 147 149 152 162 162 196 227 227 247 251 250 247 247 247 247 247 247 247 247 247 247 247 247 247 247 247 247 247 247 247 247 247 247 247 247 247 247 247 247 247 247 247 247 
247 247 247 247 247 247 247 247 247 247 247 247 247 247 247 247 247 247 247 247 247 247 247 247 247 247 247 247 247 247 247 247 249 249 249 249 249 229 208 208 170 160 158 141 141 134 124 124 124 124 124 118 118 119 120 120 111 107 106 94 94 91 87 87 84 82 82 82 86 89 95 95 94 94 94 93 93 96 102 102 106 109 109 105 105 107 113 113 125 134 134 147 149 152 162 162 196 227 227 247 251 250 247 247 247 247 247 247 247 247 247 247 247 247 247 247 247 247 247 247 247 247 247 247 247 247 247 247 247 247 247 247 247 247 
247 247 247 247 247 247 247 247 247 247 247 247 247 247 247 247 247 247 247 247 247 247 247 247 247 247 247 247 247 247 248 248 248 248 245 233 233 212 190 190 163 156 153 135 135 128 119 119 120 120 120 113 113 113 113 113 106 103 103 88 88 88 87 87 84 83 83 83 85 88 93 93 94 94 94 96 96 99 106 106 108 110 110 104 104 105 110 110 117 123 123 140 142 145 157 157 183 207 207 238 244 245 248 248 247 247 247 247 247 247 247 247 247 247 247 247 247 247 247 247 247 247 247 247 247 247 247 247 247 247 247 247 247 247 
247 247 247 247 247 247 247 247 247 247 247 247 247 247 247 247 247 247 247 247 247 247 247 247 247 247 247 247 247 248 249 249 246 245 237 198 198 176 152 152 148 147 144 123 123 117 110 110 112 112 111 102 102 101 99 99 97 96 95 77 77 81 87 87 86 86 86 86 84 86 89 89 93 95 95 103 103 106 114 114 114 114 114 103 102 102 103 103 102 101 101 125 128 132 146 146 155 164 164 219 230 233 249 249 248 247 247 247 247 247 247 247 247 247 247 247 247 247 247 247 247 247 247 247 247 247 247 247 247 247 247 247 247 247 
247 247 247 247 247 247 247 247 247 247 247 247 247 247 247 247 247 247 247 247 247 247 247 247 247 247 247 247 247 248 249 249 246 245 237 198 198 176 152 152 148 147 144 123 123 117 110 110 112 112 111 102 102 101 99 99 97 96 95 77 77 81 87 87 86 86 86 86 84 86 89 89 93 95 95 103 103 106 114 114 114 114 114 103 102 102 103 103 102 101 101 125 128 132 146 146 155 164 164 219 230 233 249 249 248 247 247 247 247 247 247 247 247 247 247 247 247 247 247 247 247 247 247 247 247 247 247 247 247 247 247 247 247 247 
247 247 247 247 247 247 247 247 247 247 247 247 247 247 247 247 247 247 247 247 247 247 247 247 247 247 247 248 248 247 246 246 212 206 199 163 163 151 138 138 132 130 128 109 109 105 101 101 101 102 102 101 101 98 95 95 92 91 91 84 84 89 97 97 99 100 100 100 111 108 102 102 101 100 100 117 118 121 129 129 125 123 123 110 108 110 114 114 114 114 114 122 123 126 137 137 142 147 147 185 193 201 246 246 247 248 248 247 247 247 247 247 247 247 247 247 247 247 247 247 247 247 247 247 247 247 247 247 247 247 247 247 247 247 
247 247 247 247 247 247 247 247 247 247 247 247 247 247 247 247 247 247 247 247 247 247 247 247 247 247 247 249 249 247 245 245 194 184 178 144 144 137 130 130 123 121 119 101 101 99 96 96 96 96 96 100 100 97 93 93 89 88 88 89 89 94 102 102 106 108 108 108 126 121 109 109 105 103 103 125 126 129 138 138 132 128 128 113 112 114 120 120 121 122 122 120 120 122 132 132 135 138 138 167 172 184 245 245 247 249 249 247 247 247 247 247 247 247 247 247 247 247 247 247 247 247 247 247 247 247 247 247 247 247 247 247 247 247 
247 247 247 247 247 247 247 247 247 247 247 247 247 247 247 247 247 247 247 247 247 247 247 247 247 247 247 249 249 247 245 245 194 184 178 144 144 137 130 130 123 121 119 101 101 99 96 96 96 96 96 100 100 97 93 93 89 88 88 89 89 94 102 102 106 108 108 108 126 121 109 109 105 103 103 125 126 129 138 138 132 128 128 113 112 114 120 120 121 122 122 120 120 122 132 132 135 138 138 167 172 184 245 245 247 249 249 247 247 247 247 247 247 247 247 247 247 247 247 247 247 247 247 247 247 247 247 247 247 247 247 247 247 247 
247 247 247 247 247 247 247 247 247 247 247 247 247 247 247 247 247 247 247 247 247 247 247 247 248 248 248 247 247 215 185 185 150 144 139 114 114 104 92 92 96 97 97 96 96 102 109 109 114 116 118 135 135 135 136 136 137 138 138 145 145 143 140 140 142 142 142 142 153 153 154 154 155 156 156 165 165 166 170 170 171 172 172 170 169 172 179 179 183 187 187 178 177 175 170 170 167 164 164 155 154 156 171 171 194 218 218 243 250 249 247 247 247 247 247 247 247 247 247 247 247 247 247 247 247 247 247 247 247 247 247 247 247 247 
247 247 247 247 247 247 247 247 247 247 247 247 247 247 247 247 247 247 247 247 247 247 247 247 248 248 248 247 247 214 183 183 149 142 137 113 113 102 91 91 95 96 96 96 96 102 110 110 115 117 119 136 136 137 138 138 139 140 140 147 147 145 142 142 143 144 144 144 154 155 156 156 157 158 158 167 167 168 171 171 173 174 174 172 172 174 181 181 186 190 190 180 179 178 172 172 168 165 165 155 153 155 168 168 192 217 217 243 250 250 247 247 247 247 247 247 247 247 247 247 247 247 247 247 247 247 247 247 247 247 247 247 247 247 
247 247 247 247 247 247 247 247 247 247 247 247 247 247 247 247 247 247 247 247 247 247 247 247 248 248 244 229 229 196 166 166 141 137 132 108 108 100 90 90 97 99 100 107 107 114 122 122 126 128 129 141 141 142 143 143 143 144 144 149 149 148 146 146 146 146 146 146 154 155 157 157 160 161 161 168 169 170 172 172 173 174 174 174 174 175 182 182 187 192 192 188 188 187 183 183 180 176 176 164 161 161 162 162 183 205 205 239 248 248 247 247 247 247 247 247 247 247 247 247 247 247 247 247 247 247 247 247 247 247 247 247 247 247 
247 247 247 247 247 247 247 247 247 247 247 247 247 247 247 247 247 247 247 247 247 248 248 248 250 250 237 184 184 152 123 123 124 124 120 96 96 92 88 88 104 108 111 135 135 144 155 155 155 155 155 156 156 156 156 156 155 154 154 156 156 156 155 155 154 153 153 153 153 155 159 159 165 169 169 173 173 174 175 175 176 176 176 178 178 179 184 184 191 197 197 209 211 211 212 212 209 206 206 187 183 177 148 148 160 173 173 228 242 243 248 248 248 247 247 247 247 247 247 247 247 247 247 247 247 247 247 247 247 247 247 247 247 247 
247 247 247 247 247 247 247 247 247 247 247 247 247 247 247 247 247 247 247 247 247 248 248 248 250 250 237 184 184 152 123 123 124 124 120 96 96 92 88 88 104 108 111 135 135 144 155 155 155 155 155 156 156 156 156 156 155 154 154 156 156 156 155 155 154 153 153 153 153 155 159 159 165 169 169 173 173 174 175 175 176 176 176 178 178 179 184 184 191 197 197 209 211 211 212 212 209 206 206 187 183 177 148 148 160 173 173 228 242 243 248 248 248 247 247 247 247 247 247 247 247 247 247 247 247 247 247 247 247 247 247 247 247 247 
247 247 247 247 247 247 247 247 247 247 247 247 247 247 247 247 247 247 247 247 247 248 250 250 226 223 207 144 144 126 110 110 110 110 107 92 92 94 97 97 118 123 125 144 144 149 155 155 154 154 154 153 153 154 154 154 154 155 155 155 155 155 154 154 153 152 152 152 152 153 156 156 162 165 165 170 170 171 172 172 173 173 173 174 174 176 179 179 185 189 189 202 204 205 210 210 210 209 209 200 198 193 166 166 160 154 154 194 204 209 244 244 245 248 248 247 247 247 247 247 247 247 247 247 247 247 247 247 247 247 247 247 247 247 
247 247 247 247 247 247 247 247 247 247 247 247 247 247 247 247 247 247 247 247 247 249 251 251 211 205 187 117 117 109 102 102 101 101 99 89 89 96 103 103 127 133 135 151 151 153 155 155 153 153 153 152 152 152 153 153 154 155 155 155 155 154 153 153 152 152 152 152 151 152 154 154 160 163 163 168 168 169 171 171 172 172 172 172 172 173 176 176 180 184 184 197 199 201 209 209 211 212 212 209 209 204 178 178 161 142 142 172 179 186 241 241 244 248 248 247 247 247 247 247 247 247 247 247 247 247 247 247 247 247 247 247 247 247 
247 247 247 247 247 247 247 247 247 247 247 247 247 247 247 247 247 247 247 247 247 249 251 251 211 205 187 117 117 109 102 102 101 101 99 89 89 96 103 103 127 133 135 151 151 153 155 155 153 153 153 152 152 152 153 153 154 155 155 155 155 154 153 153 152 152 152 152 151 152 154 154 160 163 163 168 168 169 171 171 172 172 172 172 172 173 176 176 180 184 184 197 199 201 209 209 211 212 212 209 209 204 178 178 161 142 142 172 179 186 241 241 244 248 248 247 247 247 247 247 247 247 247 247 247 247 247 247 247 247 247 247 247 247 
247 247 247 247 247 247 247 247 247 247 247 247 247 247 247 247 247 247 247 249 249 241 235 235 153 142 136 108 108 102 97 97 100 101 99 92 92 102 114 114 133 137 139 146 146 147 148 148 149 149 149 150 150 150 150 150 152 153 153 154 154 154 154 154 154 154 154 154 154 155 157 157 161 163 163 164 164 165 167 167 169 170 170 171 171 172 174 174 178 182 182 189 190 192 200 200 205 208 208 210 211 208 196 196 174 150 150 148 148 155 211 211 228 251 251 248 247 247 247 247 247 247 247 247 247 247 247 247 247 247 247 247 247 247 
247 247 247 247 247 247 247 247 247 247 247 247 247 247 247 247 247 247 247 249 249 241 234 234 149 137 131 107 107 102 97 97 100 101 100 92 92 103 115 115 133 138 139 146 146 147 148 148 149 149 149 150 150 150 150 150 152 153 153 154 154 154 154 154 154 154 154 154 154 155 157 157 161 163 163 164 164 165 167 167 169 170 170 171 171 172 174 174 178 182 182 188 189 191 200 200 204 208 208 211 211 209 198 198 175 151 151 146 145 153 208 208 227 251 251 248 247 247 247 247 247 247 247 247 247 247 247 247 247 247 247 247 247 247 
247 247 247 247 247 247 247 247 247 247 247 247 247 247 247 247 247 247 248 250 250 236 225 225 141 129 125 105 105 101 98 98 98 98 97 92 92 103 114 114 132 137 138 144 144 145 146 146 147 147 148 148 148 149 149 149 152 153 153 154 154 154 155 155 154 154 154 154 154 155 158 158 161 163 163 164 164 165 168 168 170 171 171 172 172 173 175 175 179 182 182 188 189 191 198 198 202 206 206 209 209 208 199 199 178 155 155 147 146 152 201 201 222 249 249 248 247 247 247 247 247 247 247 247 247 247 247 247 247 247 247 247 247 247 
247 247 247 247 247 247 247 247 247 247 247 247 247 247 247 247 247 247 248 252 252 222 198 198 117 106 104 97 97 99 101 101 92 90 90 93 93 102 111 111 129 134 135 140 140 140 141 141 143 143 143 144 144 146 148 148 151 152 152 154 154 155 157 157 156 155 155 155 156 157 160 160 162 163 163 165 165 167 171 171 174 176 176 176 176 177 179 179 181 183 183 187 188 189 194 194 197 199 199 204 205 204 201 201 185 167 167 152 148 152 180 180 208 244 244 247 248 248 247 247 247 247 247 247 247 247 247 247 247 247 247 247 247 247 
247 247 247 247 247 247 247 247 247 247 247 247 247 247 247 247 247 247 248 252 252 222 198 198 117 106 104 97 97 99 101 101 92 90 90 93 93 102 111 111 129 134 135 140 140 140 141 141 143 143 143 144 144 146 148 148 151 152 152 154 154 155 157 157 156 155 155 155 156 157 160 160 162 163 163 165 165 167 171 171 174 176 176 176 176 177 179 179 181 183 183 187 188 189 194 194 197 199 199 204 205 204 201 201 185 167 167 152 148 152 180 180 208 244 244 247 248 248 247 247 247 247 247 247 247 247 247 247 247 247 247 247 247 247 
247 247 247 247 247 247 247 247 247 247 247 247 247 247 247 247 247 247 248 251 251 207 172 172 106 97 97 96 96 101 106 106 98 96 95 92 92 99 107 107 125 129 130 137 137 137 136 136 137 137 137 139 139 141 143 143 148 150 150 155 155 156 158 158 157 156 156 156 156 157 161 161 162 163 163 165 165 168 174 174 179 182 182 180 180 181 182 182 184 187 187 191 191 192 193 193 195 196 196 201 202 202 201 201 185 167 167 159 156 158 172 172 197 228 228 244 249 249 247 247 247 247 247 247 247 247 247 247 247 247 247 247 247 247 
247 247 247 247 247 247 247 247 247 247 247 247 247 247 247 247 247 247 248 250 250 195 152 152 97 90 91 95 95 103 110 110 102 101 99 91 91 97 104 104 122 126 127 134 134 134 133 133 133 133 133 135 135 137 140 140 146 148 148 156 156 157 159 159 158 157 157 157 156 158 162 162 163 163 163 166 166 169 176 176 183 187 187 184 184 184 184 184 187 190 190 194 194 194 193 193 194 194 194 199 200 200 201 201 185 168 168 164 163 163 166 166 188 215 215 242 250 250 247 247 247 247 247 247 247 247 247 247 247 247 247 247 247 247 
247 247 247 247 247 247 247 247 247 247 247 247 247 247 247 247 247 247 248 250 250 195 152 152 97 90 91 95 95 103 110 110 102 101 99 91 91 97 104 104 122 126 127 134 134 134 133 133 133 133 133 135 135 137 140 140 146 148 148 156 156 157 159 159 158 157 157 157 156 158 162 162 163 163 163 166 166 169 176 176 183 187 187 184 184 184 184 184 187 190 190 194 194 194 193 193 194 194 194 199 200 200 201 201 185 168 168 164 163 163 166 166 188 215 215 242 250 250 247 247 247 247 247 247 247 247 247 247 247 247 247 247 247 247 
247 247 247 247 247 247 247 247 247 247 247 247 247 247 247 247 248 249 246 236 236 167 113 113 96 94 95 97 97 99 100 100 101 101 99 91 91 98 106 106 118 121 122 128 128 128 127 127 127 127 127 128 128 128 129 129 131 132 133 143 143 145 150 150 149 149 149 149 151 154 158 158 160 161 161 162 162 166 174 174 180 184 184 181 180 180 178 178 180 181 181 185 186 186 187 187 187 188 188 193 195 196 202 202 188 173 173 168 166 167 169 169 177 188 188 234 248 248 247 247 247 247 247 247 247 247 247 247 247 247 247 247 247 247 
247 247 247 247 247 247 247 247 247 247 247 247 247 247 247 247 249 249 245 234 234 163 108 108 97 95 95 97 97 98 99 99 101 101 99 91 91 98 106 106 117 120 121 127 127 127 127 127 126 126 126 127 127 127 128 128 129 130 130 141 141 144 149 149 148 148 148 148 151 153 158 158 160 161 161 162 162 165 174 174 180 184 184 180 180 179 177 177 179 180 180 184 185 185 186 186 187 187 187 193 194 195 202 202 189 174 174 168 167 167 170 170 176 184 184 233 248 248 247 247 247 247 247 247 247 247 247 247 247 247 247 247 247 247 
247 247 247 247 247 247 247 247 247 247 247 247 247 247 247 247 249 249 245 231 231 160 104 104 95 94 95 97 97 99 100 100 101 101 100 92 92 99 105 105 115 118 119 126 126 126 126 126 125 125 125 126 126 126 127 127 128 129 129 139 139 142 147 147 147 147 147 147 150 152 157 157 159 161 161 162 162 165 173 173 179 183 183 180 180 179 177 177 178 180 180 184 184 185 185 185 186 186 186 191 192 193 201 201 189 175 175 168 166 167 173 173 177 183 183 232 247 247 247 247 247 247 247 247 247 247 247 247 247 247 247 247 247 247 
247 247 247 247 247 247 247 247 247 247 247 247 247 247 247 247 251 251 244 220 220 147 90 90 91 91 92 98 98 102 106 106 103 103 102 98 98 100 102 102 109 111 112 122 122 122 122 122 121 121 121 123 123 123 123 123 124 124 124 132 132 136 142 142 144 145 145 145 146 149 155 155 158 159 159 161 161 164 170 170 177 181 181 179 179 178 176 176 178 179 179 183 183 183 183 183 184 184 184 185 185 187 198 198 189 180 180 166 163 166 184 184 183 181 181 228 243 243 248 248 248 247 247 247 247 247 247 247 247 247 247 247 247 247 
247 247 247 247 247 247 247 247 247 247 247 247 247 247 247 247 251 251 244 220 220 147 90 90 91 91 92 98 98 102 106 106 103 103 102 98 98 100 102 102 109 111 112 122 122 122 122 122 121 121 121 123 123 123 123 123 124 124 124 132 132 136 142 142 144 145 145 145 146 149 155 155 158 159 159 161 161 164 170 170 177 181 181 179 179 178 176 176 178 179 179 183 183 183 183 183 184 184 184 185 185 187 198 198 189 180 180 166 163 166 184 184 183 181 181 228 243 243 248 248 248 247 247 247 247 247 247 247 247 247 247 247 247 247 
247 247 247 247 247 247 247 247 247 247 247 247 247 247 247 247 251 251 242 212 212 144 91 91 91 91 93 103 103 108 114 114 104 102 101 98 98 101 104 104 111 113 113 118 118 119 121 121 122 123 123 125 125 126 128 128 130 131 131 138 138 141 146 146 148 149 149 149 150 152 157 157 159 160 160 161 161 162 166 166 172 177 177 176 176 176 176 176 177 178 178 183 183 184 184 184 185 185 185 185 185 187 195 195 189 183 183 171 168 170 181 181 178 175 175 223 238 239 248 248 248 247 247 247 247 247 247 247 247 247 247 247 247 247 
247 247 247 247 247 247 247 247 247 247 247 247 247 247 247 247 252 252 241 205 205 142 93 93 91 91 94 107 107 114 121 121 104 101 101 98 98 102 107 107 113 114 114 115 115 117 120 120 124 125 125 127 127 129 133 133 137 138 138 143 143 146 150 150 151 152 152 152 154 156 159 159 160 161 161 161 161 161 162 162 169 173 173 174 174 174 176 176 177 178 178 183 184 184 186 186 186 186 186 185 185 186 192 192 189 186 186 176 173 174 178 178 174 169 169 218 234 235 249 249 248 247 247 247 247 247 247 247 247 247 247 247 247 247 
247 247 247 247 247 247 247 247 247 247 247 247 247 247 247 247 252 252 241 205 205 142 93 93 91 91 94 107 107 114 121 121 104 101 101 98 98 102 107 107 113 114 114 115 115 117 120 120 124 125 125 127 127 129 133 133 137 138 138 143 143 146 150 150 151 152 152 152 154 156 159 159 160 161 161 161 161 161 162 162 169 173 173 174 174 174 176 176 177 178 178 183 184 184 186 186 186 186 186 185 185 186 192 192 189 186 186 176 173 174 178 178 174 169 169 218 234 235 249 249 248 247 247 247 247 247 247 247 247 247 247 247 247 247 
247 247 247 247 247 247 247 247 247 247 247 247 247 247 247 247 252 253 237 187 187 133 90 90 93 93 99 119 119 122 125 125 109 106 105 101 101 108 114 114 119 120 119 116 116 117 117 117 122 124 125 134 134 136 140 140 144 145 146 149 149 151 154 154 156 157 157 157 159 161 165 165 164 164 164 164 164 164 162 162 166 169 169 173 174 175 177 177 180 181 181 187 188 189 191 191 189 187 187 184 183 184 189 189 191 194 194 183 180 180 175 175 173 171 171 209 221 224 250 250 249 247 247 247 247 247 247 247 247 247 247 247 247 247 
247 247 247 247 247 247 247 247 247 247 247 247 247 247 247 247 253 253 236 184 184 131 90 90 94 94 100 122 122 124 126 126 110 107 106 102 102 109 116 116 120 121 120 116 116 116 117 117 122 124 125 135 135 137 141 141 145 147 147 150 150 152 155 155 157 158 158 158 160 162 166 166 165 165 165 165 165 164 162 162 166 168 168 174 174 175 178 178 180 182 182 188 189 190 192 192 189 187 187 184 183 184 189 189 192 195 195 185 182 181 174 174 173 171 171 207 219 221 250 250 249 247 247 247 247 247 247 247 247 247 247 247 247 247 
247 247 247 247 247 247 247 247 247 247 247 247 247 247 247 247 252 253 236 183 183 132 91 91 94 94 100 121 121 123 124 124 110 107 106 102 102 109 116 116 121 122 121 117 117 117 117 117 122 124 125 135 135 137 141 141 145 147 147 150 150 151 154 154 156 157 157 157 160 162 166 166 165 165 165 165 165 164 162 162 165 167 167 174 174 175 177 177 180 182 182 188 188 189 191 191 189 187 187 184 183 184 188 188 191 195 195 186 184 183 176 176 174 172 172 206 217 220 250 250 249 247 247 247 247 247 247 247 247 247 247 247 247 247 
247 247 247 247 247 247 247 247 247 247 247 247 247 247 247 247 252 252 234 177 177 133 99 99 97 97 101 115 115 116 116 116 108 107 107 106 106 113 120 120 124 125 125 123 123 121 119 119 122 123 124 135 135 138 142 142 145 146 146 149 149 149 150 150 154 156 156 156 160 162 165 165 166 167 167 167 167 165 161 161 163 165 165 176 177 177 176 176 178 180 180 185 186 186 187 187 187 187 187 187 187 187 186 186 189 192 192 194 194 193 186 186 182 178 178 199 206 210 250 250 249 247 247 247 247 247 247 247 247 247 247 247 247 247 
247 247 247 247 247 247 247 247 247 247 247 247 247 247 247 247 252 252 234 177 177 133 99 99 97 97 101 115 115 116 116 116 108 107 107 106 106 113 120 120 124 125 125 123 123 121 119 119 122 123 124 135 135 138 142 142 145 146 146 149 149 149 150 150 154 156 156 156 160 162 165 165 166 167 167 167 167 165 161 161 163 165 165 176 177 177 176 176 178 180 180 185 186 186 187 187 187 187 187 187 187 187 186 186 189 192 192 194 194 193 186 186 182 178 178 199 206 210 250 250 249 247 247 247 247 247 247 247 247 247 247 247 247 247 
247 247 247 247 247 247 247 247 247 247 247 247 247 247 247 247 251 251 231 167 167 131 102 102 98 97 100 109 109 109 108 108 106 106 106 109 109 114 119 119 121 121 121 120 120 121 122 122 126 127 127 135 135 137 140 140 142 142 142 143 143 143 143 143 147 149 149 149 154 155 158 158 159 161 161 164 165 162 157 157 158 160 160 172 173 172 171 171 172 173 173 178 179 180 182 182 184 186 186 190 191 191 192 192 192 193 193 195 195 195 190 190 185 179 179 201 208 211 250 250 249 247 247 247 247 247 247 247 247 247 247 247 247 247 
247 247 247 247 247 247 247 247 247 247 247 247 247 247 247 247 251 251 228 157 157 128 105 105 99 98 99 103 103 101 100 100 104 105 106 112 112 115 118 118 117 117 117 118 118 122 126 126 130 131 131 135 135 136 138 138 139 139 139 136 136 136 135 135 139 141 141 141 147 148 150 150 153 154 154 162 162 159 153 153 154 154 154 167 168 167 165 165 166 166 166 171 172 173 177 177 182 186 186 194 195 195 198 198 197 195 195 197 197 197 195 195 189 181 181 203 210 213 250 250 249 247 247 247 247 247 247 247 247 247 247 247 247 247 
247 247 247 247 247 247 247 247 247 247 247 247 247 247 247 247 251 251 228 157 157 128 105 105 99 98 99 103 103 101 100 100 104 105 106 112 112 115 118 118 117 117 117 118 118 122 126 126 130 131 131 135 135 136 138 138 139 139 139 136 136 136 135 135 139 141 141 141 147 148 150 150 153 154 154 162 162 159 153 153 154 154 154 167 168 167 165 165 166 166 166 171 172 173 177 177 182 186 186 194 195 195 198 198 197 195 195 197 197 197 195 195 189 181 181 203 210 213 250 250 249 247 247 247 247 247 247 247 247 247 247 247 247 247 
247 247 247 247 247 247 247 247 247 247 247 247 247 247 248 248 248 248 223 142 142 114 91 91 86 85 87 93 93 93 92 92 103 106 107 114 114 116 119 119 118 118 118 123 123 127 133 133 136 136 137 137 137 135 132 132 125 122 122 115 115 116 117 117 119 120 120 120 128 130 134 134 136 137 137 149 149 147 142 142 141 140 140 147 148 144 132 132 127 123 123 122 121 124 134 134 140 147 147 160 163 167 189 189 195 201 201 198 197 197 195 195 187 177 177 200 208 211 250 250 249 247 247 247 247 247 247 247 247 247 247 247 247 247 
247 247 247 247 247 247 247 247 247 247 247 247 247 248 248 248 248 248 222 139 139 110 88 88 83 82 84 91 91 90 90 90 103 106 107 115 115 117 119 119 118 118 119 124 124 129 135 135 137 138 138 138 138 135 131 131 122 118 118 110 110 111 112 112 114 115 115 115 123 125 130 130 132 133 133 145 146 144 139 139 138 137 137 143 143 138 124 124 117 112 112 109 109 112 123 123 130 137 137 152 155 160 187 187 195 203 203 198 197 197 195 195 187 176 176 200 207 210 250 250 249 247 247 247 247 247 247 247 247 247 247 247 247 247 
247 247 247 247 247 247 247 247 247 247 247 247 247 247 248 248 247 247 221 137 137 109 86 86 82 81 83 90 90 90 91 91 104 107 108 115 115 117 119 119 119 119 119 125 125 129 135 135 134 134 134 132 132 129 124 124 115 111 111 104 104 104 105 105 108 109 109 109 118 121 126 126 129 131 131 144 145 143 138 138 136 135 135 138 138 133 117 117 109 103 103 100 100 102 113 113 121 128 128 143 146 151 179 179 190 201 201 198 198 197 196 196 187 176 176 199 207 210 250 250 249 247 247 247 247 247 247 247 247 247 247 247 247 247 
247 247 247 247 247 247 247 247 247 247 247 247 247 248 248 248 245 245 216 126 126 96 73 73 73 73 75 85 85 91 97 97 110 113 114 120 120 121 122 122 123 123 125 136 136 134 132 132 112 106 105 88 88 81 71 71 64 61 61 58 58 58 57 57 64 67 67 67 85 90 101 101 109 113 113 137 138 137 133 133 128 124 124 103 101 93 68 68 52 40 40 34 33 35 41 41 51 61 61 75 78 85 119 119 153 190 190 200 203 203 203 203 191 176 176 197 204 208 250 250 249 247 247 247 247 247 247 247 247 247 247 247 247 247 
247 247 247 247 247 247 247 247 247 247 247 247 247 248 248 248 245 245 216 126 126 96 73 73 73 73 75 85 85 91 97 97 110 113 114 120 120 121 122 122 123 123 125 136 136 134 132 132 112 106 105 88 88 81 71 71 64 61 61 58 58 58 57 57 64 67 67 67 85 90 101 101 109 113 113 137 138 137 133 133 128 124 124 103 101 93 68 68 52 40 40 34 33 35 41 41 51 61 61 75 78 85 119 119 153 190 190 200 203 203 203 203 191 176 176 197 204 208 250 250 249 247 247 247 247 247 247 247 247 247 247 247 247 247 
247 247 247 247 247 247 247 247 247 247 247 247 247 247 248 248 245 244 215 124 124 93 68 68 73 73 76 85 85 93 101 101 113 115 116 121 121 121 122 122 123 123 124 128 128 120 109 109 87 79 78 65 65 61 55 55 51 49 49 46 46 46 46 46 52 56 56 56 70 75 87 87 100 108 108 135 137 137 138 138 128 122 122 92 90 85 68 68 59 51 51 49 49 51 59 59 69 78 78 89 91 93 108 108 136 166 166 195 202 202 206 206 193 176 176 196 202 206 250 250 249 247 247 247 247 247 247 247 247 247 247 247 247 247 
247 247 247 247 247 247 247 247 247 247 247 247 247 248 248 248 244 244 214 121 121 89 63 63 73 74 76 85 85 96 107 107 116 118 119 122 122 122 123 123 124 124 123 118 118 101 80 80 54 46 45 36 36 36 35 35 35 35 35 32 32 32 33 33 38 41 41 41 51 57 69 69 90 102 102 134 135 138 145 145 129 119 119 79 76 74 69 69 67 65 65 69 69 72 83 83 92 100 100 106 107 105 94 94 114 135 135 188 201 202 211 211 196 176 176 194 200 204 250 250 249 247 247 247 247 247 247 247 247 247 247 247 247 247 
247 247 247 247 247 247 247 247 247 247 247 247 247 248 248 248 244 244 214 121 121 89 63 63 73 74 76 85 85 96 107 107 116 118 119 122 122 122 123 123 124 124 123 118 118 101 80 80 54 46 45 36 36 36 35 35 35 35 35 32 32 32 33 33 38 41 41 41 51 57 69 69 90 102 102 134 135 138 145 145 129 119 119 79 76 74 69 69 67 65 65 69 69 72 83 83 92 100 100 106 107 105 94 94 114 135 135 188 201 202 211 211 196 176 176 194 200 204 250 250 249 247 247 247 247 247 247 247 247 247 247 247 247 247 
247 247 247 247 247 247 247 247 247 247 247 247 247 249 251 251 246 246 217 123 123 94 70 70 71 72 73 80 80 95 109 109 120 122 123 123 123 122 121 121 120 119 115 82 82 69 52 52 54 54 55 62 62 66 71 71 73 74 73 59 59 58 56 56 62 65 65 65 59 62 68 68 89 101 101 141 142 147 158 158 138 125 125 88 84 83 78 78 67 59 59 52 51 53 58 58 66 74 74 89 92 95 112 112 122 132 132 172 183 186 214 214 197 175 175 193 198 203 251 251 250 248 248 247 247 247 247 247 247 247 247 247 247 247 
247 247 247 247 247 247 247 247 247 247 247 247 247 250 252 252 247 247 217 124 124 95 73 73 71 71 72 78 78 95 110 110 122 124 124 124 124 123 121 121 119 118 112 71 71 59 44 44 54 57 58 71 71 75 82 82 85 86 85 68 68 67 64 64 70 73 73 73 62 64 68 68 89 101 101 143 145 150 162 162 141 127 127 90 87 86 81 81 68 57 57 47 46 47 50 50 58 66 66 84 87 92 118 118 124 131 131 168 177 182 215 215 197 175 175 192 198 202 251 251 250 249 249 248 247 247 247 247 247 247 247 247 247 247 
247 247 247 247 247 247 247 247 247 247 247 247 247 248 250 250 245 244 216 124 124 96 74 74 71 71 72 78 78 95 110 110 122 124 124 124 124 122 121 121 117 116 110 70 70 60 46 46 54 57 58 68 68 72 77 77 80 82 81 67 67 65 63 63 69 72 72 72 61 63 68 68 89 102 102 144 146 151 163 163 142 128 128 90 86 85 80 80 67 57 57 48 46 47 50 50 59 66 66 82 85 89 113 113 121 130 130 167 176 181 215 215 197 175 175 190 195 199 247 247 247 248 248 247 247 247 247 247 247 247 247 247 247 247 
247 247 247 247 247 247 247 247 247 247 247 247 247 232 222 222 216 215 195 130 130 103 82 82 70 68 70 80 80 100 118 118 128 130 129 125 125 125 124 124 97 90 87 64 64 66 68 68 60 57 55 37 37 32 24 24 30 33 34 55 55 52 47 47 54 58 58 58 54 58 68 68 96 112 112 153 155 160 172 172 150 136 136 85 81 77 63 63 60 58 58 52 51 51 53 53 63 72 72 64 62 61 56 56 86 118 118 156 165 171 212 212 195 174 174 166 163 166 203 203 216 236 236 245 248 248 247 247 247 247 247 247 247 247 
247 247 247 247 247 247 247 247 247 247 247 247 247 232 222 222 216 215 195 130 130 103 82 82 70 68 70 80 80 100 118 118 128 130 129 125 125 125 124 124 97 90 87 64 64 66 68 68 60 57 55 37 37 32 24 24 30 33 34 55 55 52 47 47 54 58 58 58 54 58 68 68 96 112 112 153 155 160 172 172 150 136 136 85 81 77 63 63 60 58 58 52 51 51 53 53 63 72 72 64 62 61 56 56 86 118 118 156 165 171 212 212 195 174 174 166 163 166 203 203 216 236 236 245 248 248 247 247 247 247 247 247 247 247 
247 247 247 247 247 247 247 247 249 249 244 232 232 195 171 171 172 173 158 113 113 93 78 78 69 68 71 84 84 103 122 122 127 128 127 125 125 124 123 123 97 91 88 69 69 63 57 57 50 48 47 42 42 41 38 38 46 50 51 75 75 71 64 64 61 60 60 60 55 60 68 68 97 114 114 150 152 157 169 169 151 139 139 96 93 89 75 75 70 66 66 66 66 68 78 78 88 98 98 97 96 94 81 81 92 106 106 145 155 161 211 211 197 178 178 163 158 159 177 177 195 223 223 242 250 249 247 247 247 247 247 247 247 247 
247 247 247 247 247 247 247 247 252 252 240 210 210 141 95 95 108 109 104 87 87 79 72 72 68 67 72 90 90 109 127 127 125 125 125 125 125 123 121 121 99 93 91 76 76 60 40 40 35 34 35 51 51 54 59 59 71 75 76 104 104 99 90 90 72 64 64 64 58 62 69 69 100 117 117 147 148 153 166 166 153 144 144 114 111 107 93 93 85 79 79 87 88 93 115 115 127 138 138 146 148 143 118 118 103 87 87 129 139 148 211 211 200 185 185 158 150 149 137 137 164 205 205 239 252 252 247 247 247 247 247 247 247 247 
247 247 247 247 247 247 247 247 252 252 240 210 210 141 95 95 108 109 104 87 87 79 72 72 68 67 72 90 90 109 127 127 125 125 125 125 125 123 121 121 99 93 91 76 76 60 40 40 35 34 35 51 51 54 59 59 71 75 76 104 104 99 90 90 72 64 64 64 58 62 69 69 100 117 117 147 148 153 166 166 153 144 144 114 111 107 93 93 85 79 79 87 88 93 115 115 127 138 138 146 148 143 118 118 103 87 87 129 139 148 211 211 200 185 185 158 150 149 137 137 164 205 205 239 252 252 247 247 247 247 247 247 247 247 
247 247 247 247 247 247 247 247 252 253 234 188 188 124 82 82 99 101 99 94 94 86 80 80 70 68 75 99 99 114 128 128 122 120 120 120 120 113 105 105 84 79 76 58 58 54 50 50 61 64 65 80 80 81 83 83 87 88 89 92 92 88 79 79 75 74 74 74 74 77 86 86 109 123 123 143 144 149 164 164 159 155 155 133 131 128 120 120 111 103 103 97 96 97 102 102 109 116 116 129 131 131 131 131 126 121 121 138 142 150 201 201 199 197 197 174 167 164 134 134 161 202 202 238 252 252 247 247 247 247 247 247 247 247 
247 247 247 247 247 247 247 247 253 253 232 179 179 118 77 77 96 98 98 97 97 90 84 84 71 69 76 103 103 116 128 128 120 119 119 118 118 109 99 99 78 73 70 51 51 52 54 54 71 76 77 91 91 92 93 93 94 94 94 88 88 83 75 75 77 78 78 78 80 84 92 92 113 125 125 141 142 148 163 163 161 160 160 141 139 137 131 131 121 113 113 101 99 99 97 97 102 107 107 122 125 127 136 136 136 135 135 142 144 150 197 197 199 202 202 181 174 171 133 133 160 201 201 238 252 252 247 247 247 247 247 247 247 247 
247 247 247 247 247 247 247 247 253 253 232 179 179 118 78 78 97 99 98 97 97 90 85 85 71 69 76 103 103 116 128 128 120 119 119 118 118 109 99 99 78 73 71 52 52 53 55 55 71 76 77 90 90 91 92 92 93 94 94 88 88 84 76 76 78 79 79 79 81 85 93 93 114 125 125 141 142 148 163 163 161 160 160 142 140 138 132 132 122 115 115 103 101 100 99 99 104 108 108 123 125 127 137 137 136 136 136 143 145 151 197 197 199 202 202 181 174 171 133 133 160 201 201 237 252 252 247 247 247 247 247 247 247 247 
247 247 247 247 247 247 247 247 253 253 233 180 180 129 95 95 112 114 111 103 103 108 112 112 85 81 84 97 97 112 126 126 122 121 120 113 113 105 96 96 85 82 82 85 85 85 86 86 82 81 81 76 76 77 79 79 88 91 91 101 101 105 113 113 116 117 117 117 104 107 113 113 126 134 134 146 146 150 160 160 167 172 172 163 162 161 159 159 158 157 157 151 150 148 142 142 141 140 140 139 139 141 151 151 160 169 169 172 173 175 191 191 198 206 206 188 182 179 142 142 163 195 195 236 252 252 247 247 247 247 247 247 247 247 
247 247 247 247 247 247 247 247 253 253 233 180 180 129 95 95 112 114 111 103 103 108 112 112 85 81 84 97 97 112 126 126 122 121 120 113 113 105 96 96 85 82 82 85 85 85 86 86 82 81 81 76 76 77 79 79 88 91 91 101 101 105 113 113 116 117 117 117 104 107 113 113 126 134 134 146 146 150 160 160 167 172 172 163 162 161 159 159 158 157 157 151 150 148 142 142 141 140 140 139 139 141 151 151 160 169 169 172 173 175 191 191 198 206 206 188 182 179 142 142 163 195 195 236 252 252 247 247 247 247 247 247 247 247 
247 247 247 247 247 247 247 247 253 253 232 177 177 129 97 97 116 117 115 110 110 111 111 111 89 86 88 99 99 113 126 126 121 120 120 114 114 109 103 103 96 95 95 99 99 99 98 98 96 95 95 92 92 94 98 98 103 105 105 111 111 114 119 119 117 116 116 116 108 111 118 118 130 136 136 148 149 152 161 161 169 175 175 167 166 165 161 161 160 160 160 154 154 152 148 148 148 148 148 146 145 147 155 155 164 174 174 180 181 182 191 191 196 203 203 188 183 180 145 145 164 192 192 235 252 252 247 247 247 247 247 247 247 247 
247 247 247 247 247 247 247 247 253 253 231 173 173 130 102 102 121 123 123 122 122 116 111 111 97 95 96 102 102 114 126 126 121 120 120 117 117 116 115 115 117 118 119 125 125 123 120 120 120 120 120 122 122 126 131 131 130 130 130 129 129 129 129 129 120 116 116 116 115 119 128 128 136 140 140 153 154 157 163 163 173 180 180 174 174 172 165 165 165 165 165 161 160 160 160 160 161 162 162 158 157 158 162 162 173 184 184 194 196 195 191 191 195 199 199 188 184 181 151 151 165 187 187 234 252 252 247 247 247 247 247 247 247 247 
247 247 247 247 247 247 247 247 253 253 231 173 173 130 102 102 121 123 123 122 122 116 111 111 97 95 96 102 102 114 126 126 121 120 120 117 117 116 115 115 117 118 119 125 125 123 120 120 120 120 120 122 122 126 131 131 130 130 130 129 129 129 129 129 120 116 116 116 115 119 128 128 136 140 140 153 154 157 163 163 173 180 180 174 174 172 165 165 165 165 165 161 160 160 160 160 161 162 162 158 157 158 162 162 173 184 184 194 196 195 191 191 195 199 199 188 184 181 151 151 165 187 187 234 252 252 247 247 247 247 247 247 247 247 
247 247 247 247 247 247 247 247 253 253 233 183 183 138 108 108 122 123 120 111 111 97 85 85 103 105 108 119 119 121 123 123 120 119 119 121 121 120 119 119 129 131 133 140 140 139 137 137 138 138 138 138 138 138 140 140 134 131 131 130 130 129 128 128 119 115 115 115 112 116 124 124 136 143 143 154 155 156 161 161 171 177 177 177 177 171 153 153 146 140 140 153 154 157 167 167 168 169 169 167 166 167 169 169 176 183 183 196 199 199 200 200 193 184 184 172 169 168 161 161 177 200 200 237 251 251 247 247 247 247 247 247 247 247 
247 247 247 247 247 247 247 247 253 253 235 188 188 142 111 111 122 123 119 106 106 88 73 73 106 110 113 127 127 124 121 121 119 119 120 123 123 122 121 121 135 138 139 148 148 147 145 145 147 147 147 145 145 145 144 144 135 132 132 130 130 129 128 128 118 114 114 114 110 114 123 123 137 145 145 155 155 156 160 160 170 176 176 178 178 171 147 147 137 129 129 149 152 156 170 170 171 172 172 171 171 171 173 173 178 183 183 197 201 201 205 205 193 177 177 166 162 162 166 166 182 206 206 238 251 251 247 247 247 247 247 247 247 247 
247 247 247 247 247 247 247 247 253 253 235 188 188 142 111 111 122 123 119 106 106 88 73 73 106 110 113 127 127 124 121 121 119 119 120 123 123 122 121 121 135 138 139 148 148 147 145 145 147 147 147 145 145 145 144 144 135 132 132 130 130 129 128 128 118 114 114 114 110 114 123 123 137 145 145 155 155 156 160 160 170 176 176 178 178 171 147 147 137 129 129 149 152 156 170 170 171 172 172 171 171 171 173 173 178 183 183 197 201 201 205 205 193 177 177 166 162 162 166 166 182 206 206 238 251 251 247 247 247 247 247 247 247 247 
247 247 247 247 247 247 247 247 253 253 235 188 188 142 111 111 122 123 119 106 106 88 73 73 106 110 113 127 127 124 121 121 119 119 120 123 123 122 121 121 135 138 139 148 148 147 145 145 147 147 147 145 145 145 144 144 135 132 132 130 130 129 128 128 118 114 114 114 110 114 123 123 137 145 145 155 155 156 160 160 170 176 176 178 178 171 147 147 137 129 129 149 152 156 170 170 171 172 172 171 171 171 173 173 178 183 183 197 201 201 205 205 193 177 177 166 162 162 166 166 182 206 206 238 251 251 247 247 247 247 247 247 247 247 
247 247 247 247 247 247 247 247 250 250 245 231 231 170 130 130 107 105 100 84 84 69 58 58 107 114 118 132 132 124 116 116 122 123 123 124 124 127 130 130 143 146 146 148 148 147 145 145 147 148 148 151 151 149 145 145 140 138 138 133 133 122 102 102 98 96 96 96 113 117 127 127 139 146 146 153 153 154 155 155 163 169 169 186 188 182 165 165 151 140 140 105 100 104 119 119 139 157 157 170 172 174 182 182 185 188 188 192 193 195 212 212 200 185 185 161 153 155 184 184 205 236 236 245 249 249 247 247 247 247 247 247 247 247 
247 247 247 247 247 247 247 247 249 249 245 237 237 178 139 139 105 102 97 84 84 74 67 67 111 117 120 132 132 123 116 116 120 120 121 123 123 126 130 130 140 143 143 143 143 143 143 143 146 147 147 149 149 146 143 143 137 134 134 120 120 111 97 97 105 109 109 109 122 124 129 129 138 143 143 152 152 153 155 155 164 170 170 185 186 183 171 171 163 156 156 120 115 112 103 103 121 137 137 159 162 165 178 178 181 185 185 188 189 192 209 209 199 185 185 158 149 152 187 187 208 240 240 246 248 248 247 247 247 247 247 247 247 247 
247 247 247 247 247 247 247 247 247 247 248 249 249 195 159 159 101 96 93 83 83 85 86 86 119 123 125 131 131 123 115 115 115 115 116 120 120 125 130 130 135 136 136 134 134 136 138 138 143 144 144 145 145 142 138 138 130 127 126 92 92 90 86 86 121 137 137 137 142 139 134 134 136 137 137 149 150 151 154 154 165 173 173 182 183 183 184 184 188 192 192 152 146 131 69 69 83 96 96 135 143 147 170 170 174 179 179 181 181 184 204 204 196 186 186 153 142 146 194 194 216 248 248 247 247 247 247 247 247 247 247 247 247 247 
247 247 247 247 247 247 247 247 247 247 248 249 249 195 159 159 101 96 93 83 83 85 86 86 119 123 125 131 131 123 115 115 115 115 116 120 120 125 130 130 135 136 136 134 134 136 138 138 143 144 144 145 145 142 138 138 130 127 126 92 92 90 86 86 121 137 137 137 142 139 134 134 136 137 137 149 150 151 154 154 165 173 173 182 183 183 184 184 188 192 192 152 146 131 69 69 83 96 96 135 143 147 170 170 174 179 179 181 181 184 204 204 196 186 186 153 142 146 194 194 216 248 248 247 247 247 247 247 247 247 247 247 247 247 
247 247 247 247 247 247 247 247 247 247 248 251 251 204 172 172 101 95 93 87 87 94 99 99 124 127 128 131 131 125 119 119 114 114 114 117 117 120 123 123 123 123 123 122 122 123 124 124 129 130 130 130 130 128 125 125 109 102 101 76 76 83 96 96 117 127 127 127 127 124 116 116 113 111 111 129 129 132 140 140 148 153 153 154 154 153 149 149 151 153 153 147 146 135 95 95 83 73 73 105 111 116 144 144 151 158 158 167 169 172 195 195 192 189 189 156 145 149 196 196 218 249 249 247 247 247 247 247 247 247 247 247 247 247 
247 247 247 247 247 247 247 247 247 247 249 253 253 209 179 179 101 94 93 90 90 100 107 107 127 130 130 131 131 126 121 121 114 113 113 115 115 117 119 119 117 116 116 115 115 116 117 117 121 122 122 122 122 120 118 118 97 89 88 67 67 80 102 102 115 121 121 121 119 115 106 106 100 96 96 117 118 122 132 132 138 142 142 138 138 136 129 129 131 132 132 144 146 139 109 109 84 60 60 88 93 99 129 129 138 147 147 159 162 165 190 190 190 191 191 158 147 151 198 198 219 250 250 248 247 247 247 247 247 247 247 247 247 247 
247 247 247 247 247 247 247 247 247 247 249 253 253 209 179 179 101 94 93 90 90 100 107 107 127 130 130 131 131 126 121 121 114 113 113 115 115 117 119 119 117 116 116 115 115 116 117 117 121 122 122 122 122 120 118 118 97 89 88 67 67 80 102 102 115 121 121 121 119 115 106 106 100 96 96 117 118 122 132 132 138 142 142 138 138 136 129 129 131 132 132 144 146 139 109 109 84 60 60 88 93 99 129 129 138 147 147 159 162 165 190 190 190 191 191 158 147 151 198 198 219 250 250 248 247 247 247 247 247 247 247 247 247 247 
247 247 247 247 247 247 247 247 247 247 248 252 252 221 201 201 114 106 105 99 99 106 111 111 124 126 127 131 131 127 123 123 119 118 117 115 115 110 106 106 97 95 95 98 98 99 100 100 104 105 105 104 104 97 87 87 67 59 60 75 75 77 80 80 68 62 62 62 55 53 50 50 54 56 56 79 80 86 101 101 110 116 116 109 108 105 96 96 111 122 122 142 145 144 141 141 110 82 82 61 56 62 94 94 110 127 127 143 147 151 175 175 181 187 187 171 166 169 207 207 225 250 250 248 247 247 247 247 247 247 247 247 247 247 
247 247 247 247 247 247 247 247 247 247 248 252 252 222 202 202 115 107 105 100 100 106 111 111 124 126 127 131 131 127 123 123 119 118 118 115 115 110 105 105 96 94 94 97 97 98 100 100 103 104 104 103 103 96 86 86 66 58 59 76 76 77 79 79 66 60 60 60 52 51 48 48 52 54 54 78 79 85 100 100 109 115 115 108 107 104 95 95 110 122 122 142 145 144 142 142 111 83 83 59 55 61 93 93 109 126 126 143 147 150 175 175 180 187 187 172 167 170 208 208 225 250 250 248 247 247 247 247 247 247 247 247 247 247 
247 247 247 247 247 247 247 247 247 247 248 251 251 227 210 210 120 112 110 104 104 108 112 112 121 123 124 130 130 126 123 123 119 118 118 114 114 107 100 100 93 90 91 93 93 94 96 96 98 99 99 96 96 88 76 76 64 60 60 77 77 78 79 79 66 60 60 60 51 50 47 47 49 50 50 71 72 78 94 94 105 112 112 114 114 113 109 109 120 129 129 143 145 145 143 143 118 94 94 64 58 62 83 83 100 118 118 138 143 147 171 171 177 185 185 176 173 176 213 213 228 250 250 248 247 247 247 247 247 247 247 247 247 247 
247 247 247 247 247 247 247 247 247 247 248 249 249 239 232 232 134 125 122 114 114 114 114 114 115 115 117 127 127 125 124 124 121 120 118 110 110 99 88 88 83 82 82 84 84 84 85 85 86 86 85 78 78 68 52 52 61 64 65 80 80 80 79 79 67 62 62 62 50 48 45 45 42 40 40 55 56 62 77 77 93 104 104 130 132 135 145 145 146 146 146 147 147 147 147 147 135 124 124 74 65 64 57 57 77 99 99 127 134 137 160 160 169 180 180 188 190 193 226 226 235 249 249 248 247 247 247 247 247 247 247 247 247 247 
247 247 247 247 247 247 247 247 247 247 248 249 249 239 232 232 134 125 122 114 114 114 114 114 115 115 117 127 127 125 124 124 121 120 118 110 110 99 88 88 83 82 82 84 84 84 85 85 86 86 85 78 78 68 52 52 61 64 65 80 80 80 79 79 67 62 62 62 50 48 45 45 42 40 40 55 56 62 77 77 93 104 104 130 132 135 145 145 146 146 146 147 147 147 147 147 135 124 124 74 65 64 57 57 77 99 99 127 134 137 160 160 169 180 180 188 190 193 226 226 235 249 249 248 247 247 247 247 247 247 247 247 247 247 
247 247 247 247 247 247 247 247 247 247 247 248 248 245 243 243 169 163 154 127 127 126 126 126 119 118 121 132 132 127 123 123 121 121 119 110 110 97 84 84 78 77 77 79 79 78 76 76 76 76 75 63 63 60 56 56 68 72 73 83 83 83 84 84 78 76 76 76 68 68 66 66 66 66 66 81 82 85 94 94 103 109 109 132 134 137 147 147 147 148 148 147 147 146 144 144 138 132 132 98 92 86 59 59 71 85 85 123 133 135 156 156 165 177 177 192 196 200 236 236 241 248 248 247 247 247 247 247 247 247 247 247 247 247 
247 247 247 247 247 247 247 247 247 247 247 247 247 249 251 251 193 188 175 135 135 134 134 134 123 121 124 136 136 129 122 122 122 122 120 110 110 96 81 81 75 73 73 76 76 74 71 71 69 69 68 53 53 55 59 59 73 78 78 85 85 86 87 87 86 85 85 85 81 81 80 80 83 84 84 98 99 101 106 106 110 113 113 134 136 139 149 149 149 149 149 147 147 146 142 142 140 138 138 114 110 102 60 60 67 75 75 121 132 135 153 153 163 175 175 195 201 204 243 243 245 248 248 247 247 247 247 247 247 247 247 247 247 247 
247 247 247 247 247 247 247 247 247 247 247 247 247 249 251 251 193 188 175 135 135 134 134 134 123 121 124 136 136 129 122 122 122 122 120 110 110 96 81 81 75 73 73 76 76 74 71 71 69 69 68 53 53 55 59 59 73 78 78 85 85 86 87 87 86 85 85 85 81 81 80 80 83 84 84 98 99 101 106 106 110 113 113 134 136 139 149 149 149 149 149 147 147 146 142 142 140 138 138 114 110 102 60 60 67 75 75 121 132 135 153 153 163 175 175 195 201 204 243 243 245 248 248 247 247 247 247 247 247 247 247 247 247 247 
247 247 247 247 247 247 247 247 247 247 247 247 247 248 249 249 233 232 211 143 143 128 116 116 179 187 185 174 174 145 117 117 123 124 121 109 109 98 85 85 73 70 71 75 75 73 70 70 64 63 62 61 61 64 69 69 77 80 80 89 89 91 94 94 97 98 98 98 98 99 102 102 105 106 106 119 120 121 123 123 127 129 129 139 140 140 142 142 140 139 139 140 140 139 139 139 139 139 139 129 127 121 89 89 85 81 81 121 131 134 157 157 159 163 163 174 178 183 242 242 244 248 248 247 247 247 247 247 247 247 247 247 247 247 
247 247 247 247 247 247 247 247 247 247 247 247 247 248 249 249 237 236 214 144 144 128 115 115 184 193 190 178 178 146 117 117 123 124 122 109 109 98 86 86 73 70 71 75 75 73 70 70 64 62 62 62 62 65 70 70 77 80 80 89 89 91 95 95 98 99 99 99 100 101 104 104 107 108 108 121 122 123 125 125 128 130 130 139 140 140 142 142 140 138 138 139 139 139 139 139 139 139 139 131 129 123 92 92 87 82 82 121 131 134 157 157 159 162 162 173 176 181 242 242 244 248 248 247 247 247 247 247 247 247 247 247 247 247 
247 247 247 247 247 247 247 247 247 247 247 247 247 248 248 248 240 239 219 156 156 142 131 131 198 207 202 183 183 148 116 116 121 122 120 108 108 98 88 88 73 70 71 75 75 74 72 72 65 63 63 64 64 67 71 71 78 80 81 87 87 88 90 90 92 93 93 93 92 93 95 95 97 99 99 112 112 114 118 118 121 123 123 131 132 132 134 134 131 129 129 121 119 119 119 119 124 129 129 125 124 120 94 94 92 89 89 123 131 135 161 161 169 179 179 185 187 192 243 243 245 248 248 247 247 247 247 247 247 247 247 247 247 247 
247 247 247 247 247 247 247 247 247 247 247 247 247 247 247 247 248 248 235 194 194 188 184 184 244 252 241 199 199 154 112 112 117 118 116 107 107 101 94 94 75 70 71 78 78 78 79 79 68 65 66 72 72 74 77 77 81 82 82 81 81 79 76 76 74 73 73 73 69 68 67 67 68 69 69 81 82 86 97 97 100 102 102 106 106 107 109 109 105 101 101 63 58 58 56 56 77 97 97 108 110 109 103 103 107 112 112 129 133 138 174 174 200 234 234 226 224 226 247 247 247 247 247 247 247 247 247 247 247 247 247 247 247 247 
247 247 247 247 247 247 247 247 247 247 247 247 247 247 247 247 248 248 235 194 194 188 184 184 244 252 241 199 199 154 112 112 117 118 116 107 107 101 94 94 75 70 71 78 78 78 79 79 68 65 66 72 72 74 77 77 81 82 82 81 81 79 76 76 74 73 73 73 69 68 67 67 68 69 69 81 82 86 97 97 100 102 102 106 106 107 109 109 105 101 101 63 58 58 56 56 77 97 97 108 110 109 103 103 107 112 112 129 133 138 174 174 200 234 234 226 224 226 247 247 247 247 247 247 247 247 247 247 247 247 247 247 247 247 
247 247 247 247 247 247 247 247 247 247 247 247 247 247 247 247 247 247 242 225 225 223 221 221 248 251 243 212 212 162 117 117 116 116 114 105 105 102 98 98 77 72 72 77 77 81 87 87 75 72 71 70 70 67 64 64 59 57 57 51 51 52 56 56 63 67 67 67 64 65 66 66 73 77 77 83 83 89 104 104 115 123 123 132 133 134 137 137 137 137 137 70 61 55 29 29 50 68 68 104 110 110 107 107 116 126 126 133 135 141 185 185 211 244 244 240 239 239 247 247 247 247 247 247 247 247 247 247 247 247 247 247 247 247 
247 247 247 247 247 247 247 247 247 247 247 247 247 247 247 247 247 247 248 250 250 251 251 251 251 251 245 222 222 169 121 121 115 114 112 104 104 103 101 101 79 73 73 76 76 84 94 94 81 77 76 68 68 62 54 54 42 38 38 27 27 32 40 40 55 62 62 62 61 62 65 65 77 83 83 84 84 91 109 109 127 139 139 153 154 155 160 160 163 165 165 76 64 53 8 8 28 46 46 101 111 111 111 111 123 137 137 136 136 143 194 194 220 252 252 250 250 250 247 247 247 247 247 247 247 247 247 247 247 247 247 247 247 247 
247 247 247 247 247 247 247 247 247 247 247 247 247 247 247 247 247 247 248 250 250 251 251 251 251 251 245 222 222 169 121 121 115 114 112 104 104 103 101 101 79 73 73 76 76 84 94 94 81 77 76 68 68 62 54 54 42 38 38 27 27 32 40 40 55 62 62 62 61 62 65 65 77 83 83 84 84 91 109 109 127 139 139 153 154 155 160 160 163 165 165 76 64 53 8 8 28 46 46 101 111 111 111 111 123 137 137 136 136 143 194 194 220 252 252 250 250 250 247 247 247 247 247 247 247 247 247 247 247 247 247 247 247 247 
247 247 247 247 247 247 247 247 247 247 247 247 247 247 247 247 247 247 247 247 247 247 247 247 248 248 247 243 243 193 147 147 117 111 110 101 101 103 104 104 91 88 86 70 70 82 97 97 93 92 90 70 70 52 25 25 14 10 11 38 38 54 80 80 106 118 118 118 125 128 135 135 153 163 163 166 167 169 174 174 187 196 196 191 191 192 196 196 194 193 193 103 91 81 42 42 76 107 107 122 125 124 121 121 131 142 142 141 140 149 214 214 230 250 250 248 247 247 247 247 247 247 247 247 247 247 247 247 247 247 247 247 247 247 
247 247 247 247 247 247 247 247 247 247 247 247 247 247 247 247 247 247 247 247 247 247 247 247 248 248 248 246 246 197 151 151 117 111 109 101 101 103 105 105 93 90 87 69 69 82 98 98 95 94 92 71 71 51 21 21 10 6 7 40 40 57 86 86 113 126 126 126 134 138 145 145 164 174 174 178 178 179 183 183 196 204 204 197 196 197 201 201 199 197 197 107 95 85 47 47 82 115 115 125 127 126 123 123 133 143 143 141 141 150 217 217 232 250 250 248 247 247 247 247 247 247 247 247 247 247 247 247 247 247 247 247 247 247 
247 247 247 247 247 247 247 247 247 247 247 247 247 247 247 247 247 247 247 247 247 247 247 247 248 248 248 247 247 202 160 160 119 111 109 101 101 102 103 103 96 94 91 69 69 81 96 96 96 96 94 74 74 57 31 31 16 11 12 44 44 61 92 92 117 130 130 130 138 141 149 149 166 175 175 181 182 182 185 185 196 203 203 196 195 196 198 198 192 188 188 107 96 89 62 62 94 123 123 126 126 126 125 125 133 141 141 143 144 153 221 221 233 250 250 248 247 247 247 247 247 247 247 247 247 247 247 247 247 247 247 247 247 247 
247 247 247 247 247 247 247 247 247 247 247 247 247 247 247 247 247 247 247 247 247 247 247 247 247 247 248 252 252 224 198 198 126 112 110 101 101 98 94 94 107 110 105 70 70 79 90 90 102 106 104 86 86 79 69 69 42 32 33 61 61 80 115 115 135 144 144 144 154 158 166 166 174 179 179 196 197 196 192 192 197 200 200 194 193 192 187 187 169 154 154 107 101 105 123 123 140 156 156 129 124 126 135 135 135 136 136 150 154 164 235 235 241 249 249 247 247 247 247 247 247 247 247 247 247 247 247 247 247 247 247 247 247 247 
247 247 247 247 247 247 247 247 247 247 247 247 247 247 247 247 247 247 247 247 247 247 247 247 247 247 248 252 252 224 198 198 126 112 110 101 101 98 94 94 107 110 105 70 70 79 90 90 102 106 104 86 86 79 69 69 42 32 33 61 61 80 115 115 135 144 144 144 154 158 166 166 174 179 179 196 197 196 192 192 197 200 200 194 193 192 187 187 169 154 154 107 101 105 123 123 140 156 156 129 124 126 135 135 135 136 136 150 154 164 235 235 241 249 249 247 247 247 247 247 247 247 247 247 247 247 247 247 247 247 247 247 247 247 
247 247 247 247 247 247 247 247 247 247 247 247 247 247 247 247 247 247 247 247 247 247 247 247 247 247 248 250 250 234 219 219 139 124 120 100 100 96 91 91 104 108 104 79 79 80 82 82 103 110 108 88 88 88 89 89 71 64 64 64 64 73 90 90 106 114 114 114 117 120 126 126 138 145 145 164 165 165 165 165 165 165 165 158 158 158 159 159 148 139 139 123 120 124 141 141 149 157 157 129 125 126 137 137 135 134 134 160 166 175 241 241 244 248 248 247 247 247 247 247 247 247 247 247 247 247 247 247 247 247 247 247 247 247 
247 247 247 247 247 247 247 247 247 247 247 247 247 247 247 247 247 247 247 247 247 247 247 247 247 247 247 249 249 243 238 238 152 136 130 100 100 94 88 88 102 106 104 87 87 82 75 75 104 113 111 89 89 96 107 107 98 94 93 67 67 67 67 67 80 86 86 86 83 85 89 89 105 114 114 134 135 137 141 141 136 133 133 126 125 127 133 133 129 126 126 137 138 142 158 158 158 158 158 130 125 127 138 138 135 132 132 169 178 186 247 247 247 247 247 247 247 247 247 247 247 247 247 247 247 247 247 247 247 247 247 247 247 247 
247 247 247 247 247 247 247 247 247 247 247 247 247 247 247 247 247 247 247 247 247 247 247 247 247 247 247 249 249 243 238 238 152 136 130 100 100 94 88 88 102 106 104 87 87 82 75 75 104 113 111 89 89 96 107 107 98 94 93 67 67 67 67 67 80 86 86 86 83 85 89 89 105 114 114 134 135 137 141 141 136 133 133 126 125 127 133 133 129 126 126 137 138 142 158 158 158 158 158 130 125 127 138 138 135 132 132 169 178 186 247 247 247 247 247 247 247 247 247 247 247 247 247 247 247 247 247 247 247 247 247 247 247 247 
247 247 247 247 247 247 247 247 247 247 247 247 247 247 247 247 247 247 247 247 247 247 247 247 247 247 247 247 247 248 250 250 194 183 169 97 97 93 88 88 91 91 92 96 96 83 67 67 95 105 104 97 97 100 106 106 107 107 107 89 89 87 82 82 83 83 83 83 89 93 102 102 112 117 117 122 122 123 124 124 129 132 132 150 152 152 154 154 150 148 148 157 158 159 165 165 160 156 156 136 132 133 138 138 138 138 138 194 208 213 249 249 248 247 247 247 247 247 247 247 247 247 247 247 247 247 247 247 247 247 247 247 247 247 
247 247 247 247 247 247 247 247 247 247 247 247 247 247 247 247 247 247 247 247 247 247 247 247 247 247 247 247 247 250 252 252 202 192 177 97 97 93 88 88 89 89 90 98 98 83 65 65 94 103 103 98 98 101 106 106 109 110 109 94 94 91 85 85 84 83 83 83 90 95 105 105 113 118 118 120 120 120 121 121 128 132 132 155 157 157 158 158 155 152 152 161 162 163 166 166 161 156 156 137 133 134 138 138 138 139 139 199 214 218 250 250 249 247 247 247 247 247 247 247 247 247 247 247 247 247 247 247 247 247 247 247 247 247 
247 247 247 247 247 247 247 247 247 247 247 247 247 247 247 247 247 247 247 247 247 247 247 247 247 247 247 247 247 249 251 251 208 200 184 103 103 95 87 87 88 88 89 97 97 84 67 67 92 100 100 100 100 102 105 105 109 110 110 96 96 93 87 87 85 84 84 84 90 94 104 104 112 117 117 119 120 120 121 121 127 132 132 153 155 155 157 157 155 153 153 162 163 164 166 166 160 154 154 138 135 135 138 138 140 143 143 204 219 222 249 249 248 247 247 247 247 247 247 247 247 247 247 247 247 247 247 247 247 247 247 247 247 247 
247 247 247 247 247 247 247 247 247 247 247 247 247 247 247 247 247 247 247 247 247 247 247 247 247 247 247 247 247 248 249 249 244 243 225 133 133 109 84 84 83 83 84 93 93 85 75 75 83 85 87 110 110 105 97 97 109 113 113 107 107 103 97 97 94 92 92 92 89 92 98 98 106 111 111 118 118 119 120 120 127 131 131 143 144 146 151 151 157 162 162 170 171 170 166 166 156 146 146 144 144 143 136 136 151 168 168 229 244 244 248 248 248 247 247 247 247 247 247 247 247 247 247 247 247 247 247 247 247 247 247 247 247 247 
247 247 247 247 247 247 247 247 247 247 247 247 247 247 247 247 247 247 247 247 247 247 247 247 247 247 247 247 247 248 249 249 244 243 225 133 133 109 84 84 83 83 84 93 93 85 75 75 83 85 87 110 110 105 97 97 109 113 113 107 107 103 97 97 94 92 92 92 89 92 98 98 106 111 111 118 118 119 120 120 127 131 131 143 144 146 151 151 157 162 162 170 171 170 166 166 156 146 146 144 144 143 136 136 151 168 168 229 244 244 248 248 248 247 247 247 247 247 247 247 247 247 247 247 247 247 247 247 247 247 247 247 247 247 
247 247 247 247 247 247 247 247 247 247 247 247 247 247 247 247 247 247 247 247 247 247 247 247 247 247 247 247 247 247 248 248 247 247 235 170 170 132 90 90 84 82 83 88 88 85 81 81 79 79 81 111 111 104 93 93 104 108 108 110 110 107 101 101 96 94 94 94 88 89 90 90 96 99 99 109 109 111 115 115 120 123 123 136 137 140 150 150 158 164 164 169 169 168 162 162 154 147 147 146 146 145 141 141 166 194 194 236 247 247 247 247 247 247 247 247 247 247 247 247 247 247 247 247 247 247 247 247 247 247 247 247 247 247 
247 247 247 247 247 247 247 247 247 247 247 247 247 247 247 247 247 247 247 247 247 247 247 247 247 247 247 247 247 247 247 247 251 252 245 210 210 156 97 97 84 81 81 83 83 85 87 87 76 72 75 112 112 103 90 90 99 103 103 113 113 110 105 105 100 97 97 97 88 86 82 82 85 87 87 99 100 103 109 109 112 114 114 129 130 135 149 149 159 166 166 168 168 166 158 158 153 148 148 148 148 148 147 147 183 222 222 244 250 250 247 247 247 247 247 247 247 247 247 247 247 247 247 247 247 247 247 247 247 247 247 247 247 247 
247 247 247 247 247 247 247 247 247 247 247 247 247 247 247 247 247 247 247 247 247 247 247 247 247 247 247 247 247 247 247 247 251 252 245 210 210 156 97 97 84 81 81 83 83 85 87 87 76 72 75 112 112 103 90 90 99 103 103 113 113 110 105 105 100 97 97 97 88 86 82 82 85 87 87 99 100 103 109 109 112 114 114 129 130 135 149 149 159 166 166 168 168 166 158 158 153 148 148 148 148 148 147 147 183 222 222 244 250 250 247 247 247 247 247 247 247 247 247 247 247 247 247 247 247 247 247 247 247 247 247 247 247 247 
247 247 247 247 247 247 247 247 247 247 247 247 247 247 247 247 247 247 247 247 247 247 247 247 247 247 247 247 247 247 247 247 248 248 247 244 244 202 158 158 97 82 82 80 80 83 87 87 76 73 75 98 98 100 102 102 96 93 94 110 110 109 109 109 105 103 103 103 94 91 84 84 85 85 85 92 92 95 103 103 109 113 113 131 132 137 152 152 160 166 166 164 164 162 157 157 156 155 155 149 148 154 188 188 215 244 244 247 248 247 247 247 247 247 247 247 247 247 247 247 247 247 247 247 247 247 247 247 247 247 247 247 247 247 
247 247 247 247 247 247 247 247 247 247 247 247 247 247 247 247 247 247 247 247 247 247 247 247 247 247 247 247 247 247 247 247 247 247 248 252 252 214 173 173 100 82 82 80 80 83 87 87 76 73 75 95 95 99 105 105 95 91 92 109 109 109 110 110 107 105 105 105 96 92 85 85 85 85 85 90 90 93 101 101 108 113 113 131 133 138 153 153 160 166 166 163 163 162 157 157 157 157 157 149 148 156 199 199 223 250 250 248 247 247 247 247 247 247 247 247 247 247 247 247 247 247 247 247 247 247 247 247 247 247 247 247 247 247 
247 247 247 247 247 247 247 247 247 247 247 247 247 247 247 247 247 247 247 247 247 247 247 247 247 247 247 247 247 247 247 247 247 247 248 251 251 218 181 181 107 88 87 79 79 82 86 86 77 74 76 93 93 98 106 106 95 91 92 108 108 108 109 109 106 105 105 105 97 94 87 87 87 87 87 92 92 95 103 103 110 115 115 133 134 139 153 153 161 166 166 163 163 162 158 158 157 157 157 152 151 160 204 204 226 250 250 247 247 247 247 247 247 247 247 247 247 247 247 247 247 247 247 247 247 247 247 247 247 247 247 247 247 247 
247 247 247 247 247 247 247 247 247 247 247 247 247 247 247 247 247 247 247 247 247 247 247 247 247 247 247 247 247 247 247 247 247 247 247 249 249 247 244 244 158 136 129 75 75 78 81 81 83 84 83 75 75 90 113 113 99 94 94 101 101 103 106 106 105 104 104 104 103 104 105 105 106 106 106 108 108 110 115 115 125 131 131 143 144 147 158 158 162 166 166 164 164 164 163 163 162 161 161 174 176 187 244 244 246 248 248 247 247 247 247 247 247 247 247 247 247 247 247 247 247 247 247 247 247 247 247 247 247 247 247 247 247 247 
247 247 247 247 247 247 247 247 247 247 247 247 247 247 247 247 247 247 247 247 247 247 247 247 247 247 247 247 247 247 247 247 247 247 247 249 249 247 244 244 158 136 129 75 75 78 81 81 83 84 83 75 75 90 113 113 99 94 94 101 101 103 106 106 105 104 104 104 103 104 105 105 106 106 106 108 108 110 115 115 125 131 131 143 144 147 158 158 162 166 166 164 164 164 163 163 162 161 161 174 176 187 244 244 246 248 248 247 247 247 247 247 247 247 247 247 247 247 247 247 247 247 247 247 247 247 247 247 247 247 247 247 247 247 
247 247 247 247 247 247 247 247 247 247 247 247 247 247 247 247 247 247 247 247 247 247 247 247 247 247 247 247 247 247 247 247 247 247 247 248 248 248 247 247 191 176 166 89 89 84 78 78 84 86 85 75 75 86 103 103 103 102 102 101 101 103 105 105 104 104 104 104 103 104 107 107 109 110 110 114 114 117 123 123 131 137 137 146 146 149 158 158 161 163 163 163 163 163 165 165 165 165 165 192 197 205 246 246 247 247 247 247 247 247 247 247 247 247 247 247 247 247 247 247 247 247 247 247 247 247 247 247 247 247 247 247 247 247 
247 247 247 247 247 247 247 247 247 247 247 247 247 247 247 247 247 247 247 247 247 247 247 247 247 247 247 247 247 247 247 247 247 247 247 247 247 249 251 251 233 228 213 106 106 92 74 74 85 88 87 75 75 81 91 91 107 113 113 101 101 102 105 105 104 104 104 104 103 105 110 110 114 116 116 123 123 126 133 133 140 144 144 150 150 152 158 158 159 160 160 162 162 163 168 168 169 170 170 215 224 228 250 250 249 247 247 247 247 247 247 247 247 247 247 247 247 247 247 247 247 247 247 247 247 247 247 247 247 247 247 247 247 247 
247 247 247 247 247 247 247 247 247 247 247 247 247 247 247 247 247 247 247 247 247 247 247 247 247 247 247 247 247 247 247 247 247 247 247 247 247 249 251 251 233 228 213 106 106 92 74 74 85 88 87 75 75 81 91 91 107 113 113 101 101 102 105 105 104 104 104 104 103 105 110 110 114 116 116 123 123 126 133 133 140 144 144 150 150 152 158 158 159 160 160 162 162 163 168 168 169 170 170 215 224 228 250 250 249 247 247 247 247 247 247 247 247 247 247 247 247 247 247 247 247 247 247 247 247 247 247 247 247 247 247 247 247 247 
247 247 247 247 247 247 247 247 247 247 247 247 247 247 247 247 247 247 247 247 247 247 247 247 247 247 247 247 247 247 247 247 247 247 247 247 247 247 248 248 247 247 239 180 180 138 84 84 82 82 82 81 81 80 79 79 102 111 111 108 108 108 109 109 108 108 108 108 108 111 115 115 119 121 121 126 127 129 135 135 140 144 144 153 154 155 160 160 157 155 155 163 164 166 172 172 183 194 194 235 243 244 248 248 247 247 247 247 247 247 247 247 247 247 247 247 247 247 247 247 247 247 247 247 247 247 247 247 247 247 247 247 247 247 
247 247 247 247 247 247 247 247 247 247 247 247 247 247 247 247 247 247 247 247 247 247 247 247 247 247 247 247 247 247 247 247 247 247 247 247 247 247 247 247 252 253 247 204 204 153 87 87 82 80 80 83 83 80 76 76 100 110 110 110 110 110 110 110 109 109 109 109 110 112 117 117 121 123 123 128 128 130 136 136 141 144 144 154 155 156 161 161 157 154 154 164 165 167 173 173 188 202 202 241 249 249 247 247 247 247 247 247 247 247 247 247 247 247 247 247 247 247 247 247 247 247 247 247 247 247 247 247 247 247 247 247 247 247 
247 247 247 247 247 247 247 247 247 247 247 247 247 247 247 247 247 247 247 247 247 247 247 247 247 247 247 247 247 247 247 247 247 247 247 247 247 247 247 247 251 252 247 208 208 158 94 94 83 80 80 83 83 80 76 76 99 108 108 110 110 110 110 110 110 110 110 110 110 112 117 117 120 123 123 127 128 130 135 135 140 143 143 153 154 156 160 160 157 154 154 164 165 167 174 174 190 205 205 242 249 249 247 247 247 247 247 247 247 247 247 247 247 247 247 247 247 247 247 247 247 247 247 247 247 247 247 247 247 247 247 247 247 247 
247 247 247 247 247 247 247 247 247 247 247 247 247 247 247 247 247 247 247 247 247 247 247 247 247 247 247 247 247 247 247 247 247 247 247 247 247 247 247 247 247 247 248 253 253 220 177 177 101 77 77 79 79 77 74 74 85 89 90 109 109 111 115 115 120 122 122 122 115 115 116 116 118 119 119 122 122 123 127 127 133 137 137 146 147 149 156 156 156 156 156 168 170 173 183 183 210 235 235 247 249 249 247 247 247 247 247 247 247 247 247 247 247 247 247 247 247 247 247 247 247 247 247 247 247 247 247 247 247 247 247 247 247 247 
247 247 247 247 247 247 247 247 247 247 247 247 247 247 247 247 247 247 247 247 247 247 247 247 247 247 247 247 247 247 247 247 247 247 247 247 247 247 247 247 247 247 248 253 253 220 177 177 101 77 77 79 79 77 74 74 85 89 90 109 109 111 115 115 120 122 122 122 115 115 116 116 118 119 119 122 122 123 127 127 133 137 137 146 147 149 156 156 156 156 156 168 170 173 183 183 210 235 235 247 249 249 247 247 247 247 247 247 247 247 247 247 247 247 247 247 247 247 247 247 247 247 247 247 247 247 247 247 247 247 247 247 247 247 
247 247 247 247 247 247 247 247 247 247 247 247 247 247 247 247 247 247 247 247 247 247 247 247 247 247 247 247 247 247 247 247 247 247 247 247 247 247 247 247 247 247 247 251 251 231 206 206 134 112 109 75 75 74 71 71 79 82 83 101 101 103 108 108 114 117 117 117 116 116 117 117 119 120 120 122 122 123 125 125 132 136 136 143 144 146 153 153 154 155 155 165 166 172 194 194 218 241 241 247 248 248 247 247 247 247 247 247 247 247 247 247 247 247 247 247 247 247 247 247 247 247 247 247 247 247 247 247 247 247 247 247 247 247 
247 247 247 247 247 247 247 247 247 247 247 247 247 247 247 247 247 247 247 247 247 247 247 247 247 247 247 247 247 247 247 247 247 247 247 247 247 247 247 247 247 247 247 248 248 249 250 250 185 164 156 70 70 69 68 68 71 72 73 89 89 92 98 98 105 109 109 109 118 119 120 120 121 121 121 122 122 122 123 123 130 135 135 139 139 141 149 149 152 155 155 159 160 170 211 211 231 250 250 247 247 247 247 247 247 247 247 247 247 247 247 247 247 247 247 247 247 247 247 247 247 247 247 247 247 247 247 247 247 247 247 247 247 247 
247 247 247 247 247 247 247 247 247 247 247 247 247 247 247 247 247 247 247 247 247 247 247 247 247 247 247 247 247 247 247 247 247 247 247 247 247 247 247 247 247 247 247 248 248 249 250 250 185 164 156 70 70 69 68 68 71 72 73 89 89 92 98 98 105 109 109 109 118 119 120 120 121 121 121 122 122 122 123 123 130 135 135 139 139 141 149 149 152 155 155 159 160 170 211 211 231 250 250 247 247 247 247 247 247 247 247 247 247 247 247 247 247 247 247 247 247 247 247 247 247 247 247 247 247 247 247 247 247 247 247 247 247 247 
247 247 247 247 247 247 247 247 247 247 247 247 247 247 247 247 247 247 247 247 247 247 247 247 247 247 247 247 247 247 247 247 247 247 247 247 247 247 247 247 247 247 247 247 247 248 249 249 231 225 218 135 135 111 74 74 65 61 61 71 71 74 81 81 88 91 91 91 102 105 111 111 115 117 117 121 121 121 119 119 123 126 126 129 129 130 133 133 132 132 132 160 164 178 235 235 242 248 248 247 247 247 247 247 247 247 247 247 247 247 247 247 247 247 247 247 247 247 247 247 247 247 247 247 247 247 247 247 247 247 247 247 247 247 
247 247 247 247 247 247 247 247 247 247 247 247 247 247 247 247 247 247 247 247 247 247 247 247 247 247 247 247 247 247 247 247 247 247 247 247 247 247 247 247 247 247 247 247 247 248 249 249 249 249 242 161 161 127 76 76 62 57 57 64 64 68 74 74 81 85 85 85 96 100 107 107 113 116 116 121 121 120 118 118 120 122 122 125 125 125 127 127 125 123 123 161 166 182 245 245 247 248 248 247 247 247 247 247 247 247 247 247 247 247 247 247 247 247 247 247 247 247 247 247 247 247 247 247 247 247 247 247 247 247 247 247 247 247 
247 247 247 247 247 247 247 247 247 247 247 247 247 247 247 247 247 247 247 247 247 247 247 247 247 247 247 247 247 247 247 247 247 247 247 247 247 247 247 247 247 247 247 247 247 248 249 249 249 249 242 165 165 131 81 81 66 60 60 64 64 68 73 73 80 84 84 84 95 98 105 105 111 115 115 119 120 119 117 117 119 121 121 123 123 124 126 126 125 124 124 163 169 184 245 245 246 248 248 247 247 247 247 247 247 247 247 247 247 247 247 247 247 247 247 247 247 247 247 247 247 247 247 247 247 247 247 247 247 247 247 247 247 247 
247 247 247 247 247 247 247 247 247 247 247 247 247 247 247 247 247 247 247 247 247 247 247 247 247 247 247 247 247 247 247 247 247 247 247 247 247 247 247 247 247 247 247 247 247 247 247 247 248 248 248 250 250 235 213 213 159 138 136 76 76 70 58 58 57 56 56 56 63 66 73 73 81 86 86 93 93 92 91 91 92 93 93 92 92 93 95 95 123 145 145 223 234 237 250 250 248 247 247 247 247 247 247 247 247 247 247 247 247 247 247 247 247 247 247 247 247 247 247 247 247 247 247 247 247 247 247 247 247 247 247 247 247 247 
247 247 247 247 247 247 247 247 247 247 247 247 247 247 247 247 247 247 247 247 247 247 247 247 247 247 247 247 247 247 247 247 247 247 247 247 247 247 247 247 247 247 247 247 247 247 247 247 248 248 248 250 250 235 213 213 159 138 136 76 76 70 58 58 57 56 56 56 63 66 73 73 81 86 86 93 93 92 91 91 92 93 93 92 92 93 95 95 123 145 145 223 234 237 250 250 248 247 247 247 247 247 247 247 247 247 247 247 247 247 247 247 247 247 247 247 247 247 247 247 247 247 247 247 247 247 247 247 247 247 247 247 247 247 
247 247 247 247 247 247 247 247 247 247 247 247 247 247 247 247 247 247 247 247 247 247 247 247 247 247 247 247 247 247 247 247 247 247 247 247 247 247 247 247 247 247 247 247 247 247 247 247 247 248 248 249 249 240 227 227 192 179 177 131 131 123 108 108 97 91 91 91 76 74 69 69 73 75 75 81 82 81 81 81 84 86 86 98 99 106 127 127 156 180 180 232 240 241 249 249 248 247 247 247 247 247 247 247 247 247 247 247 247 247 247 247 247 247 247 247 247 247 247 247 247 247 247 247 247 247 247 247 247 247 247 247 247 247 
247 247 247 247 247 247 247 247 247 247 247 247 247 247 247 247 247 247 247 247 247 247 247 247 247 247 247 247 247 247 247 247 247 247 247 247 247 247 247 247 247 247 247 247 247 247 247 247 247 247 247 247 247 249 252 252 251 251 250 230 230 218 198 198 168 154 154 154 99 87 63 63 59 56 56 62 62 62 63 63 70 74 74 110 113 130 183 183 216 242 242 249 250 249 247 247 247 247 247 247 247 247 247 247 247 247 247 247 247 247 247 247 247 247 247 247 247 247 247 247 247 247 247 247 247 247 247 247 247 247 247 247 247 247 
247 247 247 247 247 247 247 247 247 247 247 247 247 247 247 247 247 247 247 247 247 247 247 247 247 247 247 247 247 247 247 247 247 247 247 247 247 247 247 247 247 247 247 247 247 247 247 247 247 247 247 247 247 249 252 252 251 251 250 230 230 218 198 198 168 154 154 154 99 87 63 63 59 56 56 62 62 62 63 63 70 74 74 110 113 130 183 183 216 242 242 249 250 249 247 247 247 247 247 247 247 247 247 247 247 247 247 247 247 247 247 247 247 247 247 247 247 247 247 247 247 247 247 247 247 247 247 247 247 247 247 247 247 247 
247 247 247 247 247 247 247 247 247 247 247 247 247 247 247 247 247 247 247 247 247 247 247 247 247 247 247 247 247 247 247 247 247 247 247 247 247 247 247 247 247 247 247 247 247 247 247 247 247 247 247 247 247 248 249 249 248 248 248 244 244 241 235 235 226 222 222 222 198 189 170 170 161 156 156 154 154 155 157 157 167 174 174 200 203 209 230 230 239 246 246 248 248 248 247 247 247 247 247 247 247 247 247 247 247 247 247 247 247 247 247 247 247 247 247 247 247 247 247 247 247 247 247 247 247 247 247 247 247 247 247 247 247 247 
247 247 247 247 247 247 247 247 247 247 247 247 247 247 247 247 247 247 247 247 247 247 247 247 247 247 247 247 247 247 247 247 247 247 247 247 247 247 247 247 247 247 247 247 247 247 247 247 247 247 247 247 247 247 247 247 247 247 247 250 250 251 253 253 254 254 254 254 245 237 221 221 209 203 203 197 197 198 202 202 213 221 221 243 245 247 252 252 250 248 248 247 247 247 247 247 247 247 247 247 247 247 247 247 247 247 247 247 247 247 247 247 247 247 247 247 247 247 247 247 247 247 247 247 247 247 247 247 247 247 247 247 247 247 
247 247 247 247 247 247 247 247 247 247 247 247 247 247 247 247 247 247 247 247 247 247 247 247 247 247 247 247 247 247 247 247 247 247 247 247 247 247 247 247 247 247 247 247 247 247 247 247 247 247 247 247 247 247 247 247 247 247 247 250 250 251 253 253 254 254 254 254 245 237 221 221 209 203 203 197 197 198 202 202 213 221 221 243 245 247 252 252 250 248 248 247 247 247 247 247 247 247 247 247 247 247 247 247 247 247 247 247 247 247 247 247 247 247 247 247 247 247 247 247 247 247 247 247 247 247 247 247 247 247 247 247 247 247 
