247 247 247 247 247 247 247 247 247 247 247 247 247 247 247 247 247 247 247 247 248 249 249 249 211 198 160 151 141 128 124 124 122 118 119 120 109 105 94 91 87 83 82 86 89 95 94 94 93 94 102 105 109 106 105 113 118 134 142 149 159 167 227 236 251 248 247 247 247 247 247 247 247 247 247 247 247 247 247 247 247 247 247 247 247 247 
247 247 247 247 247 247 247 247 247 247 247 247 247 247 247 247 247 247 247 247 248 248 239 235 196 185 156 146 136 124 120 121 118 113 114 114 105 102 89 88 87 84 83 85 88 93 94 94 95 97 105 107 110 106 104 110 114 125 134 143 155 162 209 222 245 247 247 247 247 247 247 247 247 247 247 247 247 247 247 247 247 247 247 247 247 247 
247 247 247 247 247 247 247 247 247 247 247 247 247 247 247 247 247 247 247 249 248 245 215 198 156 151 147 135 123 113 110 112 109 102 100 99 96 93 77 81 87 86 86 84 85 89 92 95 102 104 114 114 114 106 102 103 103 101 115 128 142 147 164 188 230 242 249 247 247 247 247 247 247 247 247 247 247 247 247 247 247 247 247 247 247 247 
247 247 247 247 247 247 247 247 247 247 247 247 247 247 247 247 247 248 248 247 234 211 183 168 142 138 132 122 111 104 102 103 102 101 98 96 92 90 84 89 95 97 98 107 105 100 100 99 113 117 127 125 122 112 107 112 112 113 118 123 135 139 149 167 197 229 247 248 248 247 247 247 247 247 247 247 247 247 247 247 247 247 247 247 247 247 
247 247 247 247 247 247 247 247 247 247 247 247 247 247 247 247 247 249 249 245 223 184 158 144 131 128 121 111 101 97 96 96 97 100 96 93 89 88 89 95 102 106 108 126 121 109 106 103 122 127 138 134 128 117 112 120 120 122 121 120 130 132 138 150 172 219 245 249 249 247 247 247 247 247 247 247 247 247 247 247 247 247 247 247 247 247 
247 247 247 247 247 247 247 247 247 247 247 247 247 247 247 247 248 247 243 193 177 149 129 118 99 98 100 98 97 105 108 114 119 130 130 131 131 133 138 137 136 137 138 149 149 148 149 149 159 161 166 166 167 164 162 171 173 179 174 169 166 165 161 159 156 172 180 219 228 249 248 247 247 247 247 247 247 247 247 247 247 247 247 247 247 247 
247 247 247 247 247 247 247 247 247 247 247 247 247 247 247 248 248 241 234 176 163 140 121 111 92 92 97 99 100 112 116 121 127 138 139 140 141 143 148 146 143 144 145 154 154 156 158 159 166 168 171 173 174 173 173 181 183 191 187 183 178 176 170 165 156 162 166 208 219 249 248 247 247 247 247 247 247 247 247 247 247 247 247 247 247 247 
247 247 247 247 247 247 247 247 247 247 247 247 247 247 248 249 250 197 179 123 123 124 106 96 89 92 108 121 135 150 155 155 155 156 156 156 154 154 156 156 155 154 153 153 155 159 165 169 172 173 175 175 176 177 178 184 187 197 204 211 212 212 206 198 183 161 148 171 187 242 245 248 247 247 247 247 247 247 247 247 247 247 247 247 247 247 
247 247 247 247 247 247 247 247 247 247 247 247 247 247 249 240 232 172 154 115 115 115 101 93 94 99 118 129 141 152 155 154 154 154 155 155 154 154 155 155 154 153 153 152 153 157 162 166 170 171 173 174 174 175 176 181 183 192 199 206 210 210 208 203 193 172 160 160 172 217 230 245 247 247 247 247 247 247 247 247 247 247 247 247 247 247 
247 247 247 247 247 247 247 247 247 247 247 247 247 248 251 227 205 135 116 102 102 101 93 89 102 109 133 142 151 154 155 153 153 152 153 153 155 155 155 154 153 152 152 151 152 154 159 163 167 168 171 171 172 172 172 176 178 184 192 199 207 209 212 211 209 189 178 145 149 179 209 241 246 248 247 247 247 247 247 247 247 247 247 247 247 247 
247 247 247 247 247 247 247 247 247 247 247 247 248 246 239 197 159 120 109 98 99 101 95 91 109 116 136 142 148 150 150 150 150 151 151 151 153 154 154 154 153 153 153 153 154 156 160 163 165 166 168 169 171 171 171 174 176 183 188 192 201 203 209 209 210 198 191 152 150 156 186 218 242 250 247 247 247 247 247 247 247 247 247 247 247 247 
247 247 247 247 247 247 247 247 247 247 247 247 249 245 234 184 137 113 106 97 98 101 95 92 113 120 138 142 146 148 148 149 149 150 150 150 153 153 154 154 154 154 154 154 155 157 160 163 164 164 167 168 170 171 171 174 176 182 186 189 198 201 208 209 211 203 198 155 150 145 175 208 241 251 247 247 247 247 247 247 247 247 247 247 247 247 
247 247 247 247 247 247 247 247 247 247 247 247 251 239 199 151 107 99 98 101 97 90 92 93 110 116 134 137 140 141 141 143 143 144 147 148 151 152 154 155 157 155 155 156 157 160 161 163 165 166 171 173 176 176 176 178 180 183 185 188 193 195 199 201 205 202 201 169 162 148 164 181 229 244 248 248 247 247 247 247 247 247 247 247 247 247 
247 247 247 247 247 247 247 247 247 247 247 247 251 236 187 143 102 98 97 103 99 93 92 92 108 114 132 135 138 139 139 140 141 142 144 146 150 151 154 156 157 156 155 156 157 160 162 163 165 166 172 175 178 178 178 180 181 185 187 189 193 194 198 200 204 202 201 170 164 151 164 177 222 237 248 248 247 247 247 247 247 247 247 247 247 247 
247 247 247 247 247 247 247 247 247 247 247 247 250 226 152 120 90 94 96 110 107 101 95 91 103 108 126 130 134 133 133 133 134 135 138 140 147 149 156 157 159 158 157 156 158 162 163 163 166 167 176 180 187 185 184 184 185 190 192 194 193 193 194 196 200 201 201 171 167 163 164 166 203 216 250 249 247 247 247 247 247 247 247 247 247 247 
247 247 247 247 247 247 247 247 247 247 248 248 242 214 129 110 92 95 97 104 103 101 94 91 104 109 123 126 130 130 130 129 130 131 132 134 138 140 148 151 154 153 152 153 155 160 161 162 163 165 175 179 185 183 182 180 181 185 187 189 189 189 190 193 197 200 201 173 170 165 166 168 191 201 249 248 247 247 247 247 247 247 247 247 247 247 
247 247 247 247 247 247 247 247 247 247 248 249 235 204 108 101 95 97 97 99 100 101 95 91 105 109 120 123 127 127 127 126 126 127 128 128 130 132 141 145 149 148 148 151 153 158 160 161 162 163 174 178 184 181 180 177 178 180 183 185 186 186 187 190 194 199 202 176 173 167 168 170 181 187 248 248 247 247 247 247 247 247 247 247 247 247 
247 247 247 247 247 247 247 247 247 247 249 251 224 192 93 93 92 97 98 105 104 102 99 96 102 105 113 117 123 123 123 122 123 124 124 124 125 126 134 138 143 145 145 147 149 155 158 159 161 162 171 175 182 180 179 176 177 179 181 183 183 184 184 185 187 194 199 180 176 164 172 181 181 184 244 245 248 247 247 247 247 247 247 247 247 247 
247 247 247 247 247 247 247 247 247 247 250 251 220 188 90 91 91 97 99 107 106 103 100 98 102 104 111 116 121 122 122 121 122 123 123 124 125 126 133 137 143 145 145 147 149 155 157 159 161 162 169 174 180 179 178 176 177 179 181 183 183 183 184 184 185 193 197 182 177 164 173 184 181 182 242 244 248 247 247 247 247 247 247 247 247 247 
247 247 247 247 247 247 247 247 247 247 250 252 207 178 93 92 91 104 108 121 114 101 99 98 106 108 114 114 115 119 120 125 126 127 131 133 137 139 143 146 150 151 152 154 155 159 160 161 161 161 162 166 173 174 174 176 176 178 181 184 186 186 186 186 185 189 192 186 183 173 175 178 171 172 234 239 249 248 247 247 247 247 247 247 247 247 
247 247 247 247 247 247 247 247 247 247 251 252 199 172 92 92 92 108 113 123 116 103 101 99 109 111 116 116 115 118 119 125 126 130 133 136 140 142 145 148 152 153 154 156 157 161 162 162 162 162 162 166 171 173 174 176 177 179 183 186 188 188 186 186 184 188 191 189 186 176 176 176 171 172 229 235 249 248 247 247 247 247 247 247 247 247 
247 247 247 247 247 247 247 247 247 247 251 253 187 161 90 92 94 116 122 126 119 107 104 102 115 117 121 119 116 117 117 124 128 135 139 141 146 147 150 152 155 157 158 160 162 166 165 165 165 165 162 164 168 172 174 178 179 182 186 189 191 192 187 186 183 187 189 195 192 182 178 174 172 173 219 229 250 248 247 247 247 247 247 247 247 247 
247 247 247 247 247 247 247 247 247 247 251 252 182 159 96 96 96 113 118 120 115 107 105 104 117 119 124 122 120 119 118 123 127 135 139 141 146 147 149 150 152 155 157 160 161 165 166 166 166 165 161 163 166 173 176 176 178 180 184 187 188 188 187 186 185 186 187 192 192 189 186 182 177 177 211 223 250 248 247 247 247 247 247 247 247 247 
247 247 247 247 247 247 247 247 247 247 250 252 180 158 99 98 97 111 115 116 113 107 106 106 119 121 125 124 123 120 119 123 127 135 139 142 146 146 149 149 150 154 156 160 161 165 166 167 167 166 161 163 165 173 177 176 177 180 183 186 187 187 187 187 187 186 186 192 192 194 190 186 180 179 206 220 250 248 247 247 247 247 247 247 247 247 
247 247 247 247 247 247 247 247 247 247 250 251 162 145 104 101 98 103 104 101 103 105 109 111 118 118 118 118 118 124 126 130 132 135 137 138 139 139 137 136 136 140 142 148 149 151 153 155 161 161 153 154 155 164 169 166 166 167 170 173 177 178 186 189 194 196 197 195 195 197 195 194 184 182 209 222 250 248 247 247 247 247 247 247 247 247 
247 247 247 247 247 247 247 247 247 247 249 250 157 141 101 98 95 99 100 98 100 105 110 113 118 118 117 118 119 125 128 132 133 135 136 136 135 134 131 130 130 134 136 142 143 146 148 150 157 158 150 150 150 159 163 157 156 155 157 159 165 167 176 180 187 192 196 196 197 197 196 195 183 181 209 222 250 248 247 247 247 247 247 247 247 247 
247 247 247 247 247 247 247 247 247 248 248 248 143 127 88 85 82 89 91 90 96 106 112 115 119 119 118 121 124 132 135 138 138 138 134 131 120 117 110 111 112 114 115 123 125 130 132 133 144 145 139 138 137 141 143 125 121 112 110 109 120 124 137 143 155 175 187 202 202 197 196 195 181 177 207 221 250 248 247 247 247 247 247 247 247 247 
247 247 247 247 247 247 247 247 247 248 247 246 137 120 81 79 78 86 89 93 99 109 114 117 120 120 120 125 130 133 133 123 120 114 107 102 92 90 85 85 85 90 92 105 108 116 120 123 139 141 136 134 131 125 123 98 92 77 75 72 81 85 100 107 118 141 154 193 197 200 199 199 181 177 205 220 250 248 247 247 247 247 247 247 247 247 
247 247 247 247 247 247 247 247 247 248 246 245 131 113 73 73 73 83 86 97 103 113 117 120 122 122 123 129 136 133 131 106 100 88 78 71 62 61 58 58 57 64 67 85 89 101 108 113 134 137 133 129 124 108 101 69 61 40 36 33 39 43 61 67 78 104 119 184 193 203 203 203 182 177 204 219 250 248 247 247 247 247 247 247 247 247 
247 247 247 247 247 247 247 247 247 248 245 244 127 108 65 70 74 83 86 105 109 117 120 121 123 123 124 123 122 99 91 60 57 48 45 44 41 41 38 38 39 45 47 59 64 77 92 104 131 136 142 133 120 94 82 69 66 59 59 60 70 74 90 94 100 100 100 144 159 201 205 209 184 177 201 217 250 248 247 247 247 247 247 247 247 247 
247 247 247 247 247 247 247 247 247 248 245 244 126 107 63 69 74 82 86 107 111 118 120 122 123 123 124 120 116 88 77 46 43 37 37 37 37 36 33 34 34 40 42 51 56 69 87 102 130 136 145 135 119 90 76 70 68 65 66 68 79 83 98 101 106 99 95 131 148 200 205 211 184 177 200 216 250 248 247 247 247 247 247 247 247 247 
247 247 247 247 247 247 247 247 249 252 249 247 129 112 73 72 71 77 81 110 115 124 124 124 121 120 118 95 71 50 45 57 61 71 78 82 86 83 68 66 64 70 73 62 64 68 86 101 138 147 162 148 127 100 87 81 75 57 51 46 49 51 66 74 87 107 118 130 140 177 195 215 185 176 198 215 251 250 249 247 247 247 247 247 247 247 
247 247 247 247 247 247 247 247 245 242 238 237 130 114 76 73 70 77 81 112 117 126 125 124 122 119 109 90 69 56 52 57 58 60 62 63 68 68 64 61 59 65 68 59 62 68 88 104 141 150 165 151 130 99 85 76 71 57 52 48 50 52 68 72 79 91 98 124 136 173 193 214 184 175 187 202 235 241 245 247 247 247 247 247 247 247 
247 247 247 247 247 247 247 247 237 222 217 215 133 118 82 75 68 78 83 118 122 130 127 125 124 117 90 78 64 67 68 57 51 37 29 24 32 37 55 51 47 55 58 54 58 68 93 112 148 157 172 158 136 99 81 64 62 58 54 51 53 55 72 68 62 58 56 113 127 165 188 212 183 174 163 176 203 223 236 247 248 247 247 247 247 247 
247 247 247 247 247 249 247 225 193 146 149 151 106 97 76 71 67 82 89 123 125 127 126 125 122 116 92 82 71 56 51 43 44 45 45 45 57 62 84 79 73 65 61 56 60 68 95 115 145 153 168 157 141 112 99 81 78 70 72 73 87 92 112 112 114 101 93 99 109 149 179 211 188 179 155 158 163 196 217 246 250 247 247 247 247 247 
247 247 247 247 247 251 247 210 164 95 105 109 88 83 72 69 67 85 93 127 126 125 125 125 121 115 93 85 76 49 40 34 39 51 56 59 73 80 104 98 90 71 64 58 61 69 96 117 143 150 166 157 144 122 111 94 90 79 84 88 110 117 138 142 148 129 118 89 97 139 174 211 191 184 150 146 137 178 205 246 251 247 247 247 247 247 
247 247 247 247 247 252 244 182 141 79 93 99 96 93 82 75 69 95 103 128 125 120 119 119 103 96 75 65 54 53 53 71 76 86 88 89 91 91 90 84 77 76 76 77 81 89 109 124 140 145 163 161 158 143 136 127 122 109 103 98 99 100 111 117 128 131 134 129 132 143 170 199 199 199 171 159 133 174 201 246 251 247 247 247 247 247 
247 247 247 247 247 252 244 179 139 80 94 101 98 96 88 79 71 96 104 128 125 119 118 117 100 94 74 66 56 58 60 77 80 88 90 91 93 93 90 86 81 83 84 84 87 95 113 126 140 145 162 162 162 149 142 136 132 120 113 107 105 105 112 118 127 134 138 140 142 148 171 196 201 201 175 162 134 174 200 246 251 247 247 247 247 247 
247 247 247 247 247 252 244 180 146 95 108 114 103 105 112 96 81 94 99 126 124 121 116 113 97 93 82 83 85 86 86 81 79 76 78 79 90 93 101 106 113 116 117 104 107 113 125 134 144 148 160 165 172 165 162 159 159 157 153 150 144 142 140 140 139 147 151 168 170 173 182 191 202 205 182 169 142 174 195 245 251 247 247 247 247 247 
247 247 247 247 247 252 244 177 145 98 111 118 111 111 111 99 87 97 101 126 124 121 117 115 105 103 98 100 102 101 101 98 97 96 100 102 107 109 113 116 120 117 117 109 112 120 129 137 147 151 161 167 175 170 167 162 161 160 157 154 151 150 150 148 147 152 156 174 177 183 187 191 200 202 183 171 146 173 191 245 251 247 247 247 247 247 
247 247 247 247 247 252 243 173 145 102 116 123 122 119 111 103 95 101 104 126 124 120 118 117 115 116 118 121 125 121 120 120 121 122 127 131 130 130 129 129 129 120 116 115 119 128 135 140 152 155 163 170 180 176 174 165 165 165 162 160 160 160 162 160 157 160 162 182 186 196 194 191 197 198 184 173 151 173 187 244 251 247 247 247 247 247 
247 247 247 247 247 252 245 184 153 108 118 123 111 104 84 95 106 117 120 122 121 119 121 121 119 122 132 137 141 139 138 139 139 138 139 140 132 131 130 129 128 118 114 111 115 124 135 143 153 155 161 167 177 177 177 153 149 139 147 154 165 167 169 168 167 169 170 182 186 200 200 201 187 183 168 166 162 185 201 245 251 247 247 247 247 247 
247 247 247 247 247 252 245 188 157 111 119 123 107 98 73 92 110 124 127 121 120 119 122 123 121 124 138 143 148 146 145 147 146 145 144 144 133 132 130 129 128 118 114 110 114 123 135 145 153 156 160 166 176 177 178 148 143 129 141 152 166 170 172 172 171 172 173 182 187 201 203 205 184 176 162 163 166 190 206 246 250 247 247 247 247 247 
247 247 247 247 247 250 248 231 191 130 113 105 85 78 58 87 114 128 131 116 119 123 124 124 130 133 146 147 148 146 145 148 149 151 147 145 139 137 133 119 102 98 96 113 117 127 138 146 152 153 155 161 169 182 188 166 159 140 119 100 115 122 157 162 172 178 182 188 189 193 202 212 191 184 153 163 184 215 236 247 249 247 247 247 247 247 
247 247 247 247 247 249 247 236 197 138 114 102 84 79 66 92 116 128 130 116 117 121 122 123 129 132 143 144 144 143 143 147 148 149 145 143 136 133 121 111 97 105 107 121 123 129 137 143 151 152 155 161 170 181 186 171 167 154 133 113 106 108 140 148 164 173 179 185 186 190 199 210 191 184 150 162 187 218 239 247 248 247 247 247 247 247 
247 247 247 247 247 247 247 249 213 159 116 96 84 84 86 105 123 129 130 115 115 115 118 120 129 131 136 135 134 137 138 144 144 145 141 138 128 121 92 89 86 123 137 142 140 134 136 137 148 150 154 162 173 180 183 184 186 192 168 146 84 71 96 113 143 160 170 178 179 181 192 204 190 184 142 159 194 226 248 247 247 247 247 247 247 247 
247 247 247 247 247 247 247 251 219 170 119 95 87 89 98 113 127 130 130 118 117 114 116 117 123 124 125 124 123 126 126 132 132 132 129 127 108 101 78 85 95 119 128 129 126 118 116 114 129 133 142 147 156 157 158 153 154 158 152 146 102 90 76 90 115 135 147 160 163 170 183 196 190 187 145 161 196 228 249 247 247 247 247 247 247 247 
247 247 247 247 247 247 248 253 223 179 121 94 90 94 107 119 130 131 130 121 118 113 114 115 119 118 116 116 115 117 117 122 122 122 120 118 92 85 67 82 102 116 121 119 115 106 100 96 114 120 132 136 142 139 138 129 130 132 139 146 116 105 60 72 93 116 129 146 150 162 175 190 191 189 147 163 198 229 250 247 247 247 247 247 247 247 
247 247 247 247 247 247 247 252 231 198 135 105 98 101 110 119 127 130 130 123 121 117 116 115 108 105 97 99 100 102 103 107 107 106 97 91 66 65 74 78 83 73 70 63 61 57 59 61 81 87 105 111 119 114 112 101 106 123 135 145 138 132 79 73 61 85 99 127 133 149 163 177 185 187 164 177 206 232 250 247 247 247 247 247 247 247 
247 247 247 247 247 247 247 251 233 205 140 109 102 104 111 118 125 129 130 123 121 118 116 114 104 101 92 94 95 97 98 102 101 100 89 82 61 61 76 78 79 65 60 52 51 47 50 52 72 79 97 104 113 111 110 101 107 125 135 145 143 138 88 76 56 77 89 120 127 145 159 173 183 185 170 182 210 234 250 247 247 247 247 247 247 247 
247 247 247 247 247 247 247 249 242 232 159 125 114 114 114 115 115 125 127 124 123 120 114 110 90 87 82 83 84 85 85 86 83 78 62 52 63 67 80 80 79 67 62 50 49 45 42 40 53 59 77 88 104 123 132 144 145 146 147 147 147 145 124 103 65 60 57 96 106 134 146 160 175 180 190 202 226 240 249 247 247 247 247 247 247 247 
247 247 247 247 247 247 247 248 245 239 179 150 123 122 122 119 117 128 130 123 122 121 114 110 87 84 78 80 81 80 79 79 76 68 60 55 68 71 82 82 82 74 71 62 61 59 58 58 71 75 88 96 107 125 133 146 147 147 147 147 145 144 129 113 83 67 58 87 98 133 145 157 173 179 194 207 233 242 248 247 247 247 247 247 247 247 
247 247 247 247 247 247 247 247 249 251 208 188 137 135 134 127 121 133 135 122 122 122 114 110 83 79 73 74 76 72 71 69 64 53 57 59 76 79 85 86 87 86 85 81 81 80 82 84 97 100 106 109 113 129 136 148 149 149 148 147 143 142 138 128 110 78 60 74 86 132 142 153 170 176 201 214 243 246 248 247 247 247 247 247 247 247 
247 247 247 247 247 247 247 247 248 250 230 221 144 136 121 146 170 166 161 119 120 123 114 109 86 82 71 73 75 71 70 64 62 59 63 66 78 81 88 90 92 94 94 94 95 96 99 100 112 115 119 121 124 134 138 144 143 141 141 142 140 140 139 133 123 96 82 80 90 131 143 156 164 167 184 203 242 246 248 247 247 247 247 247 247 247 
247 247 247 247 247 247 247 247 248 249 240 236 148 137 115 156 193 181 173 117 120 124 114 109 88 83 70 72 75 71 70 62 62 62 67 70 79 81 89 92 95 98 99 100 101 104 106 108 120 122 125 127 130 137 140 142 141 138 139 139 139 139 139 135 129 105 92 83 92 131 143 157 161 163 176 197 242 246 248 247 247 247 247 247 247 247 
247 247 247 247 247 247 247 247 247 247 247 247 194 189 181 217 249 208 191 112 114 118 111 107 95 89 70 74 78 78 78 65 67 71 74 77 81 82 81 79 77 75 74 70 70 68 70 70 81 85 98 100 103 106 107 110 108 102 81 61 60 62 99 103 111 105 102 110 115 133 152 173 217 231 222 230 247 247 247 247 247 247 247 247 247 247 
247 247 247 247 247 247 247 247 247 247 247 248 209 206 200 227 252 214 197 114 115 117 110 106 96 91 71 74 78 81 82 68 69 71 71 71 71 71 68 68 67 69 70 67 67 66 70 72 81 84 100 104 111 115 117 121 120 116 87 59 47 48 85 94 110 107 105 117 121 134 155 179 224 238 230 236 247 247 247 247 247 247 247 247 247 247 
247 247 247 247 247 247 247 247 247 247 247 247 250 250 251 251 251 228 214 121 118 114 108 104 101 95 73 74 76 90 93 77 74 68 60 54 40 36 27 33 40 56 62 61 62 65 75 83 84 87 109 121 139 149 154 160 161 165 112 64 19 11 46 69 111 111 111 135 137 136 164 194 238 252 250 249 247 247 247 247 247 247 247 247 247 247 
247 247 247 247 247 247 247 247 247 247 247 247 248 248 249 249 249 237 226 137 128 112 106 102 103 99 82 77 72 90 96 86 81 69 50 37 23 23 34 47 64 86 95 99 101 106 120 130 132 135 147 158 173 175 176 181 181 181 129 80 38 33 82 95 119 118 117 138 140 139 171 206 240 251 248 248 247 247 247 247 247 247 247 247 247 247 
247 247 247 247 247 247 247 247 247 247 247 247 247 247 247 248 248 246 238 151 137 111 105 101 105 102 90 80 69 91 98 94 87 71 41 21 8 11 40 60 86 115 126 134 137 145 161 174 177 179 183 191 204 199 196 201 200 197 144 95 57 52 115 119 127 124 123 141 143 141 177 217 242 250 247 247 247 247 247 247 247 247 247 247 247 247 
247 247 247 247 247 247 247 247 247 247 247 247 247 247 247 247 247 250 246 188 161 112 105 101 96 98 106 88 70 86 92 104 97 83 69 59 31 32 57 80 109 131 140 150 153 162 171 178 191 193 190 194 201 196 193 190 183 162 130 100 106 111 148 139 124 130 132 137 140 151 190 231 245 249 247 247 247 247 247 247 247 247 247 247 247 247 
247 247 247 247 247 247 247 247 247 247 247 247 247 247 247 247 247 251 248 201 170 114 106 101 94 97 109 91 71 84 89 107 100 86 77 72 41 41 61 83 111 131 139 148 152 160 167 174 189 191 188 191 194 190 188 183 175 152 127 104 121 128 156 144 124 131 135 136 140 156 194 236 246 249 247 247 247 247 247 247 247 247 247 247 247 247 
247 247 247 247 247 247 247 247 247 247 247 247 247 247 247 247 247 249 248 238 201 136 113 100 89 92 106 97 87 78 77 113 105 89 100 107 96 90 67 67 67 81 86 83 85 89 103 114 132 136 141 138 133 128 125 133 131 126 132 138 154 158 158 146 125 133 138 132 141 178 211 247 247 247 247 247 247 247 247 247 247 247 247 247 247 247 
247 247 247 247 247 247 247 247 247 247 247 247 247 247 247 247 247 248 248 243 212 156 119 99 89 90 100 96 91 76 73 109 104 92 101 106 100 96 77 75 73 82 85 85 88 95 106 115 127 130 134 133 133 135 136 142 140 135 141 147 158 160 157 147 128 134 138 135 146 191 218 248 247 247 247 247 247 247 247 247 247 247 247 247 247 247 
247 247 247 247 247 247 247 247 247 247 247 247 247 247 247 247 247 247 247 252 230 192 131 97 89 88 89 93 98 73 67 103 101 98 103 106 110 107 94 90 85 84 83 90 94 105 112 118 120 120 121 125 132 149 157 158 157 152 157 162 165 165 156 148 133 136 138 139 154 214 231 250 248 247 247 247 247 247 247 247 247 247 247 247 247 247 
247 247 247 247 247 247 247 247 247 247 247 247 247 247 247 247 247 247 247 250 241 225 157 120 88 85 85 90 95 77 72 91 96 106 102 100 110 110 102 98 93 90 89 89 92 100 108 113 118 119 120 125 131 143 148 153 155 158 163 168 166 164 149 146 140 138 137 156 173 233 240 249 247 247 247 247 247 247 247 247 247 247 247 247 247 247 
247 247 247 247 247 247 247 247 247 247 247 247 247 247 247 247 247 247 247 249 247 243 173 133 88 84 83 88 93 79 75 85 93 110 102 97 111 112 107 103 97 93 92 89 92 98 105 111 117 118 120 124 131 140 144 151 154 162 167 171 167 164 146 145 144 139 136 165 183 244 246 248 247 247 247 247 247 247 247 247 247 247 247 247 247 247 
247 247 247 247 247 247 247 247 247 247 247 247 247 247 247 247 247 247 247 247 249 251 221 204 105 93 81 82 84 85 85 73 85 112 99 91 102 105 112 109 104 99 96 88 87 83 86 89 99 102 110 112 115 126 131 148 153 165 167 168 160 158 148 148 148 147 146 212 224 249 248 247 247 247 247 247 247 247 247 247 247 247 247 247 247 247 
247 247 247 247 247 247 247 247 247 247 247 247 247 247 247 247 247 247 247 247 248 251 230 218 121 106 81 82 82 86 86 72 84 109 99 93 100 102 112 109 106 101 99 89 88 83 85 87 96 99 107 110 114 125 130 149 154 166 166 167 159 157 150 149 148 154 157 222 232 249 248 247 247 247 247 247 247 247 247 247 247 247 247 247 247 247 
247 247 247 247 247 247 247 247 247 247 247 247 247 247 247 247 247 247 247 247 247 247 250 252 179 155 82 81 80 85 86 73 80 95 101 105 93 94 109 109 110 106 105 96 93 85 85 85 89 91 101 106 113 127 133 152 156 166 164 163 158 157 157 154 148 181 199 246 249 247 247 247 247 247 247 247 247 247 247 247 247 247 247 247 247 247 
247 247 247 247 247 247 247 247 247 247 247 247 247 247 247 247 247 247 247 247 247 247 249 251 211 187 108 93 77 82 84 78 80 85 99 109 94 94 105 106 108 105 104 99 98 94 95 95 98 99 108 113 122 133 138 155 158 166 165 163 161 160 159 160 161 199 220 247 248 247 247 247 247 247 247 247 247 247 247 247 247 247 247 247 247 247 
247 247 247 247 247 247 247 247 247 247 247 247 247 247 247 247 247 247 247 247 247 247 248 249 244 222 136 107 75 80 81 84 81 75 98 113 96 95 101 103 106 105 104 103 104 105 106 106 108 109 115 121 131 140 144 157 160 166 165 164 163 163 161 166 176 220 244 248 248 247 247 247 247 247 247 247 247 247 247 247 247 247 247 247 247 247 
247 247 247 247 247 247 247 247 247 247 247 247 247 247 247 247 247 247 247 247 247 247 247 247 249 240 206 154 99 81 76 87 83 75 88 96 107 107 101 103 105 104 104 103 104 109 111 113 118 120 129 133 141 146 148 158 159 161 162 162 166 167 168 184 212 235 248 247 247 247 247 247 247 247 247 247 247 247 247 247 247 247 247 247 247 247 
247 247 247 247 247 247 247 247 247 247 247 247 247 247 247 247 247 247 247 247 247 247 247 247 250 246 229 172 110 83 75 87 83 75 84 90 110 111 101 103 105 104 104 103 105 110 114 116 122 124 133 137 144 148 150 158 158 160 161 162 167 168 171 191 225 241 250 247 247 247 247 247 247 247 247 247 247 247 247 247 247 247 247 247 247 247 
247 247 247 247 247 247 247 247 247 247 247 247 247 247 247 247 247 247 247 247 247 247 247 247 247 248 253 229 204 115 87 80 81 83 79 76 106 110 110 110 110 109 109 110 112 117 120 123 127 129 136 139 144 151 155 161 159 154 160 165 171 175 202 219 249 248 247 247 247 247 247 247 247 247 247 247 247 247 247 247 247 247 247 247 247 247 
247 247 247 247 247 247 247 247 247 247 247 247 247 247 247 247 247 247 247 247 247 247 247 247 247 248 251 236 220 141 114 79 80 82 78 75 100 104 110 110 112 113 113 112 113 117 119 122 125 127 133 136 142 149 152 159 158 154 161 166 174 179 212 226 249 247 247 247 247 247 247 247 247 247 247 247 247 247 247 247 247 247 247 247 247 247 
247 247 247 247 247 247 247 247 247 247 247 247 247 247 247 247 247 247 247 247 247 247 247 247 247 247 247 250 253 195 173 77 78 79 76 74 87 92 109 112 115 120 122 115 115 116 118 119 122 123 127 131 137 144 147 156 156 156 163 170 180 187 235 240 249 248 247 247 247 247 247 247 247 247 247 247 247 247 247 247 247 247 247 247 247 247 
247 247 247 247 247 247 247 247 247 247 247 247 247 247 247 247 247 247 247 247 247 247 247 247 247 247 247 248 250 228 217 129 111 74 72 70 78 82 97 100 105 112 114 117 117 118 119 120 122 122 125 129 136 140 142 151 153 155 160 164 192 203 244 245 248 247 247 247 247 247 247 247 247 247 247 247 247 247 247 247 247 247 247 247 247 247 
247 247 247 247 247 247 247 247 247 247 247 247 247 247 247 247 247 247 247 247 247 247 247 247 247 247 247 247 248 250 247 164 134 70 69 68 72 75 89 93 98 106 109 118 119 120 121 121 122 122 123 128 135 138 139 149 150 155 158 160 201 214 250 249 247 247 247 247 247 247 247 247 247 247 247 247 247 247 247 247 247 247 247 247 247 247 
247 247 247 247 247 247 247 247 247 247 247 247 247 247 247 247 247 247 247 247 247 247 247 247 247 247 247 247 247 248 249 239 210 150 105 75 61 60 67 71 77 85 88 98 101 108 113 117 120 121 119 120 123 126 126 129 129 127 147 165 226 241 248 248 247 247 247 247 247 247 247 247 247 247 247 247 247 247 247 247 247 247 247 247 247 247 
247 247 247 247 247 247 247 247 247 247 247 247 247 247 247 247 247 247 247 247 247 247 247 247 247 247 247 247 247 248 249 249 225 175 129 98 73 69 66 68 71 78 80 91 94 101 107 111 115 116 114 115 117 119 119 122 123 126 153 177 232 246 248 247 247 247 247 247 247 247 247 247 247 247 247 247 247 247 247 247 247 247 247 247 247 247 
247 247 247 247 247 247 247 247 247 247 247 247 247 247 247 247 247 247 247 247 247 247 247 247 247 247 247 247 247 247 247 248 249 250 228 213 147 128 76 68 58 57 56 63 66 73 80 86 92 93 91 92 93 92 92 95 107 145 191 234 247 250 247 247 247 247 247 247 247 247 247 247 247 247 247 247 247 247 247 247 247 247 247 247 247 247 
247 247 247 247 247 247 247 247 247 247 247 247 247 247 247 247 247 247 247 247 247 247 247 247 247 247 247 247 247 247 247 247 248 249 237 230 193 180 144 133 119 105 99 79 76 68 71 73 78 79 78 81 85 96 101 132 146 187 215 241 247 248 247 247 247 247 247 247 247 247 247 247 247 247 247 247 247 247 247 247 247 247 247 247 247 247 
247 247 247 247 247 247 247 247 247 247 247 247 247 247 247 247 247 247 247 247 247 247 247 247 247 247 247 247 247 247 247 247 247 247 250 252 251 248 230 216 198 166 154 99 89 63 59 56 61 62 63 67 74 101 113 180 197 242 246 250 248 247 247 247 247 247 247 247 247 247 247 247 247 247 247 247 247 247 247 247 247 247 247 247 247 247 
247 247 247 247 247 247 247 247 247 247 247 247 247 247 247 247 247 247 247 247 247 247 247 247 247 247 247 247 247 247 247 247 247 247 248 248 248 247 244 241 237 229 226 204 196 177 168 162 160 160 163 170 180 199 208 232 236 246 247 248 247 247 247 247 247 247 247 247 247 247 247 247 247 247 247 247 247 247 247 247 247 247 247 247 247 247 
247 247 247 247 247 247 247 247 247 247 247 247 247 247 247 247 247 247 247 247 247 247 247 247 247 247 247 247 247 247 247 247 247 247 247 247 247 247 250 251 253 254 254 245 238 221 211 203 198 198 202 210 221 237 245 252 251 248 247 247 247 247 247 247 247 247 247 247 247 247 247 247 247 247 247 247 247 247 247 247 247 247 247 247 247 247 
