247 247 247 247 247 247 247 247 247 247 247 247 247 247 247 247 247 247 248 249 249 242 208 179 159 141 133 124 124 122 118 120 117 107 98 93 87 84 82 82 90 95 94 94 93 100 103 109 106 106 113 124 134 148 154 162 217 234 251 248 247 247 247 247 247 247 247 247 247 247 247 247 247 247 247 247 247 247 
247 247 247 247 247 247 247 247 247 247 247 247 247 247 247 247 247 248 248 247 232 220 183 166 153 133 126 118 118 116 111 111 108 102 91 86 87 85 84 84 88 92 94 95 97 105 108 111 106 104 109 114 119 139 146 155 192 211 242 246 248 247 247 247 247 247 247 247 247 247 247 247 247 247 247 247 247 247 
247 247 247 247 247 247 247 247 247 247 247 247 247 247 247 247 247 249 248 245 211 191 152 149 146 123 117 110 112 108 102 100 98 96 83 78 87 86 86 86 86 89 94 98 103 111 114 114 106 102 103 102 101 127 135 146 161 182 230 244 249 247 247 247 247 247 247 247 247 247 247 247 247 247 247 247 247 247 
247 247 247 247 247 247 247 247 247 247 247 247 247 247 247 248 249 246 230 191 162 147 133 127 123 104 101 97 98 99 100 95 93 89 88 89 100 103 105 105 115 106 103 109 123 132 133 126 116 111 118 119 119 121 126 134 140 152 179 227 246 249 248 247 247 247 247 247 247 247 247 247 247 247 247 247 247 247 
247 247 247 247 247 247 247 247 247 247 247 247 247 247 247 248 248 229 210 170 144 131 117 115 112 99 100 100 102 106 111 108 107 105 107 108 115 117 119 119 130 124 121 126 139 146 147 143 135 132 139 142 144 139 141 145 146 152 166 205 223 239 244 248 247 247 247 247 247 247 247 247 247 247 247 247 247 247 
247 247 247 247 247 247 247 247 247 247 247 247 247 247 248 248 247 193 172 142 121 109 91 94 96 96 103 110 116 124 136 138 138 140 145 146 142 143 144 144 155 156 158 161 167 170 172 174 173 173 181 186 190 179 176 172 166 162 153 164 176 217 237 250 247 247 247 247 247 247 247 247 247 247 247 247 247 247 
247 247 247 247 247 247 247 247 247 247 247 247 247 248 249 229 199 147 135 128 108 98 89 98 106 126 134 144 146 148 151 152 151 151 153 153 152 151 151 151 155 158 165 168 171 173 174 175 176 177 183 189 195 203 203 202 197 190 176 159 157 183 220 244 248 247 247 247 247 247 247 247 247 247 247 247 247 247 
247 247 247 247 247 247 247 247 247 247 247 247 248 248 241 213 170 127 119 119 101 94 91 104 114 138 146 155 154 155 155 155 155 154 155 155 154 154 153 153 155 158 166 169 172 174 174 175 176 177 182 189 194 208 210 211 208 202 188 163 156 167 204 230 246 247 247 247 247 247 247 247 247 247 247 247 247 247 
247 247 247 247 247 247 247 247 247 247 247 247 249 251 207 170 117 104 102 101 92 91 103 121 134 151 153 155 153 153 152 153 153 155 155 155 153 152 152 152 152 154 162 165 168 170 171 172 172 172 176 180 184 198 203 209 212 211 209 187 172 142 164 181 241 244 248 247 247 247 247 247 247 247 247 247 247 247 
247 247 247 247 247 247 247 247 247 247 247 248 244 240 164 141 110 101 99 101 94 94 111 126 137 148 149 150 150 150 151 151 151 154 154 154 154 153 153 153 154 156 162 164 165 168 169 171 171 172 175 179 183 192 197 203 208 209 210 196 184 148 153 160 220 234 250 247 247 247 247 247 247 247 247 247 247 247 
247 247 247 247 247 247 247 247 247 247 247 249 240 231 138 123 106 99 98 100 94 96 115 128 138 145 146 147 148 149 149 150 150 153 154 154 154 154 154 154 155 157 162 163 164 166 168 170 171 172 174 178 182 189 193 199 206 208 210 201 191 152 148 147 206 227 250 247 247 247 247 247 247 247 247 247 247 247 
247 247 247 247 247 247 247 247 247 247 247 252 224 198 110 102 97 100 98 90 92 96 111 125 134 140 140 141 143 143 144 147 149 152 153 154 157 156 155 155 158 160 163 164 165 170 172 176 176 176 179 181 183 188 190 194 198 201 205 202 196 167 156 149 180 211 244 248 248 247 247 247 247 247 247 247 247 247 
247 247 247 247 247 247 247 247 247 247 247 251 211 174 101 97 96 104 103 96 93 94 107 121 130 137 137 137 138 138 139 143 145 150 153 155 158 157 156 156 158 161 163 164 165 172 175 181 180 180 181 184 187 191 192 193 196 198 202 201 196 167 160 156 173 200 229 247 248 247 247 247 247 247 247 247 247 247 
247 247 247 247 247 247 247 247 247 247 247 250 199 152 92 92 95 108 107 101 94 93 104 117 126 134 134 133 133 134 135 139 142 148 153 156 159 158 157 157 159 162 163 164 166 174 178 187 185 184 184 187 190 194 194 193 194 196 200 201 196 168 165 163 166 190 215 247 249 247 247 247 247 247 247 247 247 247 
247 247 247 247 247 247 247 247 247 248 248 235 169 110 95 95 97 99 100 101 94 93 106 114 120 127 127 127 126 127 127 128 129 131 138 143 149 149 148 148 154 158 161 161 162 171 176 184 181 180 177 179 180 185 186 186 187 189 194 200 197 174 169 167 170 177 185 243 247 247 247 247 247 247 247 247 247 247 
247 247 247 247 247 247 247 247 247 249 248 228 162 101 94 95 97 101 102 102 96 95 104 111 117 125 125 125 124 124 125 126 126 128 134 138 146 146 147 147 152 157 160 161 161 170 174 183 181 179 176 178 180 184 184 185 186 187 190 197 197 176 170 166 176 179 183 241 246 247 247 247 247 247 247 247 247 247 
247 247 247 247 247 247 247 247 247 250 249 220 152 90 91 94 98 105 105 103 99 99 102 107 111 122 122 122 121 122 123 123 123 124 129 133 142 144 145 145 150 155 159 160 161 168 172 181 180 179 176 178 179 183 183 183 184 184 185 194 195 180 170 164 184 183 181 238 245 248 247 247 247 247 247 247 247 247 
247 247 247 247 247 247 247 247 247 250 248 207 148 92 91 97 105 116 114 101 99 99 106 110 114 116 118 120 124 125 126 130 132 136 139 142 148 150 151 151 155 158 160 161 161 163 165 174 175 175 176 177 178 184 184 185 185 185 185 191 191 185 177 171 179 175 171 230 240 249 247 247 247 247 247 247 247 247 
247 247 247 247 247 247 247 247 247 250 248 199 143 92 92 99 111 121 117 102 100 101 109 113 116 115 117 119 124 126 129 134 136 140 143 146 151 153 153 153 158 161 162 162 162 162 164 172 173 174 177 178 179 185 186 187 186 186 184 189 191 188 181 175 177 173 169 225 237 249 247 247 247 247 247 247 247 247 
247 247 247 247 247 247 247 247 247 251 247 184 135 90 94 105 122 125 121 107 103 104 116 119 121 116 116 117 123 128 135 140 142 147 149 151 155 157 158 158 163 166 165 165 165 163 163 168 172 174 178 180 182 189 190 192 188 186 183 187 190 195 187 182 174 173 171 215 230 250 248 247 247 247 247 247 247 247 
247 247 247 247 247 247 247 247 247 250 246 179 136 96 96 104 117 118 115 107 105 107 119 122 124 121 120 118 123 127 135 140 143 146 148 149 151 154 156 156 162 165 166 166 166 162 162 166 172 176 177 179 180 187 187 188 187 187 186 186 188 193 191 190 182 179 176 207 224 250 248 247 247 247 247 247 247 247 
247 247 247 247 247 247 247 247 247 250 245 174 135 100 97 104 113 113 111 107 107 109 120 122 123 122 121 120 124 128 135 140 142 145 146 147 147 151 154 154 160 163 165 165 166 161 160 163 171 175 174 176 178 184 184 185 187 187 188 188 189 192 194 194 187 183 178 204 222 250 247 247 247 247 247 247 247 247 
247 247 247 247 247 247 247 247 247 250 243 157 130 105 98 100 103 100 101 105 110 113 118 117 117 118 122 126 131 132 135 137 138 139 137 136 135 138 141 141 148 150 154 157 162 155 153 154 163 168 165 166 166 172 174 177 185 189 195 197 198 195 196 197 195 188 181 208 224 250 248 247 247 247 247 247 247 247 
247 247 247 247 247 247 247 247 248 249 241 146 119 95 89 91 96 94 97 105 111 114 118 118 118 121 126 131 135 136 137 134 132 126 122 120 121 123 125 125 135 138 141 145 152 146 144 144 150 152 140 137 133 134 138 145 155 160 171 186 193 200 198 197 195 187 178 206 223 250 248 247 247 247 247 247 247 247 
247 247 247 247 247 247 247 247 248 248 239 138 112 87 82 85 91 90 95 106 112 116 119 118 118 124 129 135 136 136 136 130 125 116 110 108 110 112 113 113 125 129 132 136 146 140 138 136 139 140 122 115 109 106 111 120 132 139 152 175 187 202 199 197 195 186 176 204 222 250 247 247 247 247 247 247 247 247 
247 247 247 247 247 247 247 247 248 246 235 126 98 73 73 78 85 95 101 113 118 120 122 123 124 136 134 132 108 100 88 74 69 61 59 58 57 63 67 67 92 101 112 121 138 134 131 124 109 98 68 53 40 33 36 41 58 66 78 108 130 190 198 203 203 190 176 202 221 250 248 247 247 247 247 247 247 247 
247 247 247 247 247 247 247 247 248 246 235 124 95 68 73 78 85 99 106 115 119 121 122 123 123 127 117 107 79 72 63 55 52 48 46 45 45 50 54 54 76 86 105 117 137 138 135 121 101 87 68 60 52 50 55 61 77 83 92 103 116 164 187 202 207 192 176 200 219 250 248 247 247 247 247 247 247 247 
247 247 247 247 247 247 247 247 248 245 234 121 91 63 74 78 85 103 110 118 121 122 123 124 124 118 100 80 49 42 36 35 35 35 33 32 33 37 41 41 59 69 98 113 135 143 140 119 91 75 69 67 65 69 75 83 97 102 107 98 101 135 175 201 211 194 176 198 218 250 248 247 247 247 247 247 247 247 
247 247 247 247 247 247 247 248 252 248 237 124 97 72 71 74 79 105 114 123 124 123 121 119 117 75 61 47 55 60 68 76 79 82 70 65 61 67 70 70 64 68 97 115 144 157 154 126 101 86 80 68 57 48 50 52 66 74 89 108 118 131 160 180 215 196 175 196 217 251 249 248 247 247 247 247 247 247 
247 247 247 247 247 247 247 246 241 238 227 126 100 76 70 73 79 107 116 126 125 124 122 114 106 68 61 52 57 57 59 61 62 67 64 62 58 63 67 67 63 68 100 119 149 161 158 130 101 84 74 65 57 48 49 51 65 71 78 91 100 126 154 174 214 195 175 184 203 234 242 245 247 247 247 247 247 247 
247 247 247 247 247 247 247 242 222 218 208 130 105 82 69 73 80 112 121 130 126 125 124 104 89 64 66 68 58 50 37 27 26 33 48 54 47 53 58 58 60 68 107 126 155 168 165 136 101 80 63 60 58 51 52 53 69 69 62 58 66 118 146 167 212 194 174 164 177 203 229 239 248 247 247 247 247 247 
247 247 247 247 248 251 225 198 120 127 127 96 84 74 67 75 88 119 125 126 125 124 122 104 92 74 60 45 39 42 48 51 55 66 85 93 81 71 63 63 62 69 110 127 149 163 162 142 118 103 87 81 75 80 89 102 121 126 131 113 103 93 124 147 211 198 183 155 152 150 199 221 251 248 247 247 247 247 
247 247 247 247 249 252 214 180 90 100 105 89 82 75 68 78 93 122 126 123 123 122 116 99 87 70 57 43 44 50 60 66 70 79 93 98 86 76 67 67 68 74 114 128 146 161 162 148 128 116 102 94 87 90 99 111 127 134 142 128 118 98 123 143 208 199 189 158 149 136 190 215 252 248 247 247 247 247 
247 247 247 247 249 253 197 159 77 90 98 97 90 84 70 83 103 124 125 119 118 115 99 83 72 51 52 54 74 81 91 93 93 94 90 86 75 77 78 78 85 92 121 130 142 158 162 160 147 138 131 122 113 100 98 97 105 112 125 133 136 135 140 146 197 199 202 176 159 133 187 213 252 249 247 247 247 247 
247 247 247 247 249 253 197 161 89 102 108 101 102 103 78 86 99 122 125 120 116 112 97 86 79 74 75 76 79 80 81 83 85 92 95 97 101 103 104 104 101 106 128 135 145 157 162 168 159 154 150 146 143 134 131 128 129 131 134 143 148 158 161 165 193 199 205 181 165 139 185 210 252 249 247 247 247 247 
247 247 247 247 249 253 197 162 96 108 114 105 108 112 84 88 98 121 124 121 115 111 98 91 86 90 90 90 86 84 81 84 88 96 102 105 115 116 117 117 109 115 132 139 147 157 163 173 167 163 160 159 158 151 148 144 143 142 141 149 155 171 174 176 191 198 205 184 168 143 184 208 252 248 247 247 247 247 
247 247 247 247 249 253 192 159 102 115 123 122 116 111 96 98 102 122 124 120 118 117 115 117 118 125 123 120 120 121 122 129 131 130 129 129 129 122 116 116 121 128 139 144 154 161 166 180 176 173 165 165 165 160 160 160 162 161 157 161 166 184 191 196 191 195 199 185 172 151 180 203 252 249 247 247 247 247 
247 247 247 247 249 253 199 166 107 117 122 113 101 90 103 108 116 122 122 119 120 120 118 125 130 138 136 134 135 135 135 138 137 131 130 129 128 121 115 115 118 125 140 146 155 160 164 178 177 174 155 150 145 155 159 165 167 167 165 167 171 183 193 199 199 193 187 173 167 159 190 210 251 248 247 247 247 247 
247 247 247 247 249 253 204 173 111 119 122 106 89 73 109 117 127 122 120 119 122 123 121 131 138 148 147 145 147 146 145 144 141 132 131 130 128 120 114 114 116 123 142 148 155 159 163 176 177 176 147 138 129 151 159 170 172 172 171 172 175 183 194 201 205 192 177 163 163 166 198 217 251 248 247 247 247 247 
247 247 247 247 249 253 204 173 111 119 122 106 89 73 109 117 127 122 120 119 122 123 121 131 138 148 147 145 147 146 145 144 141 132 131 130 128 120 114 114 116 123 142 148 155 159 163 176 177 176 147 138 129 151 159 170 172 172 171 172 175 183 194 201 205 192 177 163 163 166 198 217 251 248 247 247 247 247 
247 247 247 247 247 249 241 220 143 116 100 84 76 70 116 123 131 118 117 119 121 123 130 137 142 142 142 142 146 147 148 143 140 133 121 112 95 105 114 114 127 130 140 145 151 154 158 171 180 185 173 168 163 122 111 97 125 138 159 172 178 184 186 189 208 197 185 151 162 188 231 243 248 247 247 247 247 247 
247 247 247 247 247 247 249 231 159 119 95 83 85 86 122 126 131 118 115 115 119 122 130 134 136 134 136 138 144 144 145 139 135 127 103 91 86 115 137 137 138 134 137 141 150 153 158 173 179 183 184 188 192 148 115 69 92 109 143 162 171 179 180 182 204 195 186 146 161 194 237 248 247 247 247 247 247 247 
247 247 247 247 247 247 251 237 176 124 94 89 97 104 128 130 131 122 118 113 115 116 120 119 118 117 118 119 124 125 125 121 114 94 77 73 100 113 123 123 116 109 102 107 122 131 137 146 144 143 136 137 139 146 129 104 71 74 99 124 137 151 159 165 192 191 190 150 165 197 239 249 247 247 247 247 247 247 
247 247 247 247 247 247 251 239 186 130 98 93 101 108 128 129 131 123 120 114 115 115 114 111 109 109 110 111 116 116 116 109 101 79 73 73 95 98 101 101 93 87 83 90 106 118 124 133 130 127 118 124 129 145 135 119 76 71 81 107 121 140 150 158 185 187 190 156 170 201 240 249 247 247 247 247 247 247 
247 247 247 247 247 247 251 242 202 141 106 100 106 111 125 128 131 124 122 118 116 113 105 98 94 97 98 100 104 104 103 89 79 58 70 76 79 68 60 60 50 48 53 62 79 95 103 115 110 106 95 109 122 144 144 142 92 75 55 82 98 126 139 148 175 181 187 169 182 208 242 249 247 247 247 247 247 247 
247 247 247 247 247 247 249 245 225 158 120 111 112 113 117 122 128 124 122 119 113 108 92 88 85 87 88 89 90 88 84 65 61 62 74 79 79 69 61 61 48 46 44 49 61 77 87 107 119 126 133 137 140 146 146 146 119 100 62 65 72 105 124 138 164 172 182 184 198 221 244 249 247 247 247 247 247 247 
247 247 247 247 247 247 248 246 236 173 136 118 118 118 116 121 129 124 123 120 113 106 86 83 80 82 82 82 82 79 73 57 56 67 76 81 80 73 67 67 54 52 49 54 65 78 87 106 123 134 146 146 147 147 147 146 130 112 74 62 63 94 118 135 158 168 179 191 206 229 245 248 247 247 247 247 247 247 
247 247 247 247 247 247 247 248 251 211 184 135 134 134 122 127 136 124 122 122 113 105 81 76 73 76 74 71 69 63 53 58 64 78 83 85 87 86 85 85 81 80 84 89 99 104 107 113 128 137 149 149 149 147 145 142 139 130 110 74 62 75 109 133 153 164 175 199 216 243 247 248 247 247 247 247 247 247 
247 247 247 247 247 247 247 247 250 230 212 141 131 122 165 165 163 126 120 123 113 105 84 76 71 75 73 70 65 62 59 65 69 79 85 88 92 93 94 94 94 95 99 104 114 117 119 124 133 139 144 143 142 142 141 140 139 134 122 92 80 79 111 132 156 161 166 183 206 242 247 248 247 247 247 247 247 247 
247 247 247 247 247 247 247 247 249 241 230 148 134 120 194 190 179 127 118 123 113 105 87 77 70 75 73 71 63 62 63 69 73 80 86 89 93 95 97 97 99 101 104 109 119 122 124 128 134 137 139 137 135 133 132 132 135 133 127 102 91 84 112 132 158 163 168 179 202 242 247 248 247 247 247 247 247 247 
247 247 247 247 247 247 247 247 247 248 244 194 189 184 249 231 199 126 114 118 110 105 94 80 70 78 78 79 66 68 72 76 78 82 81 80 76 74 73 73 68 67 69 73 82 93 98 102 105 106 109 105 101 60 57 56 90 101 110 105 104 112 125 135 174 203 234 225 232 247 247 247 247 247 247 247 247 247 
247 247 247 247 247 247 247 247 247 247 245 223 221 219 250 235 211 132 116 116 108 104 98 82 72 77 82 87 72 71 70 66 64 59 55 53 57 63 67 67 65 66 75 78 83 98 107 121 127 131 135 135 134 64 49 31 64 82 110 108 110 125 131 136 184 213 243 238 241 247 247 247 247 247 247 247 247 247 
247 247 247 247 247 247 247 247 247 247 247 250 251 251 251 239 222 137 119 114 107 104 101 84 73 76 85 94 78 74 68 57 50 38 31 29 40 52 62 62 63 65 81 83 84 103 115 139 149 154 160 163 165 68 42 8 40 64 111 111 115 137 136 138 194 222 252 250 249 247 247 247 247 247 247 247 247 247 
247 247 247 247 247 247 247 247 247 247 247 247 247 247 248 247 245 165 139 111 104 102 105 95 88 69 83 98 94 85 71 32 19 7 29 45 84 106 123 123 136 142 167 172 174 179 184 201 197 195 199 197 196 98 74 45 101 116 126 123 126 143 141 144 216 232 250 247 247 247 247 247 247 247 247 247 247 247 
247 247 247 247 247 247 247 247 247 247 247 247 247 247 248 248 248 182 153 111 104 101 101 99 97 69 82 95 98 91 77 47 34 16 38 54 97 117 133 133 147 153 173 179 186 186 190 202 197 195 195 187 180 100 89 77 123 130 126 127 130 140 144 149 224 236 250 247 247 247 247 247 247 247 247 247 247 247 
247 247 247 247 247 247 247 247 247 247 247 247 247 247 247 249 252 207 174 112 104 100 94 104 108 70 80 90 105 99 86 72 60 32 52 67 115 131 144 144 159 166 177 185 197 193 194 200 196 193 187 170 154 103 110 123 151 147 124 132 135 136 147 157 235 242 249 247 247 247 247 247 247 247 247 247 247 247 
247 247 247 247 247 247 247 247 247 247 247 247 247 247 247 248 249 234 204 132 109 98 89 99 106 84 81 77 109 103 88 98 97 84 72 67 75 86 95 95 97 101 121 131 145 148 148 144 139 136 141 136 130 132 140 152 157 148 125 134 137 133 158 177 245 246 247 247 247 247 247 247 247 247 247 247 247 247 
247 247 247 247 247 247 247 247 247 247 247 247 247 247 247 247 248 243 217 151 114 97 88 96 101 90 81 72 107 103 91 103 105 98 82 74 72 79 85 85 89 93 112 120 131 134 135 133 133 134 140 136 133 144 151 160 158 149 127 135 137 134 166 190 248 247 247 247 247 247 247 247 247 247 247 247 247 247 
247 247 247 247 247 247 247 247 247 247 247 247 247 247 247 247 247 251 235 192 124 96 88 89 89 98 82 65 100 101 98 104 107 110 99 93 85 84 83 83 97 105 116 119 120 121 123 132 148 157 158 155 152 162 164 166 158 150 133 137 138 139 184 215 250 249 247 247 247 247 247 247 247 247 247 247 247 247 
247 247 247 247 247 247 247 247 247 247 247 247 247 247 247 247 247 249 244 229 152 117 85 85 85 94 84 72 88 96 106 101 102 112 106 102 94 91 89 89 94 100 111 115 118 120 122 131 142 148 153 156 159 168 167 166 151 146 141 138 140 160 205 236 248 248 247 247 247 247 247 247 247 247 247 247 247 247 
247 247 247 247 247 247 247 247 247 247 247 247 247 247 247 247 247 248 247 244 173 136 86 84 83 91 84 77 82 93 110 99 99 111 109 107 98 95 93 93 92 95 106 110 115 117 120 128 137 142 151 157 163 170 168 165 149 146 144 140 144 177 217 245 248 247 247 247 247 247 247 247 247 247 247 247 247 247 
247 247 247 247 247 247 247 247 247 247 247 247 247 247 247 247 247 247 248 252 222 192 97 87 81 83 85 87 73 86 112 94 93 103 110 112 105 101 97 97 85 82 86 91 100 107 110 114 124 132 149 158 166 168 164 158 150 148 148 147 159 222 239 250 247 247 247 247 247 247 247 247 247 247 247 247 247 247 
247 247 247 247 247 247 247 247 247 247 247 247 247 247 247 247 247 247 247 249 239 220 143 106 81 81 84 87 74 83 102 100 98 96 106 110 108 104 102 102 89 84 86 88 94 102 106 113 125 133 151 159 166 165 162 157 154 152 148 170 188 239 244 248 247 247 247 247 247 247 247 247 247 247 247 247 247 247 
247 247 247 247 247 247 247 247 247 247 247 247 247 247 247 247 247 247 247 247 250 240 176 121 84 80 83 87 74 81 94 103 102 91 103 109 110 107 105 105 92 86 86 87 91 99 104 113 126 135 153 160 166 163 161 157 157 155 149 186 209 250 248 247 247 247 247 247 247 247 247 247 247 247 247 247 247 247 
247 247 247 247 247 247 247 247 247 247 247 247 247 247 247 247 247 247 247 247 248 248 244 179 134 75 78 81 84 81 75 105 108 94 99 102 106 105 104 104 104 105 106 107 108 113 118 131 139 145 158 162 166 164 164 163 161 165 176 225 245 248 247 247 247 247 247 247 247 247 247 247 247 247 247 247 247 247 
247 247 247 247 247 247 247 247 247 247 247 247 247 247 247 247 247 247 247 247 248 248 247 207 176 90 84 78 85 82 75 97 102 103 102 101 105 105 104 104 105 107 110 112 115 121 126 137 143 148 158 161 163 163 164 165 165 175 199 233 247 247 247 247 247 247 247 247 247 247 247 247 247 247 247 247 247 247 
247 247 247 247 247 247 247 247 247 247 247 247 247 247 247 247 247 247 247 247 247 248 251 237 223 106 91 74 87 83 75 88 96 113 105 101 105 104 104 104 106 110 115 118 123 131 135 144 148 151 158 159 160 162 164 168 170 185 224 243 250 247 247 247 247 247 247 247 247 247 247 247 247 247 247 247 247 247 
247 247 247 247 247 247 247 247 247 247 247 247 247 247 247 247 247 247 247 247 247 247 247 249 249 196 143 86 81 81 82 78 85 110 109 109 109 109 109 109 112 116 121 124 128 134 137 144 151 155 161 157 154 164 168 172 195 213 247 247 247 247 247 247 247 247 247 247 247 247 247 247 247 247 247 247 247 247 
247 247 247 247 247 247 247 247 247 247 247 247 247 247 247 247 247 247 247 247 247 247 247 249 249 222 172 119 82 80 81 76 82 102 107 110 112 113 114 114 114 116 121 123 126 131 134 141 148 153 159 157 155 166 171 176 208 223 249 247 247 247 247 247 247 247 247 247 247 247 247 247 247 247 247 247 247 247 
247 247 247 247 247 247 247 247 247 247 247 247 247 247 247 247 247 247 247 247 247 247 247 247 247 253 217 177 85 78 79 75 78 89 103 110 115 119 122 122 115 116 119 120 122 126 129 137 143 148 156 156 156 169 175 183 227 239 249 248 247 247 247 247 247 247 247 247 247 247 247 247 247 247 247 247 247 247 
247 247 247 247 247 247 247 247 247 247 247 247 247 247 247 247 247 247 247 247 247 247 247 247 247 249 242 235 154 120 72 70 71 75 87 94 101 107 111 111 118 119 120 121 122 123 126 135 139 141 150 153 155 162 179 205 240 247 247 247 247 247 247 247 247 247 247 247 247 247 247 247 247 247 247 247 247 247 
247 247 247 247 247 247 247 247 247 247 247 247 247 247 247 247 247 247 247 247 247 247 247 247 247 248 249 250 190 151 92 74 69 68 78 84 92 98 103 103 114 117 119 120 122 122 124 132 134 136 144 146 147 161 184 219 244 249 247 247 247 247 247 247 247 247 247 247 247 247 247 247 247 247 247 247 247 247 
247 247 247 247 247 247 247 247 247 247 247 247 247 247 247 247 247 247 247 247 247 247 247 247 247 247 248 249 249 217 161 93 71 57 62 65 74 80 85 85 101 107 115 118 121 119 119 122 124 125 127 125 123 164 198 245 248 248 247 247 247 247 247 247 247 247 247 247 247 247 247 247 247 247 247 247 247 247 
247 247 247 247 247 247 247 247 247 247 247 247 247 247 247 247 247 247 247 247 247 247 247 247 247 247 247 248 248 239 221 179 155 112 85 71 63 64 65 65 78 84 94 98 102 100 100 102 102 103 105 122 138 209 227 248 247 247 247 247 247 247 247 247 247 247 247 247 247 247 247 247 247 247 247 247 247 247 
247 247 247 247 247 247 247 247 247 247 247 247 247 247 247 247 247 247 247 247 247 247 247 247 247 247 247 247 248 248 249 224 202 151 113 92 75 71 68 68 69 72 81 84 89 88 88 91 93 95 105 132 157 233 241 249 247 247 247 247 247 247 247 247 247 247 247 247 247 247 247 247 247 247 247 247 247 247 
247 247 247 247 247 247 247 247 247 247 247 247 247 247 247 247 247 247 247 247 247 247 247 247 247 247 247 247 247 247 247 251 252 251 237 226 198 173 154 154 83 63 57 58 62 63 65 74 99 119 183 214 242 250 249 247 247 247 247 247 247 247 247 247 247 247 247 247 247 247 247 247 247 247 247 247 247 247 
247 247 247 247 247 247 247 247 247 247 247 247 247 247 247 247 247 247 247 247 247 247 247 247 247 247 247 247 247 247 247 249 249 249 243 239 229 218 210 210 168 151 140 138 138 140 144 156 176 190 222 234 245 248 248 247 247 247 247 247 247 247 247 247 247 247 247 247 247 247 247 247 247 247 247 247 247 247 
247 247 247 247 247 247 247 247 247 247 247 247 247 247 247 247 247 247 247 247 247 247 247 247 247 247 247 247 247 247 247 247 247 247 249 250 253 254 254 254 234 221 205 201 197 201 206 221 236 246 252 250 248 247 247 247 247 247 247 247 247 247 247 247 247 247 247 247 247 247 247 247 247 247 247 247 247 247 
