247 247 247 247 247 247 247 244 203 146 122 115 108 90 85 88 95 103 108 110 133 174 235 247 247 247 247 247 247 247 
247 247 247 247 247 247 242 189 135 114 103 106 102 100 109 120 116 136 129 128 133 145 184 237 247 247 247 247 247 247 
247 247 247 247 247 249 184 129 95 110 134 145 149 151 150 155 164 172 175 184 197 193 172 177 246 247 247 247 247 247 
247 247 247 247 247 204 108 99 101 141 151 151 153 154 153 153 162 168 171 176 190 207 205 162 190 244 247 247 247 247 
247 247 247 247 239 144 100 96 103 136 141 143 149 154 156 157 163 169 177 180 187 197 203 179 163 230 247 247 247 247 
247 247 247 247 219 106 99 99 100 125 129 130 135 146 152 156 162 170 184 181 187 189 196 184 167 201 248 247 247 247 
247 247 247 249 197 91 106 103 102 115 121 124 128 137 147 152 159 164 177 177 181 184 187 188 173 190 245 247 247 247 
247 247 247 249 181 93 120 108 110 119 119 130 142 149 155 161 165 163 171 177 185 189 186 191 180 183 238 247 247 247 
247 247 247 249 170 100 107 107 115 120 123 132 140 141 145 154 160 159 164 170 175 183 191 194 194 188 233 247 247 247 
247 247 247 248 146 80 90 107 119 124 131 121 102 91 93 112 127 139 130 103 80 97 128 183 199 186 232 247 247 247 
247 247 247 247 136 71 92 116 122 118 84 56 51 46 49 66 105 143 106 71 58 75 96 129 202 188 230 247 247 247 
247 247 247 232 138 73 93 124 124 87 60 53 50 58 60 62 108 161 113 70 52 59 73 106 187 183 204 244 247 247 
247 248 220 95 91 71 108 123 116 77 51 61 77 92 75 71 117 157 139 108 92 115 133 114 167 188 145 223 248 247 
247 248 208 101 107 91 110 120 106 87 87 88 95 104 109 106 132 155 167 155 145 137 141 159 180 197 158 218 248 247 
247 248 210 114 110 98 119 120 119 134 136 136 136 130 120 117 142 159 177 156 150 167 167 177 199 186 164 220 248 247 
247 247 242 126 84 98 125 119 127 142 143 148 139 116 106 127 142 153 177 173 135 112 158 182 196 183 172 244 247 247 
247 247 250 147 94 118 127 116 117 115 118 123 106 81 105 106 101 125 142 136 144 93 98 142 174 181 180 249 247 247 
247 247 249 179 111 117 127 119 102 88 91 90 64 75 68 49 50 78 114 127 142 130 72 94 150 179 204 248 247 247 
247 247 247 233 150 140 140 120 94 73 71 60 70 86 90 89 96 111 127 144 144 140 113 76 141 171 222 248 247 247 
247 247 247 247 203 217 166 115 99 73 77 68 72 72 75 74 81 99 118 124 94 76 108 108 150 213 235 247 247 247 
247 247 247 247 248 249 197 116 103 79 90 77 28 38 87 108 133 148 178 183 123 54 113 132 167 242 247 247 247 247 
247 247 247 247 247 247 236 136 95 96 88 96 73 69 111 129 153 172 170 161 127 145 133 135 194 246 247 247 247 247 
247 247 247 247 247 247 248 185 94 93 81 100 106 93 85 93 114 124 138 150 155 160 139 141 227 247 247 247 247 247 
247 247 247 247 247 247 247 234 127 84 82 98 98 108 98 88 97 111 127 150 167 156 146 177 248 247 247 247 247 247 
247 247 247 247 247 247 247 248 221 93 82 83 102 104 106 96 94 103 127 154 164 159 171 236 247 247 247 247 247 247 
247 247 247 247 247 247 247 247 248 177 88 80 99 105 105 107 116 126 145 157 162 171 216 248 247 247 247 247 247 247 
247 247 247 247 247 247 247 247 247 243 147 80 84 108 115 114 121 128 144 156 163 196 243 247 247 247 247 247 247 247 
247 247 247 247 247 247 247 247 247 247 239 143 69 78 95 111 119 121 131 139 154 234 247 247 247 247 247 247 247 247 
247 247 247 247 247 247 247 247 247 247 247 238 174 109 85 77 86 91 98 124 198 248 247 247 247 247 247 247 247 247 
247 247 247 247 247 247 247 247 247 247 247 247 249 241 221 175 147 145 174 222 247 247 247 247 247 247 247 247 247 247 
