90 91 94 92 90 91 93 93 93 93 93 96 95 96 96 96 95 93 91 87 82 80 80 76 75 76 77 75 79 74 57 72 124 97 50 51 52 55 60 72 73 73 72 72 71 71 72 74 75 75 73 75 72 75 74 74 73 73 74 73 69 71 71 71 73 72 71 73 73 71 71 72 70 71 72 72 73 73 75 73 70 70 72 70 69 68 68 68 71 68 72 72 71 69 70 71 71 72 71 69 69 69 69 70 68 66 66 69 68 66 67 68 69 68 66 66 67 67 67 64 65 69 71 69 68 66 67 67 65 63 65 66 65 65 66 66 64 63 63 63 66 64 66 66 65 65 64 63 63 65 
91 93 90 91 91 91 93 93 93 93 93 96 95 96 96 96 95 93 91 87 82 80 81 76 74 76 77 76 78 76 56 74 124 97 52 53 52 54 59 72 73 74 73 73 73 73 73 74 75 75 73 74 75 73 73 73 73 73 72 72 72 71 71 72 70 72 72 74 75 74 73 72 73 71 74 76 75 75 74 72 73 71 70 73 72 70 69 70 70 72 71 72 72 70 72 70 70 72 71 69 71 71 70 70 68 69 69 68 69 71 70 68 69 68 66 67 68 67 67 67 68 69 68 69 66 66 67 67 66 68 64 65 65 64 66 65 64 65 65 65 67 64 65 65 65 65 65 65 65 65 
89 89 90 90 93 93 93 93 92 92 93 94 94 94 95 97 96 94 92 88 82 80 79 77 74 76 77 78 76 74 59 71 122 98 52 52 53 54 59 73 73 74 76 74 74 74 74 74 75 75 75 76 77 73 73 73 72 73 72 71 73 73 72 72 73 72 73 74 74 73 74 73 71 74 74 73 73 76 74 72 70 70 72 70 69 70 71 72 71 71 70 71 72 73 74 70 70 72 71 70 71 71 71 70 67 70 70 71 69 66 67 71 69 68 66 65 66 67 67 66 66 70 69 70 68 66 69 66 68 67 66 63 67 67 68 63 66 66 66 66 67 64 64 65 66 65 65 64 64 65 
88 89 90 91 93 93 93 92 92 93 93 93 94 95 95 96 96 93 92 88 82 80 79 78 74 76 77 77 77 73 58 75 117 94 52 52 54 55 60 73 73 71 75 76 74 74 74 76 74 74 75 75 72 71 74 73 73 74 74 73 73 71 70 72 74 74 72 72 74 75 75 73 72 74 74 73 75 72 74 73 73 72 72 71 70 71 72 72 72 71 71 73 74 73 74 71 72 73 72 71 72 72 70 70 71 70 70 70 69 68 69 69 69 69 69 69 69 68 68 67 67 70 68 68 68 67 68 68 67 66 66 65 67 68 65 69 64 66 66 65 66 65 66 66 64 68 67 65 64 66 
88 89 89 90 92 91 92 93 94 94 94 94 95 95 95 94 94 91 91 88 83 79 79 78 75 76 77 77 78 71 57 78 121 93 51 52 54 55 60 73 74 73 74 73 74 74 72 77 72 73 74 75 74 73 74 73 74 76 75 74 74 73 73 73 74 74 74 74 76 76 75 75 73 74 74 73 71 74 75 75 74 72 73 76 75 73 72 72 74 72 72 74 75 73 73 72 73 72 70 69 72 72 73 73 71 72 72 71 71 70 72 69 69 70 69 69 69 69 70 70 70 69 68 68 67 71 67 69 65 69 67 66 67 68 67 65 66 67 67 63 64 66 67 68 66 66 66 66 65 66 
86 87 89 90 92 92 94 93 94 95 96 95 95 95 95 95 93 92 93 91 85 79 79 78 77 77 77 78 79 70 53 79 123 95 50 51 55 54 62 73 76 75 75 74 74 74 74 74 75 75 75 76 76 76 76 75 73 75 76 75 75 74 73 74 74 74 71 75 78 76 75 75 74 74 75 74 73 74 72 75 73 73 73 74 73 75 74 72 75 74 72 72 73 73 72 72 71 71 73 73 70 75 73 74 75 72 71 71 73 70 73 70 68 68 68 68 68 69 72 68 70 72 70 70 68 68 68 66 66 69 66 64 68 68 67 66 66 67 67 65 65 66 66 65 65 66 66 65 65 67 
85 86 87 89 89 89 90 91 93 93 93 93 95 95 95 95 94 93 90 88 85 79 78 76 76 77 77 78 79 74 54 76 121 97 51 53 56 54 62 72 74 75 76 76 77 77 75 74 74 76 76 76 76 75 74 72 76 74 73 74 74 74 75 74 75 76 75 76 75 74 73 75 74 75 76 75 75 76 75 74 73 76 76 74 75 75 76 73 74 74 74 74 73 73 72 73 72 72 73 73 70 75 72 75 74 72 71 75 71 70 71 68 69 70 70 70 70 72 70 73 71 69 68 69 68 70 70 69 69 68 68 68 69 69 69 68 66 66 65 66 67 67 66 65 66 67 68 67 66 65 
84 85 87 87 90 93 92 92 93 94 93 94 97 97 96 94 94 94 91 88 85 79 79 76 76 77 77 78 79 74 56 69 117 105 54 53 55 54 60 71 72 74 75 75 76 75 75 75 74 73 77 75 78 75 75 73 74 74 73 74 73 75 75 75 75 76 77 78 79 77 75 75 75 79 78 74 75 77 76 74 74 76 76 74 74 74 75 75 78 72 73 73 75 74 74 74 74 73 72 72 72 73 73 74 73 73 73 73 72 74 73 70 68 68 70 71 70 71 70 71 69 68 67 67 68 70 70 68 69 68 67 69 70 69 69 68 66 67 68 69 67 66 66 66 67 67 69 69 68 65 
82 83 86 85 90 92 91 89 90 91 94 95 95 93 94 96 96 94 92 89 85 80 81 78 77 77 77 79 80 76 56 65 115 104 55 53 54 56 58 72 73 75 75 74 74 74 75 75 75 75 76 76 76 77 76 73 74 74 75 75 74 75 77 75 75 76 77 78 78 77 77 77 77 78 78 76 77 76 77 76 76 76 76 75 73 74 75 76 78 75 75 75 76 74 74 73 74 74 72 72 73 73 73 72 71 73 73 73 73 73 72 71 71 71 70 70 68 70 71 71 69 69 72 71 70 70 70 68 70 69 66 69 70 69 69 68 66 68 69 68 68 67 66 66 67 67 68 68 68 66 
82 82 85 84 88 90 89 91 92 92 94 94 97 96 95 97 97 96 94 90 85 79 80 78 76 77 78 80 81 77 55 61 116 106 55 54 55 54 59 73 74 75 76 74 74 75 76 76 75 76 73 77 75 78 77 76 76 77 76 76 75 76 77 76 75 76 77 78 77 78 79 77 76 74 77 78 78 75 78 78 76 76 76 75 74 75 77 77 77 78 78 77 76 73 73 74 74 74 73 73 74 73 72 72 71 73 73 73 73 72 71 73 73 73 72 70 68 71 71 72 71 71 70 69 69 70 70 70 71 69 67 69 69 68 68 68 67 68 69 66 68 68 66 66 67 68 67 67 67 67 
77 78 80 81 84 87 87 89 90 91 93 94 95 96 97 96 97 94 93 89 84 78 77 76 77 78 75 77 79 73 55 65 118 102 54 54 55 55 59 73 74 75 75 75 74 75 76 76 76 76 75 77 75 75 79 79 76 76 77 76 77 78 77 77 77 76 78 78 77 76 77 77 76 76 78 77 76 76 77 77 76 76 76 75 75 76 78 78 77 78 78 78 76 76 75 76 75 74 74 74 74 73 73 74 74 73 73 73 72 72 72 73 71 72 72 73 70 71 72 72 72 71 71 70 69 69 69 70 70 70 69 68 69 67 66 68 70 70 70 68 68 68 68 68 68 70 67 68 68 68 
77 78 78 78 81 81 86 86 89 93 94 96 95 94 94 94 95 94 93 91 85 80 77 74 77 77 77 76 77 73 53 64 117 96 53 54 55 55 59 73 74 74 74 74 74 75 74 76 80 77 76 78 76 75 76 76 75 76 77 76 77 78 77 78 79 78 77 76 77 77 78 79 78 76 78 77 76 76 77 77 76 76 76 77 77 76 78 78 77 78 76 74 74 75 74 75 75 74 74 74 73 77 76 74 74 73 73 73 73 73 73 74 72 73 73 73 70 71 72 72 72 71 72 71 70 70 70 70 70 70 69 68 69 67 68 70 71 70 70 69 69 70 70 69 68 70 68 69 69 68 
75 74 75 78 80 82 84 85 86 89 91 94 95 95 96 96 96 95 95 90 86 81 78 76 78 77 75 77 77 74 49 62 116 96 55 51 55 54 60 70 76 77 74 74 76 75 77 76 76 77 78 77 77 76 76 77 77 76 76 79 78 78 77 78 79 78 78 77 78 76 79 79 76 74 79 80 77 77 75 77 78 77 77 77 77 77 78 77 77 76 76 76 74 74 75 77 77 75 74 73 71 75 77 75 75 75 75 75 74 74 73 75 73 72 72 72 71 71 73 73 72 70 72 70 69 72 68 71 72 72 70 69 69 68 69 69 70 68 68 70 71 71 70 70 69 67 69 69 69 68 
74 72 74 77 79 80 82 84 86 88 90 93 93 94 96 96 94 95 92 90 85 80 76 74 76 75 74 77 77 72 48 49 87 81 53 52 52 53 59 72 75 76 75 75 76 75 77 76 76 77 78 78 78 77 77 78 79 77 77 77 77 79 78 77 77 78 79 78 78 80 78 77 78 78 79 78 74 74 79 77 78 79 78 77 77 78 78 77 78 77 78 78 76 76 77 76 76 76 75 74 75 75 76 75 75 74 74 75 75 74 75 74 77 76 75 74 72 71 73 70 74 73 74 73 72 70 70 71 72 72 70 70 71 71 70 71 70 71 68 70 71 71 70 70 70 68 70 69 69 69 
71 70 73 74 74 77 79 82 85 87 90 93 93 94 95 95 94 95 91 90 84 78 79 76 77 75 73 75 76 71 51 39 42 56 50 53 50 53 58 73 75 75 75 75 76 76 76 76 76 77 77 77 79 76 78 79 79 79 78 76 78 81 79 78 77 77 78 79 77 80 78 77 79 81 79 79 78 77 77 79 81 80 78 78 78 78 77 77 79 79 78 78 78 77 77 76 75 76 77 75 77 75 75 75 75 75 76 75 75 73 75 73 75 74 74 75 73 72 74 72 72 76 74 74 73 71 73 70 72 72 69 72 73 73 70 70 71 70 70 71 70 70 69 69 72 69 70 69 69 70 
70 70 70 72 73 74 75 78 82 86 88 92 91 92 93 95 95 93 91 89 84 77 79 77 77 76 75 78 79 73 60 47 38 64 58 48 51 54 59 71 76 74 75 75 76 78 75 77 78 78 76 77 78 76 80 75 77 79 81 79 76 76 75 78 80 79 76 79 78 78 80 79 79 80 80 80 78 79 79 80 81 79 77 79 79 78 77 77 79 79 76 77 78 78 78 78 75 76 75 77 76 76 77 74 77 75 76 75 73 72 71 77 74 74 74 73 72 74 74 74 74 75 73 73 73 76 76 70 72 71 71 74 72 72 69 68 71 72 72 72 70 72 72 71 71 71 68 69 70 69 
70 70 72 72 71 73 74 76 81 85 87 90 92 94 95 95 95 93 92 90 83 77 81 80 75 77 79 77 78 77 63 48 41 61 70 56 52 54 61 72 76 75 76 76 76 77 77 78 79 79 78 80 76 78 78 77 77 79 80 79 79 82 81 81 81 79 78 76 79 78 80 79 79 79 79 79 79 78 80 81 81 79 77 77 77 78 79 78 78 78 75 75 77 80 80 79 77 79 76 75 77 77 76 79 78 76 76 78 76 74 73 77 74 74 75 76 75 74 74 74 74 75 74 75 72 74 74 70 72 70 76 73 72 72 70 70 72 72 72 72 70 71 70 70 72 70 69 69 70 70 
69 71 73 72 72 72 75 77 79 83 86 89 91 93 94 93 93 96 92 88 84 80 78 76 76 77 80 79 79 75 62 50 41 61 72 66 60 50 59 72 77 76 76 75 76 75 76 76 77 79 79 80 79 79 78 81 79 78 77 82 78 81 81 79 77 78 80 78 79 79 80 80 77 80 79 79 80 80 81 82 82 80 78 77 78 79 80 74 79 80 78 80 81 79 78 77 77 77 78 79 77 78 76 79 79 76 77 77 78 77 75 75 76 71 75 74 74 72 73 74 75 75 75 73 75 73 75 73 73 72 71 71 72 70 71 72 72 72 72 73 72 71 72 73 72 72 71 70 70 73 
69 71 73 72 72 72 75 75 78 81 84 87 89 91 93 95 95 98 94 90 86 81 79 79 78 77 76 77 77 76 64 51 41 62 73 69 68 60 62 72 77 75 76 77 77 76 77 78 78 79 79 79 78 77 77 79 76 75 77 80 79 80 80 80 79 79 81 80 79 81 83 82 79 80 79 79 80 80 79 80 81 80 78 78 79 80 78 80 81 79 80 78 77 79 78 77 77 77 77 77 78 79 76 77 78 77 78 79 76 78 77 77 77 74 76 77 73 75 76 77 74 74 75 73 74 75 74 74 74 74 74 75 73 73 73 73 73 72 72 72 73 72 72 72 70 70 70 70 69 70 
68 70 72 71 71 73 75 74 77 80 83 87 90 92 94 95 96 96 93 90 85 80 79 78 78 77 75 76 79 77 63 48 40 62 70 71 72 73 73 75 77 77 76 75 79 78 78 77 77 79 79 79 76 78 78 79 78 75 76 77 77 81 81 81 80 80 82 80 82 79 80 82 80 81 79 79 80 81 78 79 81 80 79 79 79 79 79 82 82 81 81 77 77 78 77 78 78 77 76 76 78 78 75 76 77 77 77 77 79 76 77 76 77 75 76 77 77 73 73 74 76 77 75 74 74 77 73 75 75 73 73 74 73 72 75 75 73 71 71 72 73 72 72 72 73 71 73 74 72 72 
71 68 69 72 73 74 75 75 77 79 82 87 89 92 94 94 95 96 93 91 86 79 79 78 77 76 75 74 75 75 63 46 40 63 70 70 72 74 75 76 77 78 77 77 78 78 77 77 78 79 76 77 74 78 79 80 80 79 79 79 78 78 78 80 81 81 83 82 82 80 80 78 78 81 80 79 80 81 79 80 81 81 81 80 79 80 80 80 78 78 81 77 78 77 77 79 79 78 77 77 78 77 76 78 78 77 77 77 78 77 78 77 77 77 77 75 74 76 76 76 77 78 73 73 73 74 70 74 74 73 73 75 75 73 75 75 74 72 71 72 72 72 73 73 73 73 73 72 71 71 
69 70 72 74 75 75 77 77 79 80 81 84 87 91 93 92 94 97 94 92 88 81 80 80 78 77 76 78 76 75 61 47 39 64 72 72 72 73 74 77 76 78 78 77 76 76 78 79 79 80 73 76 74 77 77 78 78 81 82 80 79 81 81 81 81 80 77 76 78 82 78 80 80 81 80 81 81 82 81 82 82 82 82 81 80 80 80 79 77 81 81 77 78 77 77 79 79 79 78 78 78 78 76 77 78 77 77 77 78 77 79 78 78 78 78 77 76 78 78 78 78 78 78 78 77 78 74 74 74 73 74 75 75 73 75 75 74 72 72 72 72 73 74 73 70 73 73 71 70 70 
72 72 71 71 74 77 77 79 79 81 82 84 87 91 93 96 94 96 92 90 87 80 80 81 78 77 76 75 75 76 61 48 38 65 73 74 74 74 74 74 76 76 76 76 76 76 77 79 78 78 77 78 78 77 79 79 80 80 80 80 79 80 82 81 79 77 78 78 78 78 81 81 83 85 83 88 82 81 82 82 80 80 77 80 81 81 80 79 79 78 80 79 78 78 81 81 77 80 80 80 78 79 80 78 77 77 77 77 77 78 77 77 76 80 75 76 77 78 75 78 76 75 77 77 76 78 78 75 73 74 74 73 75 74 74 74 73 72 75 75 75 74 74 75 72 74 73 72 72 70 
72 72 72 72 71 73 77 79 79 82 85 86 86 89 93 97 94 96 92 89 84 78 77 79 74 75 77 77 77 76 65 48 38 65 73 74 74 74 74 76 78 79 79 79 76 76 77 76 77 78 77 78 78 78 77 79 80 80 79 78 77 79 80 81 79 77 79 79 81 81 83 90 95 99 99 106 108 92 82 82 82 84 81 80 82 82 80 79 83 81 81 81 80 78 76 81 81 80 81 81 78 79 78 78 80 78 78 79 78 75 77 77 79 75 79 78 79 77 74 78 78 77 75 75 76 78 78 77 74 76 75 76 75 75 74 74 75 77 73 74 74 73 74 75 77 74 73 73 73 71 
73 70 71 73 74 75 77 78 81 83 85 88 89 90 92 93 94 95 91 87 84 79 79 78 74 74 76 78 79 76 67 50 37 64 74 73 74 75 76 74 77 75 77 78 77 77 76 76 77 77 76 76 77 79 79 80 80 80 79 79 78 77 77 80 82 82 83 81 79 83 83 83 84 87 76 80 82 87 86 83 74 77 80 80 80 78 82 81 81 80 79 79 81 80 79 81 83 80 79 79 80 80 80 79 79 80 79 80 79 78 78 78 80 78 77 77 79 78 77 77 76 75 77 77 76 77 77 77 77 76 76 76 75 76 75 77 75 76 76 76 77 75 75 76 75 74 73 74 73 73 
72 72 74 75 75 76 78 83 83 82 86 89 91 91 92 94 93 95 90 86 83 78 79 78 77 77 77 77 78 76 69 53 40 62 74 73 73 73 75 75 78 74 76 78 77 77 78 76 74 77 76 75 78 79 80 80 80 80 80 80 80 79 81 79 80 81 80 70 69 76 89 86 74 70 76 87 87 90 83 94 88 98 91 90 87 83 82 80 79 79 79 80 81 80 80 81 81 81 80 80 81 81 80 80 81 83 81 80 79 80 83 77 77 77 78 76 78 79 79 79 78 77 79 79 78 78 77 76 76 75 76 76 74 75 75 75 75 74 71 74 74 75 73 71 73 75 75 74 74 76 
71 73 74 74 75 77 80 81 82 86 86 90 91 91 93 93 94 94 92 89 84 80 79 78 78 78 78 76 77 77 69 56 43 63 74 74 73 73 74 76 79 76 77 78 77 76 74 75 77 77 76 76 78 78 80 79 78 80 80 81 82 78 83 77 73 73 68 53 57 80 93 83 88 84 80 75 67 53 50 64 80 97 81 85 96 94 82 82 79 79 80 82 80 81 80 81 80 79 79 80 81 81 80 82 82 80 78 78 78 79 81 81 76 77 78 77 78 79 78 79 79 79 80 79 79 78 78 76 76 76 77 77 74 76 75 72 77 77 74 72 73 74 75 76 73 74 76 76 76 73 
71 71 71 72 74 78 77 80 81 85 88 87 90 92 94 93 93 93 93 90 84 79 79 78 78 78 77 78 77 76 67 55 42 65 75 74 73 74 75 76 78 77 78 78 76 75 76 78 78 77 77 76 75 75 78 80 76 79 78 80 79 81 72 57 49 60 63 57 57 70 93 95 85 78 64 66 60 53 40 47 44 36 36 39 64 96 93 83 82 81 81 81 80 81 80 80 81 81 81 82 81 79 78 82 81 80 79 80 81 81 80 81 79 78 78 79 79 77 77 77 78 80 78 78 79 78 77 77 77 78 78 77 75 77 77 77 77 77 75 73 74 74 75 75 77 77 76 76 76 74 
72 72 72 73 76 77 77 80 86 85 86 89 91 92 93 95 92 96 92 88 85 79 80 78 78 77 77 78 77 75 65 53 39 62 75 74 73 73 75 74 77 76 77 77 78 77 77 78 79 77 77 77 77 77 80 80 80 79 80 76 75 69 54 51 54 58 49 40 47 63 91 95 66 50 49 56 53 44 37 34 28 29 36 50 60 73 90 87 77 81 81 81 80 81 80 81 80 78 79 80 81 79 77 81 79 80 79 80 80 80 79 80 80 79 79 79 79 77 77 77 78 79 77 77 79 79 78 77 77 78 78 77 77 79 79 78 77 76 77 75 75 76 75 76 76 76 76 76 77 76 
72 72 72 78 74 76 79 80 83 86 91 91 92 93 93 95 93 93 93 87 84 80 79 78 79 79 78 76 76 76 65 54 42 62 75 76 75 73 74 75 76 77 77 77 78 76 79 76 78 78 78 79 79 80 79 78 79 80 75 77 62 53 59 67 52 42 33 33 48 71 97 81 56 33 35 38 49 41 32 28 35 47 61 71 77 73 68 70 67 67 79 81 82 81 82 79 80 81 80 80 77 80 81 81 81 81 78 79 80 79 79 79 79 80 79 77 77 79 79 80 78 80 80 79 78 78 78 78 77 76 79 76 78 80 79 79 77 75 78 77 76 76 77 77 77 77 76 75 75 75 
70 70 72 74 74 76 79 80 83 85 89 94 95 94 95 95 93 90 93 85 84 80 79 78 78 77 77 76 76 78 68 55 41 61 72 72 74 75 76 75 76 77 77 77 78 76 79 76 78 79 79 78 78 79 78 78 77 77 72 61 60 66 76 63 46 34 38 48 68 93 118 81 40 29 24 35 41 33 22 24 43 58 70 88 93 82 76 86 81 59 67 75 81 81 79 81 83 82 80 79 80 81 81 81 81 82 80 80 80 80 79 79 78 79 79 79 79 79 80 80 78 80 81 79 77 80 83 79 78 80 79 78 78 79 77 77 78 78 77 77 76 76 78 78 78 78 77 77 76 75 
68 70 71 73 73 76 79 80 83 85 87 94 96 95 94 95 94 95 94 90 85 79 78 79 77 75 76 76 76 76 67 53 40 60 73 75 75 76 77 76 77 77 77 77 78 76 79 77 78 78 77 75 77 77 76 74 76 71 58 52 56 57 53 47 41 43 52 78 106 115 105 73 42 32 28 32 37 37 29 26 32 48 57 69 77 77 68 86 105 65 48 54 73 77 80 79 81 80 80 80 83 81 80 79 80 82 80 79 79 79 79 80 81 82 82 80 78 79 80 79 79 81 80 80 78 78 79 81 78 77 75 76 77 78 76 77 78 80 78 77 75 75 78 77 76 76 77 77 76 75 
67 70 71 73 72 76 79 80 83 85 86 91 91 94 94 94 94 94 95 88 86 78 75 76 75 75 76 76 77 75 68 52 40 60 72 76 73 75 76 77 77 77 77 77 79 75 78 78 78 77 77 76 76 76 73 68 54 37 30 27 35 28 39 42 60 58 57 99 109 97 76 51 30 34 30 35 36 31 20 24 25 22 27 37 50 66 70 59 64 61 44 41 57 76 83 81 81 78 79 81 81 81 82 82 82 81 78 81 82 80 79 80 80 80 80 79 78 80 81 78 79 80 79 82 79 80 80 77 78 78 77 76 76 77 77 77 77 79 80 80 79 78 78 76 76 76 77 77 76 75 
67 70 73 70 73 76 78 80 83 85 86 91 92 92 92 95 95 93 91 89 86 78 78 76 76 75 76 76 77 74 66 51 40 60 72 76 73 73 74 77 77 78 79 78 79 76 77 76 76 75 80 78 73 68 55 33 18 15 14 15 17 21 23 38 40 73 78 63 70 45 32 25 27 34 47 50 38 26 28 22 23 42 32 28 27 35 42 38 29 33 28 38 42 68 78 81 77 80 79 81 81 81 81 82 82 81 78 81 81 80 79 80 80 80 78 77 81 81 83 80 81 82 81 83 80 80 79 78 76 76 77 76 76 77 77 77 77 77 78 78 76 77 78 76 77 77 78 78 77 76 
65 67 68 70 72 70 76 77 79 82 86 88 91 92 92 93 93 92 91 89 85 80 77 77 77 76 75 77 78 77 65 51 37 59 75 74 74 73 75 77 77 77 77 76 79 77 77 76 76 78 77 78 65 48 29 15 15 22 28 20 10 7 15 28 36 38 68 81 73 37 14 13 27 52 51 55 50 46 38 32 38 35 32 30 44 56 58 37 27 22 19 28 37 55 74 79 78 79 82 84 82 82 82 82 84 84 82 81 81 81 81 79 80 80 80 80 81 80 83 80 81 82 81 79 78 79 79 77 77 79 78 78 78 78 77 77 77 77 75 77 77 77 76 76 77 81 78 78 77 79 
67 68 68 68 71 72 78 76 78 81 84 87 87 95 92 93 93 92 91 90 85 79 77 77 77 76 75 77 78 77 65 51 37 59 75 74 74 73 75 77 77 77 77 77 79 75 79 78 77 77 76 71 51 31 18 19 40 46 34 27 19 17 11 21 31 18 28 39 44 33 14 16 30 65 64 45 35 38 54 75 64 47 40 35 46 51 53 54 34 18 15 17 21 31 60 73 79 78 81 83 82 82 82 81 82 83 80 81 82 81 82 79 79 79 80 82 83 79 82 79 81 82 82 80 80 81 80 80 80 80 78 77 76 76 77 77 78 80 79 79 79 78 76 75 78 78 80 79 79 80 
68 68 69 69 70 72 75 76 77 79 84 87 88 91 90 93 94 93 92 90 85 77 78 76 77 76 77 77 77 76 65 51 36 58 75 74 74 75 75 77 78 78 77 77 78 76 79 78 76 71 65 53 33 16 18 24 31 29 25 19 19 26 40 27 17 15 20 31 25 15 14 17 37 65 61 41 26 25 41 77 118 97 37 23 27 46 69 68 54 25 15 14 12 14 37 65 73 80 80 82 82 81 81 81 82 82 80 79 81 81 80 80 80 80 82 82 83 79 80 79 79 80 82 80 79 79 79 80 80 80 77 79 78 78 79 78 78 80 79 79 79 78 77 77 80 77 79 78 77 77 
71 71 71 69 69 72 73 76 78 79 82 85 88 88 90 92 93 93 92 88 83 80 78 75 75 77 76 77 76 75 65 52 36 59 75 74 73 74 78 76 77 77 77 76 77 78 78 77 76 70 59 41 19 20 22 25 16 12 11 13 14 25 28 45 25 12 12 26 23 13 14 20 48 58 48 37 32 23 27 46 89 112 72 26 14 25 33 58 66 48 23 13 11 10 21 42 70 77 80 81 81 80 81 81 79 78 82 81 81 81 80 80 80 81 82 81 81 80 80 80 82 83 81 79 78 78 77 79 79 80 80 79 78 79 77 79 80 78 77 79 78 78 77 75 76 79 77 76 76 77 
68 69 69 69 69 72 74 78 79 80 80 83 87 89 90 91 91 91 90 88 84 77 76 74 74 79 75 77 75 75 65 53 38 59 75 74 74 75 75 75 76 76 76 75 77 78 76 75 74 70 53 26 16 25 20 11 5 9 7 8 9 11 15 17 26 13 9 14 17 15 12 16 18 20 21 27 24 24 26 25 55 84 67 45 31 25 19 24 33 54 45 23 11 10 9 21 60 75 78 81 79 81 79 79 80 82 82 81 81 81 80 80 80 81 80 78 79 80 80 80 79 80 80 79 79 78 77 77 77 79 83 79 79 81 80 79 78 79 78 79 78 77 76 76 77 76 76 76 76 76 
70 70 70 70 72 73 74 76 78 81 83 87 86 92 92 92 90 91 89 86 82 77 75 77 77 73 75 76 75 72 67 54 38 55 76 75 75 75 73 77 77 78 77 76 77 76 77 75 72 67 35 14 11 11 10 5 4 6 6 5 5 8 8 9 11 12 9 10 12 10 9 12 9 9 10 10 11 14 18 25 36 34 37 35 27 31 34 25 12 17 26 30 29 18 11 12 30 68 75 81 81 81 81 81 81 81 82 84 81 83 81 81 81 81 80 79 80 79 79 79 80 80 80 79 79 81 82 77 78 80 81 80 80 82 80 80 78 79 83 78 76 77 79 79 79 79 77 77 77 77 
70 70 70 70 72 74 76 77 78 80 82 85 86 92 92 92 90 91 86 86 81 75 73 74 74 76 74 78 76 74 69 55 38 55 76 75 72 72 79 75 75 76 76 75 77 75 77 75 72 54 16 8 7 5 5 5 3 5 6 5 5 7 7 7 8 11 9 10 11 14 14 10 8 7 7 6 6 8 9 12 28 34 16 15 20 15 13 17 17 11 14 15 20 20 16 14 14 44 72 76 79 80 81 83 82 79 80 82 79 82 83 83 81 81 81 80 82 81 81 80 79 79 80 79 79 81 82 79 79 81 82 82 81 78 77 77 80 80 79 80 78 78 79 79 79 79 78 78 79 77 
70 69 70 71 73 74 77 76 79 81 83 85 85 87 90 92 90 90 87 85 79 72 74 75 75 76 75 75 75 76 70 55 37 55 74 74 75 75 75 77 79 76 76 75 75 76 75 72 68 35 10 5 5 6 5 6 5 8 6 8 5 7 7 8 9 11 14 17 20 19 23 16 9 6 6 7 7 7 4 6 12 21 20 15 17 16 13 12 12 14 17 13 10 12 13 9 8 23 54 70 79 82 83 83 83 79 81 81 79 80 82 82 82 81 81 81 82 80 78 80 81 81 79 79 80 81 81 80 81 80 80 81 81 80 79 78 79 81 78 80 79 79 80 79 78 76 77 78 77 76 
72 70 71 71 73 73 77 76 80 82 82 84 85 87 88 89 91 91 88 85 78 72 74 75 74 74 75 73 75 75 69 53 36 53 73 74 75 75 75 78 80 77 77 76 75 77 77 73 56 17 7 3 4 5 5 6 6 9 6 10 11 14 18 18 20 25 31 36 44 46 43 32 21 12 9 7 6 5 6 6 5 10 12 16 13 15 13 11 12 13 15 12 9 9 11 10 6 13 33 66 77 80 81 80 81 83 79 78 82 86 84 78 81 81 81 81 81 80 81 78 79 79 80 80 81 81 81 79 80 79 79 79 80 79 80 80 81 80 79 81 79 80 77 81 79 76 76 76 77 78 
66 66 70 72 74 75 78 78 80 83 81 83 84 86 89 90 88 91 88 84 79 71 72 74 72 74 73 73 74 75 68 51 34 51 73 74 74 75 76 77 78 76 76 75 77 78 76 70 39 10 9 4 4 5 5 7 6 12 12 22 27 35 45 45 47 55 61 66 72 73 66 58 43 29 21 15 10 9 7 7 6 7 9 15 9 13 13 13 14 11 11 9 8 7 9 11 5 7 17 50 75 78 79 78 79 79 81 83 83 82 80 82 82 81 81 81 81 81 80 80 78 78 80 80 81 80 79 78 79 79 79 79 79 78 81 80 81 80 81 80 80 79 80 79 79 78 75 75 76 80 
65 69 71 72 74 77 78 80 79 82 83 84 85 85 87 90 89 90 87 85 78 71 72 75 72 74 72 73 75 75 66 49 34 50 73 74 73 74 76 76 76 77 77 76 78 77 74 65 27 10 6 5 5 6 4 5 11 28 41 59 61 58 68 73 71 77 85 89 90 89 87 82 70 54 42 32 21 16 10 8 6 6 6 13 9 8 10 13 14 12 14 9 10 8 9 11 8 5 13 31 63 76 80 82 82 84 81 79 80 81 81 80 82 81 80 81 82 79 81 81 79 81 79 79 78 79 80 81 83 83 83 82 78 78 80 79 79 78 80 79 80 80 80 80 81 82 79 79 77 77 
68 71 73 73 76 77 78 78 82 81 85 86 87 87 88 90 89 89 86 83 79 70 72 75 73 69 72 73 75 75 66 50 32 49 74 74 73 73 75 77 77 78 78 78 76 75 75 57 17 8 4 6 6 6 7 17 40 61 70 79 91 89 96 100 95 97 100 100 99 98 96 91 84 75 64 54 39 30 17 11 8 9 9 9 9 8 11 14 11 14 15 10 11 9 10 8 9 7 7 17 47 71 78 81 81 79 78 79 81 81 79 82 82 81 80 81 82 81 78 78 79 81 82 82 82 81 82 84 81 81 81 82 82 82 78 80 82 78 80 79 80 80 80 80 81 79 80 79 78 78 
71 73 73 75 77 76 77 79 82 84 85 85 87 88 88 89 89 86 87 84 79 72 70 72 72 72 72 73 74 74 68 54 34 49 72 73 73 74 74 75 76 77 77 77 76 74 74 40 10 7 4 4 4 3 8 37 68 84 96 112 114 118 116 114 114 118 114 111 106 104 102 102 95 86 74 63 56 44 29 15 11 8 6 9 9 8 10 11 12 15 14 11 9 9 9 9 9 7 4 12 27 64 73 81 81 79 80 82 81 79 81 79 80 81 81 80 81 77 78 77 81 82 82 81 78 80 77 81 82 79 79 81 82 82 80 81 81 81 81 78 80 80 81 81 80 80 79 79 79 79 
71 72 71 72 75 77 78 80 82 84 85 85 87 88 88 89 89 88 90 85 80 73 71 72 73 72 72 73 73 71 65 51 33 48 70 71 73 74 74 74 75 76 77 77 76 74 71 30 9 7 4 4 4 4 13 59 80 103 130 142 142 137 133 125 123 124 120 116 111 104 105 103 100 92 83 76 74 61 38 19 13 10 7 6 6 6 8 10 10 12 14 13 10 9 9 9 9 9 5 9 18 47 72 81 81 83 85 86 82 79 79 81 79 81 83 82 78 79 80 79 81 78 82 81 79 80 77 79 81 80 81 82 82 82 81 81 81 80 79 82 80 79 81 82 79 78 80 80 80 79 
70 70 73 74 76 78 79 78 81 85 85 86 87 89 90 89 88 87 88 84 80 73 72 73 73 72 73 73 73 70 63 49 32 45 69 70 72 73 74 72 73 77 77 78 78 75 68 22 8 7 5 5 4 4 25 70 88 128 152 159 154 150 143 138 133 129 124 118 112 105 106 104 103 99 93 87 79 70 52 31 18 10 8 5 5 6 8 11 13 14 15 13 10 8 9 8 7 8 7 8 11 30 70 81 80 82 84 81 82 82 80 82 81 81 82 79 82 80 81 81 86 81 82 80 80 80 78 79 79 80 80 81 80 82 81 81 80 79 81 80 81 81 81 81 81 81 80 79 82 79 
71 70 71 72 73 77 78 80 81 82 84 88 90 90 89 90 89 89 90 83 78 74 73 73 73 73 74 73 73 71 65 50 33 43 69 70 72 74 75 74 75 77 75 77 76 73 62 19 7 7 7 5 4 6 38 76 93 134 148 153 147 146 143 135 130 128 123 116 110 107 104 102 100 101 96 92 83 77 63 44 27 10 6 5 5 5 8 10 11 12 14 13 11 10 8 7 6 6 7 7 9 19 61 78 80 83 84 83 81 82 82 82 83 80 83 79 80 81 81 79 80 79 78 82 83 82 81 83 83 82 78 81 79 82 80 80 80 81 82 80 80 80 80 80 80 79 82 80 79 80 
69 72 71 72 73 77 78 78 81 84 84 88 88 90 91 91 90 89 90 82 75 71 73 73 73 73 73 72 72 72 66 51 35 45 70 72 73 75 76 75 76 77 73 76 76 73 57 15 7 7 7 5 4 8 45 75 96 138 143 147 142 142 140 134 130 125 120 113 108 106 104 104 102 99 97 96 88 82 69 50 32 13 5 5 5 4 5 7 8 9 14 14 15 14 8 8 8 6 6 6 8 12 48 73 79 81 84 81 81 81 82 82 82 79 82 79 80 81 77 81 78 81 80 80 81 80 80 82 82 80 84 78 82 80 80 80 80 81 82 80 80 80 79 79 80 80 79 82 80 81 
71 70 70 72 73 75 77 79 80 83 85 89 90 89 88 91 89 88 88 81 76 69 74 77 74 73 72 73 73 72 66 51 34 45 68 71 73 73 74 74 74 75 75 74 72 71 53 12 7 7 7 3 4 10 45 74 93 133 141 143 142 139 138 135 130 123 116 114 114 113 111 106 101 100 98 97 92 84 70 58 40 15 8 5 5 4 4 4 8 9 12 14 15 12 10 7 5 5 6 9 7 12 37 72 78 82 81 81 82 83 78 81 82 83 83 83 80 81 81 80 79 80 80 79 80 82 82 80 79 81 78 80 82 80 82 83 83 83 83 80 81 82 82 81 80 81 82 81 82 79 
69 68 70 70 70 74 76 76 77 80 82 86 89 90 89 89 87 89 89 83 77 70 73 76 73 73 72 75 74 72 65 49 32 44 68 71 73 73 74 77 77 78 78 76 74 68 50 11 6 7 7 6 4 7 46 76 93 134 140 140 138 135 134 133 128 123 119 117 119 122 113 109 104 100 98 96 95 84 75 63 46 26 11 5 5 4 4 4 5 6 9 12 14 14 12 8 7 6 7 9 8 8 29 71 78 80 79 81 82 82 81 79 82 82 80 81 83 82 82 81 81 82 81 80 80 81 81 82 81 80 82 79 82 80 81 81 82 81 81 79 80 81 81 81 79 80 81 81 82 79 
69 68 70 72 73 73 72 74 77 80 83 86 88 90 90 89 88 90 89 85 79 71 71 74 73 72 72 71 71 70 64 50 34 44 69 71 73 74 73 76 77 77 76 73 72 68 47 11 6 7 7 5 4 8 49 74 99 138 142 137 140 139 136 132 127 125 124 123 123 126 119 112 105 102 95 95 95 84 81 67 52 34 15 9 5 4 4 4 4 4 7 9 12 12 12 8 6 6 9 12 10 7 22 69 78 79 81 80 81 81 81 80 81 80 79 80 83 83 83 82 81 82 82 81 80 81 83 81 79 79 83 81 82 80 80 81 82 81 83 79 81 80 80 81 80 81 81 81 81 80 
70 70 70 70 70 73 73 75 77 79 80 82 84 87 89 90 90 89 87 85 80 71 71 72 74 72 71 72 72 71 65 51 34 43 67 69 70 72 73 74 75 77 75 73 76 72 48 12 6 7 7 5 4 9 49 74 101 139 144 139 142 137 133 129 127 127 127 126 131 124 110 102 91 75 62 66 77 84 79 71 58 40 24 12 6 3 4 4 4 4 5 7 11 15 15 10 7 4 5 7 11 7 17 62 78 79 82 80 81 81 81 82 83 84 83 82 78 82 82 81 81 82 83 81 81 82 82 81 81 80 82 83 82 81 80 81 82 80 83 79 82 82 81 83 82 82 81 81 81 80 
71 71 72 73 72 69 74 75 76 78 78 80 82 85 87 90 90 88 86 85 80 71 71 73 73 72 71 72 72 72 67 53 34 39 65 68 67 68 73 74 75 76 75 73 73 70 48 11 6 7 7 5 4 8 48 74 101 141 144 135 134 133 129 124 121 121 121 121 121 104 81 58 39 33 34 43 51 54 59 70 65 49 31 14 8 5 4 5 4 4 4 6 8 9 9 10 8 6 5 8 10 7 13 55 76 79 80 80 81 81 82 83 81 81 80 80 81 81 81 80 81 81 82 82 83 82 79 79 83 81 81 82 83 82 81 81 82 79 82 79 82 82 82 84 82 83 81 82 81 80 
68 68 69 70 70 71 75 73 76 78 79 83 83 88 87 89 89 87 88 84 79 69 71 73 72 69 72 70 71 72 67 52 34 40 65 69 70 71 71 72 75 73 74 75 73 71 51 10 6 6 6 6 6 6 46 75 100 136 134 129 125 125 123 119 117 114 112 108 86 52 31 26 39 62 74 83 82 80 72 65 63 57 44 24 15 9 6 5 4 4 4 4 5 8 9 9 8 6 6 9 9 8 11 50 79 81 77 82 82 82 82 80 82 81 80 82 82 81 81 81 80 79 81 82 81 83 80 82 81 80 79 79 80 82 81 82 83 82 79 80 83 80 82 84 82 84 80 84 82 82 
70 70 69 68 69 71 75 73 76 78 78 81 83 88 87 89 89 86 87 81 77 73 72 71 73 68 71 72 73 73 67 53 36 42 66 69 69 70 70 72 75 73 74 75 75 73 52 12 7 5 5 6 6 5 39 67 94 121 122 123 122 117 115 114 109 104 103 87 40 24 34 48 57 58 66 74 79 84 87 87 81 75 63 39 21 12 8 3 4 4 4 4 5 6 7 7 6 5 6 9 12 11 16 47 77 81 79 80 81 82 84 81 82 81 80 81 81 81 81 82 81 80 81 82 82 84 82 82 81 81 81 80 80 82 81 82 82 82 83 81 84 80 81 83 80 82 79 78 80 80 
70 70 68 68 70 72 74 73 75 76 79 81 82 85 86 87 87 87 88 82 76 71 69 72 72 70 71 72 73 72 67 52 35 40 63 69 68 69 70 73 74 73 77 75 76 73 50 11 6 5 5 6 7 6 23 29 45 56 65 79 93 105 106 109 104 98 92 69 40 44 46 40 51 54 50 43 46 63 76 86 88 89 80 57 30 18 11 3 4 4 5 5 4 4 4 5 5 6 5 9 13 12 18 46 75 78 79 81 82 82 83 82 81 81 80 81 79 81 82 82 82 81 81 81 81 83 81 80 81 83 84 80 80 80 83 82 81 82 81 81 82 81 82 84 83 83 81 82 80 79 
70 70 68 69 71 70 72 73 74 76 79 81 81 83 85 86 86 86 87 82 76 70 68 73 71 71 71 72 73 72 66 52 34 39 64 72 69 70 72 73 73 71 77 74 76 72 50 11 7 5 5 7 7 7 15 46 55 38 28 26 35 65 93 105 105 95 88 77 59 52 51 63 71 65 61 55 46 45 63 79 89 91 89 75 44 23 14 5 4 4 5 4 3 3 3 5 5 6 6 9 14 19 21 43 71 81 83 83 82 82 83 83 82 81 82 84 81 82 82 82 82 81 83 82 82 78 81 80 81 81 82 82 81 81 84 81 80 82 82 80 81 82 83 85 82 82 81 84 80 81 
70 71 70 68 71 71 71 72 73 75 78 81 80 82 84 86 86 85 85 81 76 69 68 72 72 71 71 73 72 71 66 53 34 38 67 72 68 67 67 72 72 71 74 73 75 72 55 14 8 6 6 7 7 8 25 70 66 60 55 50 49 56 75 104 116 102 92 81 66 56 61 48 24 20 20 18 20 31 63 79 91 93 95 86 64 32 16 8 4 4 4 3 2 3 3 4 5 6 6 9 14 14 16 38 69 79 80 81 81 81 82 83 81 83 80 81 79 81 82 82 82 81 84 83 81 81 79 81 81 83 80 80 81 81 80 83 84 83 83 81 83 83 85 85 80 80 81 83 81 83 
70 72 71 66 70 72 72 73 74 75 77 79 80 81 82 86 86 85 85 83 77 70 67 71 72 72 72 73 72 72 66 52 36 37 67 70 70 69 66 72 72 72 72 72 72 71 60 13 6 7 7 6 6 6 25 56 51 46 56 57 54 53 62 96 125 114 103 89 69 57 39 30 23 11 13 24 25 45 74 91 101 100 95 91 77 45 19 9 5 4 3 3 3 3 4 3 4 5 7 9 12 15 12 28 62 78 80 81 80 79 80 83 81 83 80 81 81 80 81 81 81 82 83 83 84 82 80 81 81 83 81 84 80 82 79 79 80 82 82 82 85 82 83 82 79 79 81 82 82 84 
68 70 71 68 72 72 72 74 76 76 75 78 79 81 82 83 83 85 85 83 77 70 66 69 71 71 71 72 75 73 66 52 34 35 62 69 71 69 67 72 72 72 71 71 71 69 62 16 8 7 7 5 4 4 17 48 25 19 24 20 21 36 55 82 134 129 107 93 75 67 38 44 41 40 49 54 67 77 92 102 105 103 100 96 85 60 25 11 5 4 3 3 3 5 5 4 4 5 6 8 7 15 14 21 49 72 78 81 80 79 82 84 82 80 83 79 81 79 80 81 82 83 83 83 81 81 83 81 81 83 84 84 82 83 80 80 81 82 82 82 85 82 83 82 81 81 81 82 82 82 
68 68 69 70 72 74 72 71 71 72 73 74 76 80 82 83 84 84 81 80 75 70 68 72 74 70 72 71 72 73 68 54 35 35 62 69 70 68 70 72 71 71 72 74 71 70 63 24 8 5 5 5 4 4 13 31 12 16 15 14 22 51 47 82 146 136 107 92 83 79 73 63 56 59 67 77 79 95 103 103 99 97 95 91 84 71 36 12 6 5 5 4 3 5 5 4 4 5 5 5 8 11 14 23 46 67 73 80 80 81 78 83 80 81 82 81 80 81 80 80 83 84 80 81 79 81 82 83 83 82 80 80 82 82 83 81 81 82 82 81 81 79 78 78 80 81 82 82 83 82 
69 69 70 70 71 70 73 73 72 73 74 75 78 78 79 81 82 84 81 78 72 67 64 69 72 72 71 71 71 73 68 55 35 35 62 69 69 67 69 70 73 74 73 72 70 69 62 33 5 4 4 5 5 4 6 29 34 33 36 33 45 51 67 101 160 143 113 100 89 81 81 71 68 67 72 85 102 106 101 100 100 96 97 96 87 80 56 21 9 7 8 6 4 5 5 6 6 5 5 5 7 9 12 11 29 54 71 78 81 80 80 80 79 81 82 82 80 82 81 79 80 82 81 82 79 81 82 81 81 82 80 79 82 82 84 82 81 82 82 81 81 82 83 83 82 83 82 81 82 81 
71 71 71 71 71 69 73 72 72 73 74 76 77 77 78 80 82 84 82 79 72 66 67 72 71 72 70 72 71 72 68 55 35 35 63 67 68 67 70 70 68 70 72 72 69 67 55 35 7 3 3 4 5 4 8 53 69 61 57 58 62 69 95 137 168 149 116 104 98 92 94 94 93 98 95 99 101 99 100 100 98 99 97 93 88 75 66 32 16 15 16 8 6 6 4 6 6 5 6 9 7 9 8 8 13 42 60 77 76 81 81 79 80 80 81 82 80 83 83 80 81 80 82 82 81 81 80 82 83 82 81 80 81 83 83 79 82 82 81 82 81 81 82 82 81 82 81 81 81 83 
69 69 70 70 70 72 72 70 70 72 73 75 74 77 79 81 82 83 82 80 74 67 64 69 71 70 70 72 72 71 67 56 38 37 65 67 69 69 70 71 69 72 71 70 69 63 53 31 10 4 4 5 5 4 7 53 92 90 73 68 73 89 124 148 166 146 113 104 100 99 100 104 106 106 104 103 105 104 104 104 101 100 102 93 85 77 72 51 34 31 26 21 11 7 4 5 5 4 6 10 7 8 8 7 10 35 52 69 77 77 78 76 80 81 81 82 80 80 81 81 84 81 85 85 84 82 80 82 83 83 82 81 82 83 82 77 81 81 81 83 82 81 82 83 82 82 82 81 82 86 
68 68 69 71 71 72 72 72 73 74 73 75 74 77 79 81 82 82 81 79 74 67 67 71 72 71 72 72 72 70 67 55 36 35 64 66 66 70 68 72 71 71 70 68 67 58 47 21 7 4 4 6 6 5 7 53 105 114 104 100 106 126 147 148 163 145 115 106 105 103 102 105 112 116 121 120 116 108 109 109 108 104 99 93 87 81 78 67 53 38 33 24 15 7 4 3 3 5 6 5 5 6 6 6 8 25 50 59 80 81 80 79 80 81 81 82 81 82 83 82 80 81 81 81 84 84 82 80 81 83 82 82 85 82 82 81 79 78 82 85 84 81 81 82 83 83 81 82 86 85 
72 72 72 71 71 70 73 72 73 74 73 74 75 78 77 77 79 79 81 81 72 62 66 73 71 69 69 72 72 71 67 55 33 35 63 69 68 67 69 69 72 69 68 66 60 52 39 12 8 7 6 6 6 5 7 61 124 141 150 154 147 151 147 143 164 150 118 106 105 97 96 99 108 129 134 129 122 115 111 110 107 105 97 93 88 82 80 72 61 36 40 28 20 9 7 5 5 5 5 5 4 4 6 8 8 14 43 52 71 79 81 82 81 81 82 83 83 82 82 81 79 80 78 81 83 83 83 83 83 82 80 81 81 81 81 81 82 82 81 82 83 83 82 82 85 80 80 81 81 82 
72 72 72 72 72 73 71 71 73 75 75 76 76 80 77 79 78 81 79 76 71 64 64 71 70 69 68 70 70 72 68 56 33 35 63 69 67 66 67 67 70 68 68 66 57 52 30 11 6 5 4 5 5 4 7 74 131 145 144 151 147 147 133 139 162 148 118 106 102 102 98 91 90 110 118 115 111 109 108 107 102 99 92 89 84 81 81 73 59 24 30 24 13 9 7 4 3 4 5 5 3 7 8 7 7 10 26 47 64 79 81 81 80 79 80 80 80 82 82 81 79 81 83 79 79 81 81 81 81 82 83 81 83 83 83 83 84 84 83 81 82 82 82 82 82 82 81 81 81 82 
72 73 73 72 72 73 71 72 73 74 73 75 76 79 77 77 79 81 77 75 71 66 64 69 70 72 70 70 68 70 67 56 36 36 64 69 66 66 66 68 69 68 67 62 54 52 21 9 7 6 6 4 5 4 8 85 128 137 141 139 133 124 110 144 157 138 122 110 101 109 102 83 80 79 92 101 102 102 101 102 99 95 89 86 82 79 82 77 56 14 15 17 8 7 6 4 2 3 4 4 3 10 10 6 5 7 24 42 60 81 83 81 77 78 80 81 81 82 81 80 80 81 82 80 80 80 80 80 80 81 80 81 83 82 81 81 82 82 82 81 80 80 79 80 82 83 82 82 83 81 
71 72 72 72 72 72 72 73 74 73 72 74 76 78 77 77 78 77 80 78 71 65 68 72 72 74 70 69 72 70 67 55 38 36 63 68 65 68 67 68 68 71 68 58 51 40 14 6 5 6 6 5 6 6 7 90 130 130 127 123 109 90 101 144 142 126 110 96 85 83 87 81 86 78 70 80 88 97 99 97 92 87 83 82 82 81 82 76 53 10 13 17 9 7 6 5 4 3 3 3 4 10 11 7 4 7 23 38 48 67 78 78 77 79 80 80 80 82 81 80 81 82 82 82 82 82 81 81 81 81 80 81 82 82 82 82 81 81 82 83 81 80 80 81 83 83 82 80 81 81 
70 71 71 72 72 72 72 73 74 73 72 74 76 78 79 78 76 76 74 73 70 63 64 69 71 73 70 72 71 69 67 56 37 35 62 66 66 68 68 68 68 69 63 49 55 34 11 4 3 4 4 4 6 5 6 73 123 119 118 106 85 74 93 120 109 98 85 71 62 61 80 92 93 88 78 72 72 80 87 88 89 86 82 79 82 84 82 73 52 9 9 8 7 8 8 6 5 4 4 3 3 10 12 8 6 6 17 45 47 60 78 81 80 79 81 80 80 81 80 79 80 82 83 82 82 83 83 81 82 82 81 82 82 81 82 82 81 81 82 83 82 82 83 84 82 82 81 80 81 82 
71 73 71 71 70 72 73 73 73 73 74 75 77 77 78 79 78 78 76 74 70 62 62 70 70 70 69 71 71 70 66 56 37 31 60 64 66 65 66 67 68 68 61 48 57 22 9 7 5 3 4 6 7 5 6 44 109 109 107 93 76 76 92 119 89 68 71 70 83 83 89 99 101 100 91 80 70 67 71 83 84 86 81 84 82 85 80 76 49 10 5 6 7 9 7 5 5 4 5 6 4 8 9 6 6 5 11 48 45 52 73 78 80 78 81 79 84 81 81 79 79 81 81 81 80 82 81 81 81 81 82 82 82 82 82 82 82 82 82 79 79 81 82 83 81 82 82 81 81 81 
71 73 72 73 72 72 73 73 73 73 74 75 77 77 78 79 78 78 76 74 70 62 62 70 68 71 73 71 71 68 64 55 37 31 61 65 66 65 70 69 70 70 61 56 50 15 8 7 5 4 6 8 8 7 5 13 77 96 88 81 68 79 98 126 120 81 61 64 70 87 100 100 96 95 86 76 65 56 56 75 86 89 84 87 86 85 78 72 39 9 4 6 7 9 7 5 5 4 5 6 7 7 6 5 4 4 6 33 51 49 68 79 79 82 78 77 82 81 81 79 81 83 81 81 81 82 81 81 81 81 82 82 81 81 83 84 83 81 81 81 81 80 81 82 81 82 82 81 81 83 
72 70 71 72 72 74 73 73 73 74 72 76 75 75 77 79 79 81 76 75 69 64 62 71 71 69 71 68 68 69 66 56 40 31 62 69 68 68 66 68 68 70 61 61 43 13 6 6 5 4 7 10 7 9 8 6 28 79 79 66 58 72 100 128 134 128 103 83 82 78 63 58 50 45 41 33 25 24 67 84 87 87 85 88 85 79 74 64 26 8 6 7 8 8 6 4 4 6 8 5 8 6 5 5 6 5 4 19 54 48 63 79 75 82 81 80 81 81 81 81 81 81 79 82 83 79 81 82 84 84 83 81 79 80 83 82 84 82 81 83 82 82 81 84 83 83 82 82 82 82 
73 71 72 72 72 73 72 73 73 73 74 75 76 76 77 77 77 79 77 74 68 60 61 71 68 71 68 69 69 70 68 57 40 31 61 68 66 70 65 68 67 69 63 58 36 10 6 4 3 3 5 7 5 11 12 7 8 43 72 59 52 68 82 77 65 62 62 54 44 37 44 62 83 86 82 58 31 48 82 92 92 83 84 85 82 78 72 50 17 6 6 7 8 7 6 4 4 5 10 9 6 5 5 7 8 5 4 12 50 48 59 77 77 82 80 81 82 81 81 82 81 80 82 82 82 82 81 81 83 84 82 81 83 85 82 80 84 82 81 82 80 83 81 81 83 83 82 82 82 82 
73 71 73 72 72 72 72 73 73 72 76 75 77 77 77 76 76 77 78 74 68 57 59 68 70 67 70 70 71 71 68 58 40 30 60 66 67 67 67 68 68 67 64 57 32 10 5 3 3 3 4 3 4 12 15 11 7 13 63 64 55 53 32 26 45 57 56 71 77 118 110 137 123 117 92 60 57 84 86 99 89 81 84 82 77 73 61 29 9 5 5 5 7 7 5 4 4 4 9 11 5 3 4 7 9 6 4 6 42 49 54 74 80 81 78 82 82 81 81 83 82 82 83 82 81 84 81 80 81 82 81 79 81 82 81 79 83 82 80 80 79 83 84 81 83 83 83 82 83 81 
71 71 74 71 72 72 73 75 73 72 73 75 75 76 77 80 80 79 77 74 67 58 60 68 71 70 71 70 71 70 67 57 39 29 60 65 68 68 68 70 70 68 65 59 32 9 4 5 5 5 4 3 5 10 13 10 6 7 31 79 69 71 51 25 63 118 120 138 127 139 129 122 94 94 58 66 91 99 93 96 82 79 81 80 74 65 33 11 6 5 5 5 5 5 4 4 4 3 7 8 4 3 4 7 9 8 5 6 29 50 53 74 79 81 81 83 82 80 79 83 79 82 79 80 82 81 79 82 81 82 81 80 83 80 80 79 80 80 80 79 80 81 84 82 80 81 82 84 83 83 
71 71 74 71 72 72 73 75 73 72 73 75 77 77 78 79 79 79 77 75 69 59 61 68 71 70 71 70 71 71 69 58 39 29 60 65 68 68 68 70 70 68 65 59 34 11 5 5 5 5 4 4 6 9 10 7 8 7 8 52 84 80 78 46 37 97 114 117 100 97 76 62 61 59 73 96 103 101 97 95 83 79 80 77 70 50 14 7 5 3 4 5 5 4 3 4 4 4 9 9 4 3 3 7 9 9 7 6 21 45 54 76 79 79 79 83 82 78 78 83 80 83 81 82 81 80 78 82 81 82 81 80 82 81 81 79 78 79 83 81 82 81 83 80 79 80 82 83 84 84 
72 72 74 75 74 72 73 75 75 75 73 74 75 78 79 78 77 80 78 77 70 62 61 71 71 68 69 71 71 69 67 58 41 29 60 65 67 66 65 68 65 66 68 63 44 9 4 5 5 4 4 4 5 7 9 7 5 5 5 15 74 88 85 77 74 80 97 102 89 79 64 58 57 74 98 104 104 102 97 92 85 82 77 68 55 21 8 6 5 5 4 3 2 3 4 4 4 4 8 7 4 4 5 5 9 11 6 7 17 43 53 74 79 80 80 78 81 81 82 82 81 81 80 82 82 82 80 82 82 81 80 81 83 84 81 79 79 81 82 79 81 82 81 81 81 82 83 82 83 83 
72 72 72 72 72 72 73 74 74 74 74 75 75 78 79 78 77 78 76 74 68 59 59 70 71 69 70 71 71 69 68 59 41 29 60 65 67 67 66 69 69 65 67 62 49 11 7 5 5 4 4 5 6 8 8 7 4 4 4 5 31 81 86 104 97 62 61 64 64 56 57 66 81 93 102 104 105 104 99 93 86 82 72 56 25 9 7 6 5 5 4 3 2 3 4 4 4 5 9 4 6 6 5 3 8 11 6 6 15 43 58 73 78 79 78 81 82 81 82 82 81 81 79 80 82 82 81 81 81 80 80 80 81 81 81 79 80 83 84 85 83 80 79 79 79 80 81 80 81 83 
71 71 70 73 71 72 74 74 74 73 75 76 77 78 78 78 79 77 76 73 66 58 58 68 71 69 71 71 72 72 70 59 42 31 59 66 69 67 68 69 69 65 68 62 54 15 7 4 4 4 4 6 7 9 8 6 2 3 4 6 8 41 89 115 120 95 74 65 70 76 85 93 93 99 102 105 107 102 100 91 82 72 57 29 9 5 4 5 6 5 4 3 2 3 3 4 4 4 7 7 7 7 4 3 6 9 7 6 14 43 64 74 81 82 83 82 83 81 83 82 81 81 80 80 81 82 82 83 80 80 80 80 81 81 81 80 80 81 82 79 82 82 82 80 80 80 82 82 83 85 
72 72 72 70 73 73 74 75 72 75 73 75 78 77 78 77 78 77 77 75 68 60 58 68 72 67 70 68 68 72 69 58 40 30 60 65 69 66 68 69 65 69 66 65 57 25 7 5 4 4 4 5 7 8 7 5 2 4 4 5 6 11 57 111 133 114 101 92 94 97 97 98 102 105 106 109 105 99 93 79 71 55 27 13 10 5 5 6 5 4 4 3 2 3 3 4 4 5 5 4 5 5 4 4 5 6 6 8 13 47 70 75 81 81 81 80 80 79 82 82 82 82 81 81 81 82 83 84 80 83 80 77 79 78 83 83 81 80 82 82 82 82 82 81 82 81 81 81 82 81 
72 72 73 72 75 76 73 74 76 75 73 75 77 77 78 77 74 77 77 76 70 62 58 68 72 67 71 71 71 71 67 56 39 29 62 64 66 65 68 69 64 70 66 65 60 39 10 7 5 4 4 5 7 7 4 2 1 4 5 5 6 6 12 83 135 132 123 128 143 143 126 117 112 108 108 108 104 96 85 68 55 26 17 16 13 7 7 7 4 3 3 3 2 3 3 4 4 4 4 3 2 2 3 4 5 4 5 8 13 55 75 75 81 81 81 83 82 78 81 81 83 83 81 81 80 82 82 81 82 82 81 80 82 81 82 81 80 79 80 82 82 81 82 85 81 83 80 81 82 81 
74 72 72 74 74 72 72 73 74 75 72 73 74 77 77 76 78 80 77 74 67 59 58 67 69 68 68 71 71 70 67 56 38 28 56 65 63 64 63 67 67 68 69 68 63 48 16 5 5 7 7 5 6 5 4 4 3 4 4 4 4 3 3 24 115 139 139 145 157 152 144 134 121 116 111 102 92 83 66 53 37 26 25 25 13 9 8 8 5 4 4 4 4 5 5 5 4 4 5 5 5 5 4 4 5 5 7 14 19 68 75 77 80 81 82 82 80 81 82 79 81 81 82 79 79 78 80 82 80 82 83 82 80 79 81 81 82 79 81 78 80 82 81 80 80 82 82 81 81 82 
75 72 70 70 72 73 73 73 74 75 72 73 74 77 77 77 80 81 78 75 69 60 58 67 70 70 70 70 70 71 69 58 43 27 55 65 64 67 66 67 67 67 67 67 65 50 28 6 7 7 7 5 6 6 6 6 5 6 5 4 4 4 6 7 65 135 141 140 139 125 127 122 112 108 103 94 77 63 58 52 37 30 33 29 15 12 9 6 7 5 5 4 4 5 5 5 4 3 4 4 5 5 4 4 5 6 9 12 20 68 77 78 79 81 81 82 80 78 83 81 81 81 82 79 81 81 82 80 79 81 81 82 81 80 81 81 80 81 80 78 80 82 81 80 80 82 83 83 82 82 
74 73 73 72 73 75 74 74 72 74 74 75 75 76 77 78 79 80 79 76 69 61 57 67 71 69 67 71 69 71 71 59 43 26 55 65 65 68 67 65 66 66 66 65 64 53 36 9 8 8 10 7 6 7 9 8 10 8 6 4 4 5 6 7 20 104 122 118 108 99 94 95 93 89 78 70 57 53 55 48 43 40 40 29 19 24 14 8 8 6 5 6 6 6 6 5 4 4 6 5 4 4 4 5 6 9 9 11 25 61 75 80 81 80 80 83 83 80 82 82 81 81 81 79 80 82 84 83 82 81 81 82 82 81 81 82 81 82 81 80 81 81 81 81 81 82 82 82 81 82 
72 71 73 73 73 75 73 76 72 75 75 75 77 77 77 77 78 78 78 75 68 61 56 66 69 67 68 70 67 69 70 58 42 26 56 65 64 66 65 64 66 66 66 66 65 57 46 14 11 9 8 6 7 10 11 8 11 8 5 4 4 4 4 4 8 39 83 87 79 73 70 72 62 60 49 45 49 54 51 51 45 46 44 33 33 35 19 10 8 6 4 5 7 7 7 4 4 4 8 6 4 4 4 6 6 9 9 10 19 39 67 80 79 79 78 78 79 82 82 82 82 82 81 79 80 82 83 82 82 81 82 81 81 80 79 80 81 81 81 81 81 80 80 81 82 82 80 79 79 82 
71 70 73 73 74 75 74 76 74 75 73 73 77 78 77 76 77 77 76 75 68 60 57 67 68 67 70 68 67 68 69 58 42 27 56 65 64 65 65 63 64 68 67 68 68 61 54 25 11 10 6 4 9 12 10 8 11 9 6 4 4 3 3 4 5 7 36 62 62 57 51 46 37 36 37 44 47 48 50 50 51 52 51 44 45 40 24 13 8 6 4 4 5 7 7 5 4 4 7 6 4 4 4 6 6 9 9 9 10 13 39 68 74 77 80 80 81 82 82 81 81 81 81 80 79 80 82 82 82 81 81 81 81 81 77 78 79 81 81 81 81 79 79 80 82 82 81 81 80 79 
72 72 71 69 74 73 74 73 74 75 73 73 76 76 76 75 75 78 76 75 69 60 59 67 70 69 69 67 69 69 70 61 43 29 58 65 66 65 64 69 63 66 63 64 65 64 57 34 16 10 9 9 8 8 7 5 7 7 6 5 4 4 4 4 5 5 30 68 72 66 58 48 44 39 42 43 49 54 53 55 55 55 55 50 46 42 29 16 10 7 4 4 5 5 6 5 5 5 4 4 3 3 3 6 7 10 8 10 12 6 12 36 70 77 78 77 77 80 81 80 79 80 82 82 80 79 80 81 82 80 79 79 82 82 81 81 81 80 80 82 81 80 80 80 80 82 81 81 82 81 
72 72 70 72 72 71 72 73 74 76 75 75 76 76 77 78 78 79 76 75 68 61 56 64 68 67 68 67 69 69 70 61 42 27 56 64 65 65 64 66 62 51 36 31 34 36 38 24 16 11 10 10 5 10 9 7 7 7 7 6 5 4 4 5 5 5 22 68 78 77 75 66 51 47 47 47 56 62 59 61 60 60 61 55 47 44 32 19 13 5 3 4 4 5 6 5 5 5 4 4 5 5 4 6 6 7 10 10 9 11 8 12 44 74 78 79 80 80 81 81 81 82 81 81 80 79 80 81 82 81 80 80 81 81 82 82 81 80 80 81 80 80 80 80 78 81 80 81 82 82 
71 72 73 76 74 72 71 71 73 73 73 75 76 77 77 76 75 77 77 75 69 62 56 65 68 67 67 68 68 70 69 60 42 28 57 65 65 67 63 60 39 13 10 11 9 8 8 9 13 12 11 11 10 10 7 5 5 5 4 5 4 4 4 5 5 4 17 63 77 78 78 77 62 58 58 55 61 63 63 64 63 63 63 57 49 42 34 25 13 5 3 4 5 6 5 5 5 5 4 4 4 5 5 5 5 4 9 11 8 9 9 6 18 65 78 78 77 77 79 80 82 83 79 79 79 81 80 81 81 81 81 80 82 80 80 81 81 81 81 78 78 80 81 80 81 81 80 79 79 81 
71 72 74 76 74 74 73 72 73 74 73 76 75 76 77 77 75 76 76 73 65 58 56 65 70 70 70 69 69 70 69 60 41 27 57 64 63 59 62 36 13 10 13 14 15 14 15 14 20 14 9 9 8 7 6 8 5 4 3 4 4 3 4 4 4 5 12 51 76 77 77 79 75 65 64 63 65 64 67 65 67 65 64 60 53 46 31 23 10 6 3 4 5 6 5 5 5 5 4 3 3 4 5 5 5 7 7 8 11 11 12 5 10 53 76 78 77 77 79 79 78 79 80 80 79 79 79 79 79 81 81 80 83 80 80 81 81 81 81 82 82 83 82 81 81 81 81 81 80 81 
72 72 73 74 73 75 73 73 73 73 74 76 74 74 76 76 76 75 75 73 67 60 55 65 68 66 67 68 68 69 69 60 41 26 55 63 65 57 29 10 12 13 15 16 16 12 12 16 33 16 8 7 6 6 7 10 6 5 4 4 4 4 5 4 3 4 7 38 70 77 79 74 78 68 65 67 67 66 67 69 66 65 65 61 55 44 32 15 6 6 4 4 5 5 4 5 4 4 4 3 4 4 4 6 6 4 8 14 19 26 13 7 11 30 75 77 77 80 80 81 81 81 81 80 82 82 83 83 83 82 81 80 82 80 82 80 81 80 80 78 79 79 79 78 81 81 82 82 81 82 
74 73 72 72 72 75 73 73 73 73 73 75 75 75 76 76 76 75 75 74 67 59 54 64 69 66 69 67 67 68 69 62 44 27 50 64 59 27 10 8 13 11 13 15 15 10 10 18 30 16 9 7 7 8 8 8 8 7 6 5 5 5 5 4 4 4 6 19 51 67 68 69 74 75 61 64 66 67 66 66 64 61 58 59 50 34 16 9 6 5 4 4 4 4 4 4 3 2 3 5 5 5 5 15 17 10 8 16 26 28 23 13 8 22 68 79 81 81 81 82 82 81 81 79 81 82 82 82 80 80 80 80 80 80 83 80 80 80 80 79 80 80 80 80 80 80 81 81 81 80 
74 73 72 71 72 75 73 73 73 73 73 75 77 78 77 76 76 75 75 74 67 59 54 64 70 68 71 67 67 68 69 62 44 27 50 65 31 9 4 7 11 9 10 11 9 9 12 21 21 14 7 8 9 9 8 8 8 6 5 5 5 5 5 5 5 5 5 7 30 47 56 57 63 72 69 64 63 64 63 64 62 55 48 50 36 15 6 5 6 5 4 4 4 4 4 4 3 3 5 6 7 7 10 21 16 15 17 17 23 30 26 26 17 29 58 78 79 77 80 83 82 81 81 79 81 82 82 80 79 79 80 80 80 80 80 80 78 81 81 81 82 81 80 80 80 80 79 80 80 84 
71 72 72 72 73 73 73 74 72 70 72 74 75 78 75 76 76 76 75 74 64 59 52 63 69 70 69 68 68 69 70 62 42 24 52 48 10 4 4 8 8 8 8 8 11 13 19 25 22 19 14 11 11 8 5 5 6 5 3 4 5 5 5 6 5 4 7 5 10 24 38 43 50 56 70 68 64 60 64 63 59 49 39 25 12 4 5 5 6 5 3 4 4 3 3 3 4 4 4 4 4 6 13 20 8 10 20 24 22 16 17 29 25 29 43 71 79 79 82 82 81 81 80 80 80 81 81 80 80 79 79 80 80 79 79 78 79 80 80 81 81 80 78 80 81 81 79 79 80 82 
71 72 72 72 72 71 75 74 73 74 74 76 74 77 74 76 76 75 74 71 65 57 54 65 69 68 68 70 70 68 69 61 44 25 42 19 6 4 4 6 7 7 8 8 10 11 31 35 29 23 13 10 8 6 5 5 6 6 4 4 5 4 4 6 6 4 7 4 5 8 14 26 39 41 51 55 59 59 53 45 30 19 11 8 7 6 6 6 6 5 5 6 6 5 5 3 4 5 4 4 4 6 9 13 7 7 10 14 12 20 35 20 8 12 14 44 75 78 80 80 80 80 80 80 81 81 81 80 80 81 80 79 82 79 80 80 80 80 81 81 81 80 80 81 81 81 82 81 79 81 
73 73 73 71 73 73 74 73 74 75 74 75 73 74 74 78 76 74 70 70 65 55 54 64 68 66 67 67 69 68 70 60 44 25 22 8 4 4 4 4 4 5 6 6 9 13 34 33 27 19 9 9 7 4 5 5 5 5 4 4 4 3 4 7 7 6 6 5 3 4 6 6 9 11 14 17 17 16 12 9 7 5 5 4 4 5 6 6 5 5 6 7 7 6 6 3 4 4 5 5 4 7 11 13 7 5 7 7 9 11 29 23 25 11 8 17 46 74 78 80 80 80 80 79 82 82 80 81 80 79 80 80 81 80 79 81 80 80 79 83 80 80 80 81 81 81 81 81 82 81 
73 73 73 70 74 76 75 74 74 74 74 74 74 74 75 79 75 74 71 70 65 56 52 62 68 65 68 69 66 67 69 60 44 21 11 7 4 4 5 4 4 3 4 4 8 21 37 34 26 11 6 7 7 6 5 5 4 4 4 4 4 4 5 8 8 7 6 5 3 4 5 5 4 6 7 7 5 5 4 5 4 4 4 4 4 4 4 5 5 5 7 7 7 7 6 3 3 4 5 5 6 8 14 12 9 5 6 7 8 10 16 8 14 21 9 6 8 26 64 77 80 80 79 78 81 81 80 81 81 78 78 80 79 80 80 79 81 80 79 83 79 80 79 81 81 81 80 79 79 79 
72 72 72 70 73 72 74 74 74 74 75 75 76 76 76 77 74 75 76 70 64 55 51 60 67 65 68 69 70 69 64 60 45 16 6 6 5 4 5 6 5 4 4 5 8 29 41 30 14 8 7 6 8 8 5 5 4 4 4 4 4 6 7 9 8 7 6 5 3 4 5 3 3 5 6 6 5 5 4 3 3 2 2 4 5 4 4 5 5 5 7 7 7 7 6 3 4 5 5 5 9 7 5 6 5 3 4 5 6 8 17 12 6 15 16 7 7 8 14 42 74 78 78 77 77 78 80 80 81 78 78 80 79 80 82 80 79 80 79 78 79 81 81 81 81 80 81 81 81 81 
71 71 71 72 73 74 74 74 75 75 73 75 76 76 76 76 76 75 72 70 64 55 51 60 67 64 68 70 70 67 63 59 41 10 6 5 5 5 5 5 5 4 6 6 13 35 28 19 11 9 8 7 9 6 7 7 4 4 3 3 4 7 6 5 6 6 7 7 4 5 5 4 4 4 4 5 6 6 5 5 4 3 3 4 4 4 4 4 7 7 7 7 6 5 6 8 8 7 4 3 6 5 4 4 4 5 5 6 7 7 13 11 6 4 11 11 10 9 7 8 24 51 73 83 77 80 81 77 79 79 79 79 78 80 81 81 80 79 79 79 79 78 81 80 82 81 80 80 80 80 
72 72 72 73 74 74 74 74 75 75 74 77 76 76 76 76 76 75 72 70 64 54 49 59 64 67 66 67 69 67 63 60 30 9 5 5 5 5 5 5 5 4 6 6 17 26 21 16 11 9 8 9 6 7 7 7 4 4 4 5 6 8 6 4 6 6 9 8 4 4 3 4 4 4 4 4 3 3 4 4 4 5 5 4 4 4 4 4 5 5 5 5 4 5 6 6 6 6 4 3 5 3 3 4 4 4 4 5 7 8 9 6 6 4 10 10 9 10 7 7 6 9 18 42 70 80 75 79 80 79 79 79 78 80 80 79 79 78 78 80 80 79 82 82 80 79 79 79 79 80 
73 73 75 72 74 74 73 74 73 74 76 78 75 74 76 78 76 75 72 71 67 55 48 57 64 65 64 67 69 67 65 58 18 7 5 4 4 5 4 5 5 4 4 7 20 19 19 15 11 9 12 14 6 6 6 6 5 5 6 6 7 8 6 7 7 7 9 10 8 4 4 3 3 3 4 4 2 2 4 4 4 5 5 5 4 4 4 4 4 4 3 3 3 5 6 4 5 5 5 4 4 5 6 6 5 5 4 5 6 6 6 6 8 7 9 8 8 9 8 7 9 5 7 9 30 72 76 78 79 77 79 79 77 77 79 77 80 79 79 81 81 80 82 82 82 81 82 82 81 80 
74 74 75 73 72 73 72 74 73 73 73 76 78 77 76 77 75 75 72 70 66 53 47 56 65 65 65 67 67 67 66 45 11 5 4 4 5 5 3 4 4 3 5 8 19 19 18 15 12 9 15 14 6 6 4 4 3 4 6 7 8 8 6 8 8 7 11 13 11 4 5 4 4 3 4 6 6 5 4 4 4 4 4 5 4 4 4 4 4 4 4 4 4 5 6 5 6 5 5 5 4 6 7 7 6 5 4 4 6 6 7 7 9 9 9 8 8 8 9 9 11 7 6 8 10 27 65 79 78 79 78 79 80 78 78 77 81 80 80 80 80 80 81 82 81 80 81 80 79 79 
73 73 73 75 72 71 71 74 74 74 76 78 76 74 75 76 75 75 73 70 65 53 46 56 66 67 67 67 67 67 63 28 6 4 5 4 4 4 3 3 3 4 6 12 26 25 25 18 8 11 14 9 5 6 3 3 2 3 5 6 7 7 6 7 7 6 6 7 8 4 5 5 5 4 4 4 4 3 4 4 4 4 4 5 4 4 4 5 4 3 5 5 5 5 6 5 6 5 4 5 5 6 6 6 5 3 2 4 6 7 8 8 8 8 8 7 7 8 9 9 10 8 7 8 9 8 19 58 75 79 81 80 77 76 77 78 81 80 80 79 79 79 81 81 79 78 80 80 79 79 
71 71 72 74 75 71 75 74 75 75 74 75 77 77 78 76 78 77 75 71 63 55 49 56 65 66 67 66 65 63 59 16 4 5 4 3 3 3 3 5 4 5 6 19 29 26 24 20 8 14 12 11 6 2 3 3 7 9 9 6 6 5 5 5 5 5 5 5 5 4 3 4 4 4 4 4 5 6 6 5 4 4 4 5 5 4 5 7 3 2 4 4 5 5 5 5 5 4 4 5 5 5 4 4 4 5 4 3 4 5 6 7 8 7 6 6 8 8 8 7 6 6 8 8 9 6 9 17 63 77 78 79 80 79 78 78 80 78 80 79 79 79 79 79 79 79 80 81 80 79 
72 72 73 74 75 71 75 74 75 75 74 75 77 77 77 74 76 75 73 70 63 55 50 58 65 66 67 67 65 66 44 9 4 5 5 5 5 5 5 5 4 4 7 24 31 27 24 19 9 11 14 8 8 7 5 5 5 7 7 5 5 5 5 5 5 5 3 3 4 4 3 4 4 4 4 4 5 6 6 5 4 4 4 3 3 3 5 7 3 2 4 4 5 5 5 3 3 3 4 5 5 5 4 4 4 5 4 2 3 4 6 7 7 6 6 6 8 6 6 7 8 8 6 7 6 7 5 6 26 75 77 77 82 81 78 78 80 77 78 79 79 79 79 79 79 79 79 79 79 80 
73 73 74 74 73 71 75 72 73 74 75 76 77 77 77 76 75 75 74 70 65 54 50 57 66 66 66 66 64 65 33 8 4 4 4 4 5 6 5 5 5 4 12 27 31 30 26 19 10 11 12 9 12 14 10 5 6 5 4 4 4 5 5 4 4 4 3 4 5 4 4 5 5 5 4 4 4 4 4 4 4 4 3 4 4 3 3 4 4 4 4 4 4 4 4 4 4 4 4 4 3 3 3 4 5 5 4 5 6 7 6 6 7 6 6 6 6 4 6 6 6 6 5 6 6 7 6 4 10 50 77 79 79 79 77 78 78 77 78 80 80 79 79 79 80 79 79 79 80 82 
73 73 74 74 73 71 75 72 73 74 74 75 76 76 76 77 75 75 74 71 66 54 50 57 65 65 64 66 65 59 21 6 4 4 4 4 5 5 3 5 5 5 16 31 31 28 29 21 11 11 10 9 11 12 15 16 12 10 6 4 4 5 5 4 4 4 3 4 5 4 4 5 5 5 4 3 4 4 4 4 5 4 3 4 4 3 3 3 4 4 4 4 4 4 4 4 4 4 4 3 3 3 3 4 5 5 4 4 5 6 4 4 5 5 5 4 4 3 5 5 4 4 4 4 5 5 5 5 6 25 71 76 77 78 77 78 78 78 79 80 80 81 82 82 80 80 76 78 82 84 
74 73 73 73 72 71 73 72 74 74 73 75 75 76 75 77 77 75 73 71 65 54 50 56 64 64 64 65 66 50 10 4 4 4 4 4 4 4 3 5 4 6 21 34 32 29 31 25 14 9 7 8 9 10 8 7 7 6 5 5 5 6 6 6 5 5 4 3 4 3 3 5 5 4 4 4 4 4 4 4 4 4 4 4 4 4 3 4 4 4 4 4 4 4 4 5 5 5 4 3 3 3 3 4 5 4 4 3 3 4 3 3 4 4 4 3 3 2 4 4 3 3 4 3 3 3 4 5 3 9 57 78 76 77 77 78 78 79 80 79 80 78 78 79 80 79 79 77 77 85 
73 75 75 72 72 74 74 75 75 75 73 76 78 74 75 77 78 76 70 71 64 53 48 58 66 65 65 64 65 39 7 4 4 4 5 4 3 4 4 4 4 7 26 33 31 33 32 31 21 11 6 6 6 7 8 7 3 3 4 5 6 8 8 6 9 11 6 4 2 3 3 4 4 3 4 4 3 3 3 3 4 4 4 4 4 4 4 4 5 4 4 4 4 3 3 5 5 4 4 4 3 4 4 4 4 4 5 5 5 5 4 4 4 4 4 4 2 4 4 4 4 4 4 3 2 2 2 4 4 8 36 77 77 78 80 79 79 79 79 79 79 78 79 81 80 80 80 78 77 74 
75 74 75 74 73 73 73 73 74 73 73 76 78 78 75 77 78 76 70 71 62 52 50 57 65 65 65 65 61 28 7 5 4 4 5 4 3 4 4 4 4 9 27 29 30 30 31 33 28 15 5 4 4 6 6 5 4 4 4 5 6 8 8 9 46 65 22 7 3 4 3 2 2 3 4 4 3 3 3 3 4 4 4 4 4 4 4 4 5 4 4 4 4 3 3 3 3 4 4 4 4 6 5 4 4 4 5 4 4 4 4 4 4 4 4 4 2 4 4 4 4 4 4 2 1 2 3 4 4 6 19 70 77 78 81 81 80 81 81 80 76 78 77 79 80 80 80 82 75 46 
72 73 74 72 71 72 74 74 73 73 73 74 73 75 76 77 76 78 73 71 64 53 48 56 65 65 64 64 56 18 6 7 5 5 4 4 4 5 5 4 6 12 26 28 30 31 33 35 27 12 5 4 5 4 4 4 4 4 4 4 4 4 5 21 84 91 53 9 5 4 4 4 4 3 4 5 4 4 4 4 4 4 4 4 4 4 4 4 5 5 4 4 4 3 3 2 2 3 4 4 5 5 4 4 4 4 4 4 3 2 4 5 4 3 3 4 4 3 3 3 3 3 3 4 4 4 3 2 2 4 10 61 73 78 78 77 77 79 79 78 78 80 80 79 79 78 79 79 66 28 
71 73 75 73 73 76 74 74 75 75 74 75 73 74 76 77 75 75 74 73 64 54 47 56 65 65 65 63 49 11 4 5 5 5 4 4 4 4 4 4 6 12 26 28 31 31 32 33 24 8 6 5 5 5 4 4 4 4 4 4 4 4 6 46 95 92 61 13 4 4 4 4 4 3 4 5 4 4 4 4 4 4 4 4 4 4 4 4 4 4 4 4 4 3 3 2 2 3 4 4 4 4 4 4 4 4 4 4 3 2 4 5 4 3 3 4 4 3 3 3 3 3 3 5 4 4 4 4 3 4 7 44 75 76 79 77 77 80 80 78 79 80 80 79 79 78 80 79 57 10 
72 74 76 73 74 77 74 74 75 75 74 75 76 77 77 76 75 73 74 73 64 54 49 56 66 65 64 63 36 7 4 5 5 5 4 4 4 3 3 5 6 12 23 26 29 31 32 31 20 7 7 5 5 4 6 6 4 4 3 3 4 4 20 73 97 91 56 15 5 4 3 3 3 4 4 4 4 4 4 4 4 3 3 4 4 5 4 4 4 3 4 4 3 3 3 3 3 2 3 3 2 2 4 4 4 4 4 4 3 2 4 4 4 4 3 4 4 4 4 4 4 3 3 4 4 4 4 4 4 4 4 26 78 77 78 76 77 77 77 77 75 79 78 78 77 77 79 82 27 6 
73 73 75 78 75 75 74 77 75 74 73 75 76 76 76 76 76 76 75 72 64 55 48 56 64 63 62 58 25 7 5 4 5 5 4 4 4 4 4 4 5 12 20 25 28 30 31 28 14 7 6 5 4 4 6 6 4 4 4 4 4 8 48 88 95 84 51 13 6 4 3 3 3 4 4 3 4 4 4 3 3 3 4 5 5 6 5 5 5 4 4 4 3 3 3 3 3 3 3 3 3 3 5 4 4 4 5 5 3 2 4 4 4 4 4 4 4 3 3 3 3 3 3 4 4 4 4 4 4 3 4 12 68 76 77 76 77 78 77 77 74 78 77 77 76 78 80 63 9 4 
71 72 74 72 72 73 72 76 76 76 74 75 76 76 76 76 76 75 74 72 64 55 47 54 63 62 61 54 14 9 6 5 5 5 4 4 4 4 4 4 6 12 19 24 28 30 29 24 11 7 6 5 4 4 4 4 4 4 5 5 7 36 84 96 97 77 42 10 6 4 3 3 3 4 4 3 4 4 5 5 4 3 3 7 9 14 17 11 6 4 4 4 3 3 4 3 3 3 4 4 6 7 5 4 4 4 5 5 3 2 4 4 4 4 4 4 4 2 2 2 2 2 1 3 4 4 4 4 4 3 4 6 65 74 77 76 76 77 75 78 77 78 77 77 78 80 82 33 8 4 
75 72 72 73 73 73 73 74 74 74 76 77 75 75 75 75 74 75 73 71 65 56 48 56 62 63 63 46 9 4 4 4 4 4 5 5 4 3 3 5 6 9 15 22 26 29 30 21 9 5 5 4 4 4 3 3 4 6 5 8 37 95 102 100 90 68 25 7 5 5 4 3 3 2 3 4 4 3 4 5 5 9 27 62 88 99 101 93 54 8 4 4 4 4 4 3 3 4 5 5 5 5 5 4 4 4 5 4 4 4 4 5 5 5 5 4 3 2 2 2 2 3 4 4 3 3 3 4 5 3 3 5 54 72 75 75 77 78 75 76 75 77 77 76 75 78 80 13 5 3 
72 73 74 73 73 73 73 74 74 73 76 77 78 78 77 75 74 74 72 70 64 54 47 55 62 63 61 31 6 5 4 4 4 4 5 5 5 5 5 4 4 6 13 20 25 27 29 19 8 3 4 4 4 5 5 5 4 6 8 37 121 120 106 99 84 44 11 4 4 3 4 5 4 4 5 6 6 9 13 29 54 84 108 122 122 123 135 117 86 12 5 4 4 4 4 3 3 3 4 4 4 4 4 4 4 4 5 4 4 4 4 5 4 4 3 3 2 2 2 2 2 3 3 3 2 1 1 4 5 3 3 5 39 74 74 73 75 75 77 76 75 76 78 76 78 88 48 6 3 3 
70 73 76 73 73 73 72 74 73 73 75 75 75 75 76 74 73 73 71 69 62 53 46 53 62 62 58 22 4 5 4 4 5 5 4 6 6 5 5 3 4 6 10 18 22 25 26 15 6 3 3 3 4 4 5 4 5 7 40 124 136 117 100 84 64 21 8 3 3 3 4 5 6 5 6 11 37 74 100 117 126 124 116 108 107 102 102 86 47 10 5 4 4 4 4 3 3 3 4 4 2 3 3 3 4 4 4 4 3 3 3 4 3 3 3 3 2 3 3 2 2 3 3 3 2 1 1 4 4 3 3 3 25 73 74 75 73 74 76 76 76 77 75 79 83 83 19 5 3 3 
73 73 73 73 73 74 75 76 76 75 74 74 74 75 75 75 73 74 71 69 62 52 47 53 63 62 50 14 4 5 4 4 5 5 4 6 6 5 5 4 4 5 7 16 21 26 25 12 5 4 4 4 4 3 4 7 17 74 133 138 125 111 89 66 32 11 6 5 4 4 5 4 7 19 54 100 123 128 120 123 121 119 109 95 89 74 59 33 12 6 4 4 4 5 4 3 3 3 4 4 2 3 3 3 4 4 4 3 3 3 3 3 3 3 3 3 3 4 3 2 2 3 3 3 4 3 2 4 4 3 3 3 19 71 74 74 73 74 76 79 78 78 78 76 85 63 8 5 4 3 
74 73 72 73 73 70 73 71 73 74 74 74 73 74 75 74 73 73 70 68 62 52 45 52 63 60 40 7 5 5 4 4 5 5 5 6 5 5 5 4 4 5 5 12 20 26 22 10 5 5 5 4 4 5 7 30 115 152 142 125 111 92 71 37 11 7 6 7 5 6 15 32 70 110 130 128 123 117 114 109 111 103 89 72 49 27 13 10 10 6 5 4 5 5 4 3 3 3 4 4 3 4 3 3 4 4 4 3 3 3 3 3 3 3 3 3 3 4 3 2 2 3 4 3 4 4 3 4 4 3 3 3 15 69 74 73 74 73 74 76 75 74 77 83 94 35 7 4 3 3 
71 72 74 71 72 74 73 71 73 75 73 73 74 74 74 73 73 71 69 65 62 50 47 53 61 55 24 6 4 3 4 4 4 5 5 5 5 4 4 4 5 5 6 9 19 26 20 9 6 5 5 4 6 7 18 119 154 154 140 120 98 86 51 18 12 15 20 45 69 87 112 128 136 132 125 125 111 107 102 96 84 58 30 13 10 9 10 16 31 47 47 32 9 7 5 5 4 3 4 5 2 3 3 3 3 4 4 4 4 4 4 3 4 4 4 4 4 3 3 3 3 3 5 4 3 2 2 3 3 4 3 2 9 63 73 74 74 74 73 74 77 72 74 98 77 16 3 2 2 2 
71 72 72 75 75 73 72 72 72 71 73 73 74 74 73 73 73 71 69 65 62 50 45 52 61 51 13 4 2 1 2 3 4 5 5 5 5 4 4 3 3 4 4 7 16 23 17 7 5 6 6 5 6 10 85 155 156 148 140 132 124 130 116 117 115 120 130 137 135 133 135 130 122 120 113 111 99 92 83 57 24 11 9 9 26 58 90 103 108 114 123 115 47 5 5 5 4 3 4 5 2 3 3 3 3 4 4 4 4 4 4 3 4 4 4 4 4 3 3 3 3 3 3 2 1 1 1 3 3 4 3 1 7 58 74 74 73 72 71 75 73 76 81 86 69 10 1 1 1 1 
72 72 70 72 72 72 71 73 73 73 75 75 74 74 74 74 74 70 72 68 63 53 44 50 62 38 9 4 4 2 3 4 5 5 5 5 5 5 5 4 6 6 6 7 15 18 14 6 4 7 7 5 7 67 147 150 150 153 151 152 153 154 152 153 152 152 145 133 128 123 117 107 107 103 97 79 59 39 21 14 17 28 56 94 124 126 116 108 106 125 119 100 48 5 4 4 3 3 4 4 4 4 4 4 4 4 4 4 4 4 4 3 4 4 4 5 4 3 3 3 4 4 1 2 2 2 2 4 4 4 4 3 6 52 74 75 73 72 74 74 74 80 82 72 68 8 3 2 2 2 
73 71 72 73 72 72 72 70 73 76 74 75 74 74 74 74 74 72 70 65 60 49 43 50 58 32 5 4 4 4 4 5 5 5 5 5 5 5 5 4 6 6 5 6 12 14 10 4 6 7 7 8 56 143 152 154 154 156 157 152 157 157 156 156 156 146 129 115 110 105 99 92 92 68 38 16 13 25 55 82 113 126 137 138 131 106 99 95 89 90 80 49 17 5 4 5 5 4 4 4 4 4 4 4 4 4 4 4 4 4 4 3 4 4 4 3 2 3 3 2 3 4 3 4 4 3 3 4 4 4 4 4 6 52 73 75 72 74 74 73 77 76 71 71 46 9 3 3 3 3 
71 70 70 71 71 71 71 73 72 72 72 74 74 74 74 75 75 74 68 64 62 53 44 49 56 18 4 4 4 4 5 5 5 5 5 5 5 5 5 5 5 5 4 4 9 10 6 4 5 5 8 44 134 155 155 153 155 161 156 157 158 155 153 152 148 130 110 104 101 97 93 86 69 25 18 18 24 68 118 122 123 125 124 114 105 98 89 81 65 45 22 10 9 5 4 5 5 4 4 4 4 4 4 4 4 4 4 4 4 4 4 3 4 4 4 3 2 3 3 3 3 3 4 5 4 4 4 3 4 4 4 4 6 50 72 74 72 77 74 73 76 80 78 80 29 8 5 4 4 4 
69 68 70 72 72 72 72 73 72 71 72 74 73 73 73 76 75 76 72 66 59 53 43 45 45 10 5 4 4 4 4 4 4 4 6 6 4 5 6 5 4 4 4 4 8 9 5 4 6 8 29 121 153 153 150 152 160 161 160 157 155 154 147 145 132 120 109 104 102 105 109 105 103 120 115 38 27 33 94 101 102 106 101 91 79 62 53 49 61 63 45 8 6 4 4 4 4 4 4 4 4 4 4 4 4 4 4 3 3 3 4 5 4 4 3 3 3 3 4 4 4 4 4 4 4 4 3 3 4 3 4 3 7 49 71 71 73 76 73 74 84 88 82 69 26 8 5 5 5 4 
71 70 71 72 71 69 69 72 72 71 72 74 73 73 72 74 73 71 71 69 61 49 43 43 26 5 4 4 4 4 4 4 2 2 5 6 4 5 6 5 4 4 4 4 8 9 5 4 4 15 110 151 158 151 151 156 157 158 158 154 148 145 135 127 125 119 119 115 115 119 121 128 135 110 54 49 30 41 75 88 90 88 74 48 41 57 89 104 114 112 88 20 5 4 4 5 5 5 4 4 4 4 4 4 4 4 4 3 3 3 4 5 3 2 3 3 3 2 2 3 4 4 2 2 2 2 2 3 4 2 2 3 7 48 71 71 74 73 74 76 83 83 82 55 17 4 4 3 3 4 
70 71 68 70 71 69 72 70 70 71 71 72 74 73 72 72 72 73 70 67 59 49 41 37 11 6 6 4 4 3 3 3 3 3 4 5 6 5 5 5 4 4 4 4 9 9 5 5 12 78 143 150 152 154 155 160 153 153 149 146 143 136 130 127 124 122 127 128 129 131 131 130 118 91 40 20 24 73 74 71 74 63 60 85 102 111 114 113 106 89 56 11 6 5 5 5 5 5 4 4 3 3 4 4 4 4 4 5 3 1 2 4 3 3 3 3 3 3 3 3 3 3 3 3 3 2 2 2 6 5 4 4 6 45 71 72 73 74 75 78 85 81 78 31 10 4 3 3 3 4 
70 68 68 69 69 69 72 71 71 72 71 72 72 71 71 72 72 73 70 68 60 49 40 23 6 5 5 4 4 3 3 4 5 5 3 4 4 4 4 5 4 4 4 3 8 7 5 14 70 139 146 154 155 154 157 153 152 144 141 135 129 131 130 130 127 120 123 122 118 114 108 101 94 82 58 34 29 39 59 76 90 108 118 121 111 104 102 89 70 47 18 8 8 4 4 4 4 4 4 4 3 3 4 4 4 4 4 5 3 1 2 4 5 5 4 3 3 3 3 3 3 3 3 3 3 3 3 3 2 3 3 2 4 44 71 72 74 74 75 82 86 85 63 12 5 5 4 5 5 4 
68 67 69 69 69 71 72 72 72 72 71 73 73 72 71 72 72 72 68 66 60 48 36 10 5 5 5 4 5 4 3 3 5 5 4 4 4 3 3 5 6 5 5 5 6 7 19 72 137 151 153 153 155 156 158 146 139 133 127 127 128 129 128 129 128 126 120 109 103 99 94 89 79 63 44 55 72 92 97 104 108 113 112 106 101 88 71 42 21 9 6 3 4 4 4 4 4 3 4 4 4 4 4 4 4 4 4 4 4 3 3 4 5 6 5 3 3 3 3 3 3 3 2 2 3 3 3 3 2 3 3 3 4 41 70 71 73 75 74 76 79 87 34 6 3 5 5 6 5 2 
66 69 70 71 70 71 71 71 71 71 71 74 74 73 72 72 72 72 67 65 59 46 23 7 5 5 4 4 6 5 4 3 5 6 5 5 5 4 3 5 6 6 6 8 11 47 118 153 159 157 157 158 159 157 148 133 124 121 125 130 129 128 125 123 118 110 104 100 102 99 96 90 86 96 105 114 112 109 105 102 100 97 86 72 52 31 16 10 9 5 4 4 4 4 4 3 3 3 4 5 4 4 4 4 4 4 4 4 4 4 4 4 5 5 4 3 3 4 4 4 4 4 3 3 2 2 2 3 3 3 3 3 4 38 70 70 73 75 73 66 77 74 25 5 3 3 5 6 6 5 
67 69 71 72 71 70 69 69 70 70 72 74 74 73 72 72 72 72 68 64 57 43 9 5 4 3 3 4 6 6 5 5 6 7 5 5 5 6 4 3 4 6 7 15 80 146 160 159 157 154 149 150 147 140 130 125 120 121 125 125 120 118 115 111 107 103 105 104 100 99 99 106 112 114 112 113 108 101 96 86 80 66 35 18 11 7 6 5 5 6 5 4 4 4 4 2 2 3 4 5 4 4 4 4 4 4 4 4 4 4 4 4 3 3 3 3 3 5 5 5 5 5 4 4 3 2 2 3 3 2 2 2 3 35 70 71 73 74 73 67 77 47 11 5 3 3 4 4 4 2 
71 70 67 68 69 69 70 71 71 72 72 72 73 73 73 72 72 70 70 65 55 32 4 4 4 3 2 3 3 5 5 5 5 5 3 3 4 4 3 4 5 9 19 89 137 153 156 156 157 152 146 142 130 121 121 121 122 123 118 114 113 110 110 108 106 104 100 100 102 103 104 108 111 104 100 92 90 85 76 61 39 18 16 29 45 37 19 6 5 5 4 4 5 5 5 4 3 3 4 5 4 4 4 4 4 4 4 5 4 3 3 2 2 3 4 3 3 4 4 3 3 4 4 4 2 1 1 3 1 2 2 3 4 32 72 72 72 73 73 51 59 21 10 7 5 5 4 3 3 3 
70 69 67 68 69 67 70 70 70 71 73 73 73 73 73 72 72 71 67 65 52 16 4 4 4 3 2 3 3 3 4 4 5 5 5 5 5 4 3 3 4 18 86 130 141 144 152 152 155 147 139 128 125 125 122 116 115 114 109 109 112 111 110 109 106 105 101 97 97 99 99 99 91 81 64 53 33 26 23 21 28 55 80 90 102 102 66 10 5 5 4 4 5 5 5 6 5 3 4 5 4 4 3 3 3 4 4 5 4 4 4 3 2 3 4 3 3 4 4 3 3 4 4 4 3 2 3 3 1 2 2 2 5 27 70 72 72 75 64 42 43 11 9 5 5 5 4 3 3 3 
68 67 67 67 68 69 69 68 68 69 70 70 71 71 72 72 71 68 67 66 47 7 5 4 3 3 3 3 3 3 3 3 4 4 4 5 5 6 6 9 13 81 123 131 137 139 139 145 142 134 130 124 120 117 114 112 107 108 111 107 114 107 105 103 101 100 96 92 94 95 91 84 68 35 21 25 30 45 65 89 107 110 112 103 98 81 31 8 5 5 5 5 6 5 5 5 5 4 3 4 4 4 4 3 3 4 4 5 4 2 4 4 4 3 3 3 3 4 4 3 3 3 4 4 3 3 3 3 2 2 3 4 4 22 69 72 74 73 54 34 35 9 7 5 4 4 3 2 3 3 
68 67 67 67 67 68 69 70 71 72 70 70 70 70 71 72 71 70 66 63 33 6 5 4 3 3 4 3 3 3 3 3 4 4 3 4 7 9 10 9 56 120 126 122 122 126 125 128 126 123 120 118 114 111 113 113 111 106 109 104 104 99 99 101 101 100 102 99 98 84 84 80 76 77 89 100 100 111 110 116 109 97 90 75 53 22 9 6 4 4 4 4 6 5 5 5 5 5 4 4 3 4 4 4 4 4 4 5 3 2 4 5 5 4 4 4 4 3 3 3 3 3 4 4 4 4 4 4 3 2 3 4 4 21 68 71 72 65 49 31 25 8 7 5 5 5 4 3 3 3 
67 66 67 67 67 69 70 69 68 70 70 71 71 71 72 72 71 68 68 64 19 5 4 4 3 3 4 3 3 3 3 4 4 4 4 5 10 13 13 9 90 118 113 108 113 119 120 119 112 109 110 111 106 104 104 105 105 100 98 99 92 90 94 99 101 100 101 101 95 89 91 104 112 114 111 101 94 93 94 93 85 70 53 28 12 6 4 6 4 4 3 3 4 5 5 5 5 5 5 5 3 4 4 4 4 4 4 4 3 2 3 4 5 5 5 5 4 2 2 2 3 3 4 4 4 4 3 3 2 2 3 3 3 21 67 69 73 57 42 29 15 8 7 5 6 6 5 4 4 3 
67 67 68 68 67 68 68 68 68 69 70 71 70 69 70 71 70 66 63 53 9 3 3 3 4 4 3 4 4 3 4 5 4 3 5 9 16 13 11 9 82 109 109 107 107 113 117 114 108 103 103 105 102 98 90 92 89 91 87 87 87 93 93 91 90 90 94 99 101 100 99 102 101 96 92 87 81 69 56 40 24 16 10 8 5 4 5 6 5 5 4 4 4 4 4 4 4 4 4 4 3 3 4 4 4 4 4 4 3 2 2 2 4 4 4 3 1 1 2 2 2 3 3 3 4 3 2 1 1 2 3 3 3 19 66 67 66 46 39 31 16 7 6 5 5 6 5 5 5 4 
67 67 68 68 66 67 67 67 67 67 67 68 70 71 71 71 70 68 68 40 8 6 5 5 4 2 2 4 4 3 4 4 3 2 5 13 14 14 9 6 57 99 102 104 105 106 106 105 104 101 101 105 104 101 93 90 88 94 94 96 97 95 90 87 84 80 81 79 79 80 83 81 73 64 52 43 32 25 14 9 5 5 4 3 5 6 3 1 3 3 4 4 4 4 4 4 4 4 4 4 3 3 4 4 4 4 4 4 3 2 2 2 4 4 4 3 1 1 2 3 4 5 3 3 4 3 2 2 2 3 3 4 4 15 62 70 44 39 39 29 19 11 8 7 8 9 9 8 8 6 
66 66 68 69 68 67 67 67 66 66 66 70 72 72 72 72 70 69 66 25 6 4 6 5 4 4 3 4 5 4 4 4 5 3 7 13 10 14 10 5 37 91 94 94 90 93 94 99 104 101 99 96 99 100 99 94 88 94 95 93 90 89 87 89 84 82 77 68 67 60 52 39 19 12 9 7 6 6 5 4 4 4 5 3 4 5 4 3 3 4 5 5 5 5 5 5 5 5 4 3 4 4 4 3 3 4 4 4 4 3 3 3 4 4 4 3 3 2 2 3 4 4 5 5 4 4 3 3 3 4 4 3 4 13 63 65 31 21 23 23 15 7 5 7 8 10 6 6 5 4 
65 66 67 67 67 67 67 68 67 65 68 72 71 71 71 71 68 71 67 13 6 4 6 5 4 4 4 4 5 4 4 4 6 9 9 10 11 13 9 8 12 67 91 83 76 78 89 95 97 92 92 89 82 82 81 72 70 76 76 76 77 73 72 71 67 62 54 46 44 29 15 9 5 6 5 4 5 5 5 5 5 5 5 4 4 5 4 3 4 5 4 4 4 5 5 5 5 5 4 3 4 4 5 5 4 4 4 4 4 4 3 3 3 3 3 3 3 2 2 3 3 3 4 4 4 4 4 3 3 3 3 4 5 11 59 61 14 9 19 18 15 8 6 9 10 9 5 5 5 6 
66 66 65 65 66 68 66 68 68 68 68 71 71 71 73 72 69 71 45 7 5 4 6 4 4 4 4 4 4 3 4 5 9 14 10 8 10 11 9 8 5 38 76 76 77 83 91 90 91 90 76 48 37 29 28 26 35 39 38 40 44 48 43 37 35 28 15 10 8 6 5 6 7 4 3 3 5 5 5 6 5 5 5 4 4 4 4 3 4 5 3 3 3 5 5 5 6 5 4 4 4 4 5 5 5 4 4 4 4 4 3 3 2 2 2 3 3 2 2 2 2 2 2 2 3 4 4 3 3 3 2 4 6 9 56 55 23 14 18 21 22 12 11 14 11 7 4 6 5 7 
65 65 66 66 66 68 66 66 68 69 69 70 70 72 74 73 69 66 26 5 4 4 6 4 4 4 4 5 5 6 9 12 14 11 9 9 10 11 11 10 6 12 52 68 77 88 91 91 84 73 40 15 9 10 7 8 9 9 9 11 15 13 10 10 9 6 5 4 4 4 4 4 4 5 4 3 4 4 5 5 5 5 5 4 4 4 4 4 5 5 3 3 3 4 4 5 5 4 4 4 5 5 5 5 5 5 4 3 4 3 3 3 3 3 3 3 3 2 2 2 2 1 1 1 3 4 4 4 4 3 3 4 4 7 52 45 24 16 19 20 23 15 20 11 8 4 4 9 6 6 
65 65 66 66 66 63 67 66 66 68 69 70 70 72 74 71 68 62 12 5 4 4 7 6 5 4 4 7 7 10 13 15 11 13 10 9 10 11 11 10 10 9 29 58 83 86 80 65 50 37 14 7 5 8 3 4 3 3 4 6 5 5 4 4 4 5 4 2 3 4 4 4 4 6 5 4 4 4 5 5 5 5 5 4 4 4 4 4 5 5 3 3 3 4 4 3 3 3 2 2 5 5 5 5 5 5 4 3 2 3 3 3 4 4 4 4 4 2 2 2 2 1 3 3 3 2 2 2 2 3 3 3 2 6 45 35 21 17 20 21 21 24 17 10 6 3 5 10 7 4 
66 68 68 66 65 66 67 67 67 69 69 70 74 74 72 74 72 44 7 4 4 3 3 4 6 8 10 12 13 12 12 11 11 11 7 5 9 9 9 10 10 5 11 44 65 58 48 33 23 20 8 5 4 3 3 3 3 3 3 3 3 4 4 3 2 2 4 4 3 3 3 2 2 2 5 5 4 5 5 5 6 6 4 3 4 4 4 4 4 4 5 5 5 5 5 5 4 4 5 5 3 5 5 5 6 3 3 4 3 3 4 4 5 4 3 2 2 4 4 4 4 4 3 3 3 3 3 4 4 4 4 3 4 6 36 34 30 24 30 33 22 33 15 13 6 3 9 15 11 6 
66 68 67 67 69 67 68 68 69 71 71 72 74 74 73 76 68 24 6 4 4 3 4 5 7 10 12 11 12 10 9 9 10 10 7 5 9 9 9 8 8 5 5 24 33 34 30 27 22 14 6 5 4 3 3 3 3 3 3 3 3 4 4 4 4 3 4 4 3 3 3 3 3 2 5 5 4 5 4 4 5 6 4 2 4 4 4 4 4 4 5 5 5 5 5 5 4 3 4 4 2 3 3 4 5 3 3 4 3 3 4 4 5 4 3 3 3 3 3 3 4 4 3 3 3 3 3 3 3 3 3 3 4 7 27 32 32 33 37 34 25 37 18 15 11 9 17 20 12 7 
67 66 65 68 70 68 69 69 70 71 71 74 75 75 76 74 60 10 5 3 4 5 10 10 10 11 11 8 9 9 9 8 8 8 5 5 8 8 10 9 8 6 6 8 12 16 17 18 14 8 6 5 4 3 3 3 4 4 3 4 4 4 4 4 4 4 4 4 4 4 4 4 4 3 4 4 4 5 4 4 4 4 3 3 4 4 3 3 4 4 5 5 4 4 4 4 3 2 3 4 2 2 3 3 4 4 4 4 4 3 3 3 3 3 3 3 4 2 2 3 4 4 4 4 4 3 2 2 2 2 2 2 3 6 20 25 26 31 30 33 38 42 21 17 16 11 23 26 13 7 
69 69 69 69 70 70 71 71 71 72 72 76 76 76 76 74 46 8 6 6 6 8 10 10 11 11 11 10 11 10 9 8 7 7 4 5 7 8 10 8 7 7 6 5 7 8 8 7 6 6 5 5 4 3 3 3 4 4 4 4 4 4 4 4 4 4 4 4 4 4 4 5 4 4 4 4 4 5 5 5 4 3 3 4 4 3 3 3 3 5 5 4 3 4 4 3 2 2 4 5 3 2 2 4 5 4 4 5 4 3 3 3 3 3 3 3 4 3 3 3 4 4 3 3 3 2 1 2 2 3 2 1 2 4 16 26 28 29 37 38 51 44 27 31 19 13 25 34 20 6 
63 69 70 70 71 71 72 72 73 73 74 77 76 76 75 72 31 7 10 9 9 11 10 10 11 11 10 8 9 10 9 9 7 7 5 7 8 8 10 7 6 5 4 3 3 4 5 4 4 4 4 4 4 4 4 4 4 4 4 4 4 4 4 4 4 4 4 4 4 4 4 4 3 4 4 4 4 5 3 3 3 3 3 4 4 3 3 3 4 5 5 4 3 4 4 5 4 3 4 5 3 2 3 4 5 4 4 5 4 3 3 3 4 4 3 3 4 4 4 4 4 4 2 2 2 1 1 2 2 3 2 1 3 4 18 38 31 21 19 17 41 49 41 54 27 20 29 52 25 4 
69 71 71 70 70 72 72 72 73 74 75 76 76 76 78 63 12 6 11 7 9 11 10 9 10 8 8 6 8 9 9 9 8 7 6 7 9 8 8 6 5 4 4 4 4 4 4 4 3 3 4 3 4 4 3 3 4 3 2 3 4 5 4 3 4 4 3 3 4 4 4 3 3 4 4 4 4 5 5 4 4 4 4 4 3 2 3 4 4 4 4 4 4 4 3 5 4 3 4 4 3 3 3 3 3 5 4 4 4 3 1 3 4 4 4 4 4 3 3 3 2 2 2 4 5 4 3 3 3 4 3 3 4 4 11 15 9 5 7 18 38 53 31 39 24 17 16 19 10 5 
69 72 72 71 72 73 73 74 75 76 76 78 79 79 79 44 6 9 9 7 8 9 8 9 7 7 6 6 8 7 6 7 7 5 5 7 8 8 8 6 5 4 4 4 4 4 5 4 3 3 4 3 4 4 3 3 4 3 2 3 4 3 2 2 3 3 3 3 3 3 3 3 3 4 4 4 4 5 5 4 4 4 4 4 3 2 3 4 4 4 4 4 4 4 3 2 5 6 4 4 3 3 4 5 5 5 4 3 3 2 1 3 4 4 4 4 4 3 3 3 2 2 2 4 4 3 2 3 3 4 3 2 4 4 5 3 4 4 11 24 35 40 14 6 5 7 6 6 5 6 
71 71 71 72 73 74 75 76 77 79 77 78 80 79 76 29 6 11 9 9 9 8 6 8 5 7 8 5 7 6 4 5 6 5 5 7 8 7 7 6 5 5 5 5 4 3 4 4 4 4 4 4 4 4 4 4 3 3 3 3 3 3 3 3 3 3 3 2 2 3 4 4 3 4 4 4 4 4 4 4 4 4 4 4 4 3 3 3 4 4 4 4 4 3 3 2 4 4 4 4 4 4 5 5 5 4 4 3 2 2 2 3 4 5 4 4 5 4 3 2 3 3 3 3 3 3 2 3 3 3 3 3 4 3 4 4 4 6 21 27 37 37 10 5 4 4 3 4 5 3 
74 72 73 75 75 75 77 78 78 80 79 78 80 79 72 22 6 9 8 9 9 8 7 8 6 7 9 6 7 7 5 6 7 6 8 6 5 6 5 6 5 4 4 4 4 3 3 4 4 4 4 4 4 4 3 3 3 3 3 3 2 3 3 3 4 4 4 3 3 4 5 5 4 4 4 4 4 4 4 4 4 4 4 4 4 4 4 4 4 4 4 4 4 3 3 4 4 4 4 4 4 4 4 3 3 4 4 4 3 2 3 3 2 3 4 4 5 4 3 2 3 3 3 3 3 3 3 3 3 3 3 3 3 3 3 3 4 12 29 35 44 35 10 3 4 4 3 3 4 3 
75 74 75 77 78 78 79 78 78 79 80 80 79 78 63 17 8 8 7 7 8 7 8 9 7 8 9 7 8 7 6 6 7 7 5 6 6 5 4 5 5 4 3 3 4 3 3 4 4 4 4 4 4 3 2 2 3 3 3 3 2 3 3 4 4 4 4 3 4 5 5 4 4 4 4 4 4 4 4 4 4 4 4 4 4 5 5 5 4 4 4 4 3 3 3 4 5 5 4 4 4 4 3 2 2 4 4 4 4 4 4 4 2 2 3 4 4 4 3 2 2 2 3 3 3 3 3 3 4 3 3 3 3 3 3 3 4 20 36 49 46 32 10 3 4 4 3 4 4 4 
74 75 77 78 80 78 77 79 81 81 80 80 79 77 45 12 8 8 6 6 8 8 7 7 8 8 7 7 7 6 6 4 4 5 4 4 4 5 5 4 4 4 4 4 3 3 4 4 4 4 4 5 4 3 3 3 3 3 3 3 3 2 4 4 4 4 4 4 4 4 4 4 4 3 3 3 4 4 4 4 5 4 3 4 4 4 4 4 4 4 4 3 2 3 3 2 3 4 4 4 3 3 4 4 4 3 3 2 3 5 5 7 3 2 3 3 3 2 1 1 1 2 3 3 3 4 3 3 4 4 4 4 3 3 2 5 10 31 43 43 36 26 11 3 5 5 5 8 12 7 
77 78 78 78 80 80 79 78 78 79 80 80 76 71 33 14 5 8 6 6 6 6 7 7 7 6 5 7 7 6 6 5 6 7 5 4 4 5 5 4 4 4 4 4 5 5 4 4 4 4 4 5 4 3 4 4 3 3 3 4 4 2 4 4 4 4 4 4 4 4 4 4 4 3 3 3 4 4 4 4 5 4 3 4 4 4 4 4 4 4 4 3 2 3 3 2 3 4 4 4 3 3 4 4 4 3 3 2 3 4 4 11 6 3 4 3 3 4 4 3 2 3 4 4 3 3 2 2 3 4 4 4 3 3 2 5 14 35 38 38 29 22 10 7 11 13 6 17 29 15 
78 78 78 78 79 79 77 77 78 78 79 78 78 59 26 13 5 8 8 7 7 7 5 5 5 4 3 5 6 6 6 6 6 5 4 4 5 5 5 4 3 3 3 3 3 3 4 4 4 4 4 4 4 4 4 4 3 3 4 3 3 4 4 4 4 4 4 4 4 4 4 4 4 4 4 4 5 5 4 4 4 4 4 4 4 4 4 4 4 4 3 3 3 3 3 1 2 3 3 3 3 3 4 4 4 3 3 4 3 3 2 23 9 4 3 3 3 4 4 3 2 2 3 3 3 3 2 3 3 3 3 3 4 4 3 5 22 39 40 35 28 21 10 8 15 23 24 43 52 34 
78 77 77 77 78 77 79 78 77 78 79 78 77 53 26 14 7 7 6 7 7 7 5 5 5 4 3 5 6 6 5 5 6 4 3 4 5 5 5 5 4 3 3 3 5 5 4 4 4 4 4 3 4 4 3 3 2 3 4 3 3 4 4 4 4 4 4 4 4 4 4 4 4 4 4 4 4 4 4 4 4 4 4 4 4 4 4 4 4 4 3 3 3 3 3 3 4 4 3 3 3 3 4 4 4 3 3 5 3 1 4 34 11 4 3 3 3 3 3 3 2 2 3 3 4 3 2 3 3 3 3 4 4 4 4 8 38 48 47 39 29 23 12 10 18 36 46 61 52 46 
78 77 76 76 79 78 80 78 78 79 78 78 74 45 25 16 8 6 6 6 7 7 5 5 5 5 4 4 5 4 5 5 6 5 4 5 5 5 5 6 5 5 5 4 5 4 4 4 4 4 4 4 4 4 3 3 2 3 4 3 3 4 4 4 4 4 4 4 4 4 4 4 4 4 4 4 3 3 4 4 3 4 4 4 4 4 4 3 4 4 3 3 3 3 3 3 4 4 3 3 3 4 4 4 4 4 3 4 3 2 5 45 16 4 3 3 3 3 3 3 2 2 2 2 3 3 2 3 3 3 3 3 3 3 4 15 48 51 48 41 34 24 14 12 27 42 56 63 57 54 
77 77 79 77 78 80 78 77 78 80 77 77 75 44 25 18 7 6 6 6 6 6 5 5 5 5 5 4 4 5 5 5 5 6 5 5 4 4 5 5 5 6 5 4 4 3 3 4 5 4 4 4 4 4 4 4 3 4 4 4 4 4 4 4 4 4 4 4 3 4 5 4 4 4 4 4 4 4 3 3 2 3 4 3 3 3 3 3 3 3 3 3 3 3 3 3 3 3 3 3 3 4 4 4 4 5 4 3 3 4 8 57 22 4 3 3 3 4 4 4 4 4 2 2 3 3 2 3 4 3 3 3 2 3 5 33 53 57 53 47 40 30 21 19 33 50 60 66 64 62 
77 77 77 75 78 78 77 77 78 80 77 77 75 44 26 19 9 5 4 4 4 4 5 5 5 5 5 5 5 5 5 5 5 6 5 5 4 4 5 5 5 4 2 2 4 3 3 4 5 4 4 4 4 4 4 4 4 6 5 4 4 4 4 4 4 4 4 4 3 4 5 4 4 4 4 5 5 5 3 3 2 3 4 3 3 3 3 3 2 2 3 3 3 4 4 3 3 3 3 3 3 4 4 4 4 5 4 4 3 4 18 65 27 5 2 3 3 4 4 4 5 5 2 2 3 3 2 2 2 3 3 3 4 4 10 46 57 61 59 53 47 39 31 28 43 59 67 70 65 62 
76 77 79 80 80 79 78 77 76 77 77 77 74 43 23 20 12 5 4 4 4 4 5 4 4 5 5 4 4 5 5 4 3 3 3 3 3 5 6 5 4 4 4 4 4 4 3 4 5 4 4 4 4 4 4 3 2 3 4 3 3 5 4 4 4 4 4 4 4 3 3 4 4 4 4 4 4 4 4 4 3 3 3 3 3 3 3 3 2 2 4 4 4 4 4 4 4 4 3 3 4 4 4 4 4 6 5 4 4 5 33 64 33 6 4 5 6 5 4 2 2 2 3 4 5 4 3 1 3 2 3 4 5 5 26 63 69 63 59 55 50 45 42 45 71 81 74 68 75 85 
77 78 78 78 78 77 77 77 78 78 80 80 75 40 25 23 15 6 6 5 4 4 5 4 4 5 5 4 4 5 5 5 5 5 5 5 4 5 6 5 4 4 4 4 4 4 3 4 5 4 4 3 3 3 4 2 2 3 4 3 3 5 4 4 4 4 4 4 4 3 3 4 4 4 4 4 4 4 4 4 3 3 3 3 3 3 3 3 3 3 4 4 4 4 4 4 4 4 3 3 4 4 4 4 4 5 3 3 4 6 46 61 45 5 5 4 4 5 4 3 2 2 2 3 4 3 1 1 2 2 3 3 6 5 42 61 61 61 59 58 58 59 61 76 93 85 82 85 113 122 
78 79 79 77 77 76 76 79 80 80 82 81 76 45 26 24 16 8 5 4 5 5 5 4 5 6 6 5 5 4 4 5 5 4 4 4 5 5 5 5 4 4 4 4 4 4 3 3 4 4 4 3 3 3 3 3 2 3 3 3 3 4 4 4 4 4 3 3 4 4 3 4 4 4 4 4 4 5 5 4 3 2 2 3 3 3 2 3 4 3 4 4 4 4 4 4 4 3 2 2 3 3 3 3 4 4 3 4 4 12 59 63 54 10 4 3 3 4 4 3 3 2 2 3 2 2 2 2 2 2 3 4 4 6 28 36 50 73 83 81 69 73 89 91 90 83 79 96 129 122 
77 78 78 78 77 77 78 79 79 78 79 79 74 45 24 21 17 10 6 4 5 6 6 5 5 6 6 5 5 4 4 4 4 3 3 4 5 5 5 5 4 4 4 3 4 4 4 4 4 4 4 4 3 2 3 3 2 2 2 3 3 2 4 4 4 4 3 3 4 4 4 4 4 4 4 3 3 4 4 3 2 1 1 3 3 3 3 3 4 3 4 3 3 4 4 4 4 4 3 3 4 4 3 3 3 3 3 4 8 20 61 65 61 12 5 3 3 4 4 4 3 3 3 3 2 3 3 3 3 3 3 3 3 9 35 66 105 121 120 105 81 102 100 96 89 84 77 105 133 114 
76 77 77 77 77 78 79 78 77 77 77 78 77 54 25 18 21 13 8 5 5 7 8 6 5 4 4 5 5 4 4 4 4 3 5 6 6 5 5 5 4 4 4 3 4 4 5 5 5 4 4 4 3 3 3 3 2 2 2 3 3 3 4 4 4 4 3 3 4 4 4 4 4 4 4 3 2 3 3 2 2 3 3 3 3 4 4 4 4 3 3 2 2 4 4 4 4 4 4 4 5 5 4 3 3 2 3 3 8 36 63 64 65 14 5 3 3 4 4 3 2 3 3 3 3 4 5 4 4 3 3 2 3 13 35 98 120 111 108 110 107 116 104 100 91 85 87 102 121 103 
77 78 77 78 76 77 78 78 78 78 78 79 81 66 28 23 24 21 15 9 5 8 6 5 5 5 4 3 5 3 3 4 5 5 6 6 6 5 5 5 5 5 4 3 3 5 6 5 4 5 5 4 4 4 4 4 3 3 2 3 4 4 4 4 4 4 4 4 3 4 5 4 3 3 4 4 4 4 4 3 2 3 4 4 4 4 4 4 4 4 3 2 2 4 4 4 4 4 4 4 5 4 3 3 3 4 5 6 9 49 67 67 61 12 5 4 4 3 3 3 2 3 3 3 3 3 3 4 4 3 3 3 4 12 26 94 105 104 96 85 93 98 100 98 93 88 91 87 103 82 
78 77 78 78 76 77 78 77 77 77 78 79 78 72 38 26 23 22 19 16 8 6 4 3 4 4 2 3 5 4 5 5 5 5 5 5 5 5 5 5 5 5 4 3 3 5 5 4 3 3 3 4 4 4 4 4 4 4 3 3 4 4 4 4 4 4 4 4 3 4 5 4 3 3 4 4 4 4 4 3 2 3 4 4 4 4 4 4 4 4 4 4 3 4 4 4 4 4 4 4 3 2 2 3 3 4 5 6 17 61 69 69 67 16 6 4 4 3 3 3 4 4 3 3 3 3 3 4 4 4 4 3 3 10 21 80 90 91 82 73 77 78 75 76 76 77 77 63 60 60 
78 76 78 78 77 77 77 77 78 78 78 80 80 78 53 30 22 18 21 17 8 6 4 3 3 3 3 6 6 5 5 6 6 6 4 4 4 4 4 4 4 4 4 3 4 4 4 4 3 4 4 3 3 3 4 5 4 4 4 5 5 4 4 4 4 4 5 4 4 4 4 4 3 4 4 4 4 4 4 4 3 2 3 3 3 4 4 4 3 3 3 3 2 4 4 4 4 4 4 4 2 2 3 3 3 4 4 5 32 67 66 66 55 15 5 3 3 4 4 4 3 4 3 3 3 3 3 4 4 4 4 3 6 12 15 51 71 74 69 64 65 60 56 61 66 77 76 57 45 45 
78 77 77 78 78 77 77 78 78 79 79 81 81 79 66 35 22 19 20 14 6 5 5 4 5 5 6 7 7 6 7 7 7 7 7 6 5 4 4 5 5 5 5 5 4 4 4 4 4 4 4 3 3 3 3 4 4 4 4 5 6 4 4 4 4 4 5 4 4 4 4 5 4 4 4 3 3 4 4 4 4 3 3 3 3 4 4 4 3 3 4 3 3 4 4 4 4 4 4 4 3 3 4 3 3 4 4 6 50 65 64 64 39 10 6 4 4 4 4 3 3 4 3 3 3 3 3 3 3 3 3 3 5 26 17 16 54 74 65 59 67 66 59 60 62 77 72 66 52 62 
77 77 77 77 79 78 78 78 77 80 80 81 80 78 74 43 22 21 19 11 5 4 4 5 7 7 8 7 7 8 9 9 9 9 9 8 6 4 4 6 6 6 6 6 4 4 4 4 3 4 4 4 4 3 2 3 4 4 4 6 6 3 3 4 4 4 5 4 3 3 4 4 3 4 4 3 3 4 4 4 4 4 4 3 3 3 4 4 4 4 5 4 4 4 4 4 4 4 4 4 4 4 4 3 3 4 5 15 58 64 64 64 36 7 7 5 5 3 3 3 3 4 3 3 3 3 3 2 2 2 2 3 8 35 20 17 25 55 60 55 54 68 64 76 60 71 61 63 57 84 
76 78 76 76 79 78 78 78 77 79 79 80 79 77 75 54 23 22 19 9 6 7 9 12 12 8 9 8 8 9 9 9 9 9 9 8 6 4 4 4 4 3 6 6 5 4 4 3 2 3 4 4 4 3 3 4 4 3 3 3 3 3 3 3 3 3 4 4 3 3 2 2 3 5 4 4 5 5 4 4 5 5 5 3 3 3 4 5 4 3 4 4 4 4 4 5 4 3 4 4 4 3 3 3 3 5 6 27 64 68 64 63 29 4 4 4 4 2 3 4 4 4 3 3 3 3 3 3 2 3 3 3 7 37 22 14 14 47 62 45 39 62 68 79 63 60 58 47 56 83 
76 78 78 79 77 77 77 77 81 79 80 81 82 80 77 65 29 21 18 9 8 8 15 18 15 9 10 8 9 10 10 10 9 9 10 9 7 4 4 3 2 3 6 6 5 4 4 3 2 3 4 3 3 2 3 4 4 3 3 4 4 4 4 3 3 3 4 4 4 4 3 3 5 5 4 4 5 5 4 4 5 5 5 3 3 3 4 5 3 2 3 4 4 4 4 5 4 3 4 4 4 3 4 5 5 4 5 32 59 60 62 37 9 4 3 4 4 2 3 4 4 4 3 3 3 3 3 5 3 3 3 2 5 38 38 17 43 62 53 45 43 70 77 89 59 59 58 52 72 87 
78 77 76 77 77 77 76 77 79 80 81 82 79 78 75 72 37 19 13 7 6 8 13 15 14 11 9 7 8 11 14 11 9 10 10 9 8 6 3 3 3 4 5 5 4 4 3 3 3 4 4 3 2 2 3 3 4 4 5 6 6 3 3 4 3 3 4 5 5 3 2 3 3 3 3 3 3 4 4 4 4 3 3 3 3 3 3 3 4 4 3 3 3 4 3 3 3 3 3 4 6 5 3 4 5 5 7 12 15 15 14 9 6 4 3 3 3 3 4 4 4 3 3 3 4 4 4 4 4 3 2 2 8 39 46 46 51 48 50 49 58 87 86 86 62 80 73 77 88 84 
78 77 77 77 78 77 76 77 78 80 79 80 79 78 77 74 44 20 13 8 5 8 11 14 14 13 10 8 9 13 17 12 11 12 11 10 9 6 3 6 6 5 5 5 4 4 3 3 3 4 4 3 3 3 3 3 4 4 4 4 4 5 5 4 3 2 4 5 5 3 2 3 3 4 5 4 3 4 4 4 4 5 4 3 3 3 3 3 4 4 3 3 3 4 3 2 3 4 4 5 6 5 3 4 5 6 7 7 6 6 6 5 5 4 4 5 4 4 4 4 3 2 2 4 4 4 4 4 4 3 2 2 15 41 45 31 30 46 56 51 77 96 98 81 67 93 91 88 88 75 
78 76 77 77 78 78 77 78 79 79 77 79 78 78 79 76 62 21 14 10 7 9 9 13 15 14 13 10 12 15 18 15 14 16 15 12 9 5 4 9 8 6 5 4 4 4 3 4 4 5 5 5 5 5 4 3 4 4 3 3 4 5 4 4 4 3 4 5 5 4 3 3 3 6 5 4 3 4 3 4 4 5 5 3 3 3 3 3 4 4 4 4 4 4 4 3 4 4 5 6 6 5 4 4 5 6 7 6 6 6 6 5 5 4 4 5 5 4 4 4 3 3 3 4 4 4 4 3 3 3 2 3 34 54 28 11 27 48 50 61 91 94 89 83 85 92 89 93 92 79 
79 78 79 75 78 78 78 79 80 79 78 79 78 78 78 76 69 28 10 12 12 11 11 13 13 13 13 14 15 18 19 18 18 19 19 14 10 7 8 9 7 5 5 5 5 4 3 4 5 6 6 6 6 6 5 3 5 4 3 4 5 4 3 3 3 4 5 5 4 4 4 4 4 5 5 3 3 4 2 3 4 4 4 4 4 4 3 3 4 4 5 5 5 5 5 5 5 5 5 6 5 5 4 4 5 6 6 5 5 6 5 5 5 4 4 5 3 4 4 4 3 3 3 4 4 4 4 3 3 3 3 4 44 60 30 11 22 39 48 76 86 82 80 75 90 91 93 95 91 85 
79 81 79 77 79 76 76 79 80 80 79 80 80 80 79 79 74 48 18 16 15 14 16 13 12 12 13 18 19 21 22 21 19 20 21 15 11 13 11 7 5 4 5 5 5 4 3 4 4 4 4 4 4 5 5 3 5 4 3 4 5 4 3 2 2 2 3 3 4 4 4 4 4 4 3 2 3 4 2 3 4 4 4 4 4 4 3 3 5 5 5 5 5 5 5 5 5 5 5 6 5 5 4 4 5 4 4 4 5 6 5 5 5 4 4 5 3 4 4 4 3 3 1 3 4 4 4 3 3 3 3 5 56 64 54 16 11 29 59 81 78 76 76 66 83 89 87 88 81 86 
