247 247 247 247 247 247 247 247 247 247 247 247 247 247 247 247 249 249 228 198 160 143 131 124 124 118 119 116 107 95 90 85 82 86 92 95 94 93 99 105 109 105 111 122 136 149 159 193 231 251 248 247 247 247 247 247 247 247 247 247 247 247 247 247 247 247 
247 247 247 247 247 247 247 247 247 247 247 247 247 247 247 248 246 219 191 166 151 131 121 115 116 108 106 104 99 83 85 86 84 85 89 92 95 100 107 111 112 103 105 108 114 135 148 167 192 237 246 247 247 247 247 247 247 247 247 247 247 247 247 247 247 247 
247 247 247 247 247 247 247 247 247 247 247 247 247 247 247 243 223 186 160 143 138 118 109 105 106 102 98 96 93 82 88 93 94 99 97 97 98 111 119 121 118 106 108 109 110 125 138 147 163 209 241 247 247 247 247 247 247 247 247 247 247 247 247 247 247 247 
247 247 247 247 247 247 247 247 247 247 247 247 247 248 246 233 182 149 135 127 120 103 98 96 97 101 97 93 90 91 99 105 109 127 116 109 106 127 136 135 128 114 120 123 124 122 131 136 144 171 230 245 247 247 247 247 247 247 247 247 247 247 247 247 247 247 
247 247 247 247 247 247 247 247 247 247 247 247 248 247 216 176 142 118 102 92 96 96 104 112 117 134 137 139 140 147 144 143 144 154 155 157 158 167 170 172 174 172 179 185 189 179 173 169 163 153 166 193 224 250 247 247 247 247 247 247 247 247 247 247 247 247 
247 247 247 247 247 247 247 247 247 247 247 248 249 211 172 138 129 105 94 92 105 122 134 143 144 150 151 151 150 153 152 151 150 153 156 161 166 171 173 174 175 176 181 188 196 202 201 198 191 175 157 170 197 244 247 247 247 247 247 247 247 247 247 247 247 247 
247 247 247 247 247 247 247 247 247 247 248 247 232 172 137 114 115 97 93 99 118 139 149 155 154 154 155 155 154 155 154 154 153 152 155 160 167 171 173 174 174 176 179 186 193 206 210 209 206 193 165 160 172 217 242 246 247 247 247 247 247 247 247 247 247 247 
247 247 247 247 247 247 247 247 247 247 248 244 199 133 109 101 101 91 97 110 133 148 153 154 152 152 152 153 155 155 154 153 152 151 153 157 163 168 170 171 172 172 175 179 185 198 206 210 211 209 184 160 149 176 231 244 248 247 247 247 247 247 247 247 247 247 
247 247 247 247 247 247 247 247 247 249 242 222 137 113 102 98 101 93 104 120 138 145 147 148 149 150 150 151 153 154 154 154 154 154 156 159 163 164 166 168 170 171 173 178 183 189 198 204 208 211 200 174 150 145 200 232 250 247 247 247 247 247 247 247 247 247 
247 247 247 247 247 247 247 247 247 250 231 195 113 102 100 99 93 93 103 116 135 141 142 143 144 145 147 149 152 154 155 156 155 155 158 160 163 165 168 172 174 175 177 180 183 188 194 198 202 206 201 181 160 147 182 220 246 248 247 247 247 247 247 247 247 247 
247 247 247 247 247 247 247 247 247 250 219 168 99 97 100 103 95 92 100 112 130 137 137 138 139 140 142 146 150 154 157 157 156 156 159 161 163 165 171 176 181 179 181 183 187 191 193 195 198 203 201 183 165 154 171 206 235 249 247 247 247 247 247 247 247 247 
247 247 247 247 247 247 247 247 247 248 203 140 90 94 102 107 101 92 98 108 125 132 133 132 132 134 137 140 146 154 156 157 156 155 159 162 163 165 173 180 186 183 183 185 189 193 192 192 194 199 201 184 167 163 166 191 220 250 247 247 247 247 247 247 247 247 
247 247 247 247 247 247 247 247 249 238 179 106 95 97 98 99 101 93 99 109 120 126 127 127 126 127 128 129 130 141 146 149 148 151 156 159 161 162 171 178 184 180 178 178 181 185 186 186 188 194 201 187 173 167 170 178 199 248 247 247 247 247 247 247 247 247 
247 247 247 247 247 247 247 247 251 229 166 93 92 97 101 104 102 98 100 105 113 122 123 123 122 123 124 124 125 133 140 144 145 147 153 157 159 161 168 175 181 179 177 177 180 183 183 184 185 187 197 188 176 164 179 181 196 244 247 247 247 247 247 247 247 247 
247 247 247 247 247 247 247 247 251 222 159 91 91 100 107 111 102 99 101 106 112 118 120 121 123 125 126 129 130 137 143 147 148 150 155 158 160 161 165 170 177 177 176 177 179 183 184 185 185 185 193 189 180 168 179 178 190 239 248 247 247 247 247 247 247 247 
247 247 247 247 247 247 247 247 252 214 154 92 91 106 115 118 102 99 104 110 115 115 117 121 125 128 132 136 139 144 148 151 153 155 158 161 161 161 162 166 172 174 176 177 179 185 186 186 186 185 190 189 185 174 177 173 184 232 248 248 247 247 247 247 247 247 
247 247 247 247 247 247 247 247 253 201 143 90 94 116 124 123 107 103 109 117 121 117 117 119 124 134 139 143 147 150 153 156 158 160 164 166 165 165 163 164 168 174 177 180 183 189 191 190 186 183 188 192 192 182 175 172 183 219 248 248 247 247 247 247 247 247 
247 247 247 247 247 247 247 247 252 196 143 97 96 112 117 116 107 105 113 120 124 122 120 120 123 134 139 143 146 149 150 152 156 160 163 166 167 167 163 163 166 176 176 178 181 186 187 187 187 186 186 190 192 192 185 180 184 208 247 248 247 247 247 247 247 247 
247 247 247 247 247 247 247 247 251 187 138 101 97 106 108 107 106 108 114 119 121 120 121 124 127 134 138 140 142 142 142 144 148 153 156 158 160 164 159 158 160 172 171 171 173 179 181 184 187 191 192 193 194 195 191 184 186 208 247 248 247 247 247 247 247 247 
247 247 247 247 247 247 247 247 250 177 131 101 95 99 99 99 105 111 115 118 117 119 124 129 132 135 136 136 135 131 131 132 136 142 145 147 150 159 152 150 152 163 158 156 156 159 165 171 178 187 194 196 197 197 195 186 187 209 247 248 247 247 247 247 247 247 
247 247 247 247 247 247 247 248 248 165 117 87 82 89 91 93 106 114 117 119 118 123 130 136 138 138 134 127 118 110 111 113 115 123 128 131 134 146 141 138 137 143 129 119 112 109 120 130 140 155 182 195 202 197 195 184 183 207 247 248 247 247 247 247 247 247 
247 247 247 247 247 247 247 248 245 156 104 74 74 83 91 99 112 118 121 122 122 133 133 127 110 95 84 75 68 64 64 66 73 90 100 108 116 139 135 130 124 106 82 63 48 42 49 60 73 87 121 160 193 202 202 187 183 204 246 248 247 247 247 247 247 247 
247 247 247 247 247 247 247 247 244 152 98 68 73 83 93 105 116 120 122 123 123 125 113 95 72 60 54 50 46 43 43 46 52 66 77 92 108 136 139 132 118 87 73 62 54 53 62 73 85 94 103 133 168 202 207 190 182 202 246 248 247 247 247 247 247 247 
247 247 247 247 247 247 248 248 245 151 97 66 73 81 95 109 119 122 122 122 122 108 87 66 48 45 45 46 47 41 40 43 49 53 64 80 103 137 146 138 117 78 73 68 63 63 73 83 93 102 100 117 146 195 210 192 181 199 246 249 247 247 247 247 247 247 
247 247 247 247 247 247 249 252 247 154 102 73 71 77 93 112 124 124 122 120 118 77 56 47 57 70 78 83 86 69 65 67 73 62 66 80 103 145 157 148 124 87 82 70 56 46 49 58 69 87 113 125 140 177 210 193 181 198 247 250 248 247 247 247 247 247 
247 247 247 247 247 247 238 224 218 151 108 80 68 77 98 119 129 125 124 117 92 68 65 64 57 41 33 31 37 55 51 52 59 54 64 83 113 154 166 157 131 81 68 61 57 50 52 62 70 64 61 91 128 166 207 191 172 166 204 225 240 248 247 247 247 247 
247 247 247 247 250 232 193 146 151 115 92 75 67 82 104 124 127 125 124 116 92 74 60 49 43 45 45 49 58 83 77 69 61 56 65 85 116 151 163 157 137 99 85 76 71 73 87 100 112 114 96 96 109 149 204 194 174 155 163 196 226 250 247 247 247 247 
247 247 247 247 252 215 157 91 106 93 83 74 68 88 110 126 123 123 119 109 87 71 55 44 46 61 66 72 80 99 91 80 68 64 72 91 120 146 160 158 146 119 107 97 89 91 106 119 131 141 126 111 108 140 199 197 182 157 137 177 217 252 247 247 247 247 
247 247 247 247 253 200 138 79 98 97 91 82 69 96 115 127 119 118 108 94 73 54 53 59 76 90 92 93 94 88 80 76 78 80 88 104 126 142 157 162 158 139 133 123 111 99 97 102 110 125 134 135 137 144 191 200 195 174 136 174 215 252 247 247 247 247 
247 247 247 247 253 200 146 96 113 105 106 107 81 94 111 125 121 114 104 93 81 83 84 84 81 77 78 83 91 100 107 113 115 103 109 120 134 146 156 164 171 161 159 157 154 148 142 139 138 138 148 159 168 172 189 199 200 181 145 174 211 252 247 247 247 247 
247 247 247 247 253 197 145 101 120 116 113 109 90 98 112 125 120 116 111 107 105 110 109 107 106 105 109 113 116 119 122 121 116 111 119 128 138 151 159 168 176 170 164 162 161 156 154 154 153 151 157 169 180 188 190 197 197 183 151 173 207 252 247 247 247 247 
247 247 247 247 253 199 149 106 123 118 109 99 100 108 117 124 120 119 118 118 124 131 130 128 129 129 133 134 130 129 129 124 115 113 122 132 142 154 160 168 178 175 163 156 154 157 162 164 164 161 165 175 186 198 196 193 188 177 157 178 209 252 247 247 247 247 
247 247 247 247 253 206 157 112 123 110 91 77 110 124 124 121 119 122 122 124 138 147 146 145 147 145 144 141 132 130 129 124 114 110 119 131 145 155 159 166 176 178 154 139 132 152 166 171 172 171 173 178 187 201 205 189 173 162 166 190 219 251 247 247 247 247 
247 247 247 247 250 236 191 128 105 89 73 65 114 128 124 117 123 124 127 133 146 148 146 146 148 151 147 143 138 133 113 100 96 113 123 134 146 153 154 161 171 188 171 154 135 100 115 137 159 172 180 185 189 193 210 197 177 153 182 215 240 249 247 247 247 247 
247 247 247 247 248 244 206 145 99 87 80 82 120 129 124 115 117 121 126 132 139 139 139 141 145 147 143 137 130 106 96 102 124 133 132 135 140 151 153 161 173 184 179 177 170 131 94 99 121 152 170 178 182 185 204 195 176 145 187 223 245 248 247 247 247 247 
247 247 247 247 247 249 217 160 95 88 89 97 125 130 124 117 114 118 122 126 129 127 129 132 136 137 133 126 113 84 88 104 131 134 127 123 123 138 144 152 162 167 165 167 167 146 96 83 90 125 150 162 169 174 196 193 177 144 191 227 248 247 247 247 247 247 
247 247 247 247 247 251 224 173 94 91 98 110 130 131 126 120 113 115 117 118 115 114 115 117 121 121 118 108 88 68 89 106 118 116 107 100 95 116 127 135 141 137 130 129 133 146 117 87 66 91 122 137 149 161 186 190 180 148 194 229 249 247 247 247 247 247 
247 247 247 247 247 251 232 194 107 102 105 113 126 130 127 122 118 115 110 103 94 97 99 101 104 103 93 78 58 75 78 73 60 52 49 50 55 79 94 106 114 107 98 107 125 145 143 114 79 55 87 110 130 147 172 182 182 167 205 233 249 247 247 247 247 247 
247 247 247 247 247 249 239 215 120 112 111 114 118 126 126 123 119 113 101 91 85 87 88 89 91 85 71 62 62 78 79 73 61 51 47 45 45 62 77 93 108 125 129 134 140 146 146 130 104 62 66 88 113 138 161 174 182 183 218 238 248 247 247 247 247 247 
247 247 247 247 247 248 245 232 150 129 122 121 117 128 127 123 121 112 97 84 78 80 80 79 79 69 60 59 69 81 82 79 71 62 60 58 58 73 84 96 110 133 143 147 147 147 145 138 122 83 62 74 98 133 154 169 182 194 230 242 248 247 247 247 247 247 
247 247 247 247 247 247 248 246 192 149 134 132 127 137 131 121 122 112 95 80 73 75 73 70 68 55 57 65 78 85 87 87 86 83 82 83 86 101 105 110 116 136 145 148 148 146 143 140 134 111 70 69 87 132 151 165 180 199 239 246 248 247 247 247 247 247 
247 247 247 247 247 247 248 248 236 166 131 124 193 181 149 118 124 111 97 83 70 74 72 68 62 62 67 73 80 89 93 96 99 100 103 105 109 122 124 127 131 140 142 140 138 139 139 139 137 129 98 87 92 131 154 160 165 176 237 246 248 247 247 247 247 247 
247 247 247 247 247 247 247 247 245 197 176 176 238 203 155 114 119 109 99 88 70 76 77 74 64 69 73 77 81 83 81 80 79 76 76 77 79 92 100 106 109 114 116 114 106 77 76 91 108 114 103 103 110 132 165 196 215 212 243 247 247 247 247 247 247 247 
247 247 247 247 247 247 247 247 247 225 216 218 251 217 164 116 116 107 101 92 71 76 82 82 70 70 68 66 62 57 59 63 68 65 66 69 75 83 97 108 119 127 130 130 121 60 40 54 80 110 107 115 125 134 177 216 240 235 246 247 247 247 247 247 247 247 
247 247 247 247 247 247 247 247 247 249 250 250 251 230 177 123 114 105 102 96 75 75 86 91 79 69 57 46 34 29 39 53 70 70 73 81 94 95 111 129 148 159 163 166 157 68 24 33 64 113 112 126 137 136 189 228 251 249 247 247 247 247 247 247 247 247 
247 247 247 247 247 247 247 247 247 247 247 247 248 246 200 145 111 103 103 102 90 72 85 97 94 73 41 17 6 39 69 99 126 134 141 155 174 178 182 191 203 196 200 199 185 95 57 80 117 127 124 133 143 141 208 235 249 247 247 247 247 247 247 247 247 247 
247 247 247 247 247 247 247 247 247 247 247 247 247 250 221 176 112 103 98 98 106 74 82 94 104 85 69 50 27 55 90 119 140 150 158 168 178 193 191 194 200 193 190 178 155 100 106 127 144 124 131 135 140 151 222 241 249 247 247 247 247 247 247 247 247 247 
247 247 247 247 247 247 247 247 247 247 247 247 247 250 234 202 123 104 96 94 108 82 81 89 109 89 87 80 62 64 82 100 116 120 126 136 148 167 167 168 167 160 161 152 138 119 135 148 152 124 134 135 140 165 232 245 248 247 247 247 247 247 247 247 247 247 
247 247 247 247 247 247 247 247 247 247 247 247 247 248 244 225 145 107 93 91 103 90 80 82 111 92 100 104 96 72 70 75 85 84 89 100 115 132 136 136 132 130 135 134 132 142 156 158 153 126 136 135 143 184 240 247 247 247 247 247 247 247 247 247 247 247 
247 247 247 247 247 247 247 247 247 247 247 247 247 247 249 242 192 112 92 88 89 97 80 74 103 98 103 107 110 95 88 84 83 90 100 110 118 120 121 125 134 157 158 155 153 162 165 161 152 133 137 139 154 214 246 248 247 247 247 247 247 247 247 247 247 247 
247 247 247 247 247 247 247 247 247 247 247 247 247 247 248 247 235 144 105 84 84 93 82 77 88 106 102 102 112 105 98 94 91 89 96 104 112 118 120 124 132 146 151 156 161 169 167 157 147 142 137 150 178 239 247 248 247 247 247 247 247 247 247 247 247 247 
247 247 247 247 247 247 247 247 247 247 247 247 247 247 247 248 248 185 130 89 82 87 84 80 78 108 100 97 108 110 104 99 94 88 89 93 99 109 113 117 123 137 147 156 165 169 163 155 147 146 142 170 206 247 247 247 247 247 247 247 247 247 247 247 247 247 
247 247 247 247 247 247 247 247 247 247 247 247 247 247 247 247 251 224 163 106 81 82 85 83 72 106 99 95 100 112 108 103 99 89 85 84 87 98 105 110 115 130 145 157 166 167 159 154 149 148 156 194 232 249 247 247 247 247 247 247 247 247 247 247 247 247 
247 247 247 247 247 247 247 247 247 247 247 247 247 247 247 247 247 251 211 155 82 80 84 84 73 93 101 101 91 108 110 108 105 96 89 85 85 90 98 106 115 133 148 159 166 163 158 157 156 148 191 226 249 247 247 247 247 247 247 247 247 247 247 247 247 247 
247 247 247 247 247 247 247 247 247 247 247 247 247 247 247 247 247 249 242 214 129 82 79 82 83 78 98 107 93 102 105 106 104 102 102 103 103 106 111 119 130 142 154 161 166 164 163 161 162 173 228 244 248 247 247 247 247 247 247 247 247 247 247 247 247 247 
247 247 247 247 247 247 247 247 247 247 247 247 247 247 247 247 247 248 248 236 187 104 84 79 86 76 90 102 105 101 104 105 104 103 106 109 112 116 122 130 139 147 155 160 162 163 165 166 172 203 240 247 247 247 247 247 247 247 247 247 247 247 247 247 247 247 
247 247 247 247 247 247 247 247 247 247 247 247 247 247 247 247 247 247 248 247 234 142 100 79 86 78 83 94 112 103 105 106 105 105 109 114 118 124 131 138 145 151 157 158 159 163 168 173 186 230 246 248 247 247 247 247 247 247 247 247 247 247 247 247 247 247 
247 247 247 247 247 247 247 247 247 247 247 247 247 247 247 247 247 247 247 248 253 210 138 85 80 83 79 86 110 110 110 110 109 110 115 119 123 128 134 139 145 155 160 158 155 165 171 187 210 249 247 247 247 247 247 247 247 247 247 247 247 247 247 247 247 247 
247 247 247 247 247 247 247 247 247 247 247 247 247 247 247 247 247 247 247 247 247 249 205 147 77 79 76 79 91 108 113 117 121 115 115 117 119 122 126 132 138 147 154 156 157 169 179 206 235 249 247 247 247 247 247 247 247 247 247 247 247 247 247 247 247 247 
247 247 247 247 247 247 247 247 247 247 247 247 247 247 247 247 247 247 247 247 247 249 233 199 129 78 72 73 79 96 102 108 114 117 118 119 120 122 124 129 136 142 149 153 156 164 192 221 244 248 247 247 247 247 247 247 247 247 247 247 247 247 247 247 247 247 
247 247 247 247 247 247 247 247 247 247 247 247 247 247 247 247 247 247 247 247 247 248 249 235 188 103 80 70 68 81 88 95 102 112 115 117 120 122 121 125 131 135 141 144 148 161 209 234 249 247 247 247 247 247 247 247 247 247 247 247 247 247 247 247 247 247 
247 247 247 247 247 247 247 247 247 247 247 247 247 247 247 247 247 247 247 247 247 247 248 249 249 168 110 71 57 64 70 78 85 96 103 110 116 121 119 120 122 125 127 125 128 166 229 246 248 247 247 247 247 247 247 247 247 247 247 247 247 247 247 247 247 247 
247 247 247 247 247 247 247 247 247 247 247 247 247 247 247 247 247 247 247 247 247 247 247 247 248 246 223 187 135 78 65 58 57 64 71 79 87 94 93 93 94 93 95 117 154 231 246 248 247 247 247 247 247 247 247 247 247 247 247 247 247 247 247 247 247 247 
247 247 247 247 247 247 247 247 247 247 247 247 247 247 247 247 247 247 247 247 247 247 247 247 247 248 242 230 210 176 157 138 119 86 73 66 67 73 73 76 83 105 140 176 212 244 247 247 247 247 247 247 247 247 247 247 247 247 247 247 247 247 247 247 247 247 
247 247 247 247 247 247 247 247 247 247 247 247 247 247 247 247 247 247 247 247 247 247 247 247 247 247 249 250 249 237 223 206 186 146 124 110 103 105 107 113 124 155 193 222 245 249 247 247 247 247 247 247 247 247 247 247 247 247 247 247 247 247 247 247 247 247 
247 247 247 247 247 247 247 247 247 247 247 247 247 247 247 247 247 247 247 247 247 247 247 247 247 247 247 247 247 250 252 253 254 245 229 215 203 197 201 210 223 245 250 250 248 247 247 247 247 247 247 247 247 247 247 247 247 247 247 247 247 247 247 247 247 247 
