247 247 247 247 247 247 247 247 247 247 247 247 247 247 247 247 247 247 247 247 247 247 247 247 247 247 247 247 247 247 247 247 247 249 249 249 249 249 234 208 208 179 160 160 144 141 140 124 124 124 124 124 121 118 118 120 120 119 107 107 103 94 94 90 87 87 83 82 82 86 86 88 95 95 95 94 94 93 93 93 102 102 103 109 109 107 105 105 110 113 113 132 134 136 149 149 154 162 162 204 227 227 248 251 251 247 247 247 247 247 247 247 247 247 247 247 247 247 247 247 247 247 247 247 247 247 247 247 247 247 247 247 247 247 247 247 247 247 
247 247 247 247 247 247 247 247 247 247 247 247 247 247 247 247 247 247 247 247 247 247 247 247 247 247 247 247 247 247 247 247 247 249 249 249 249 249 234 208 208 179 160 160 144 141 140 124 124 124 124 124 121 118 118 120 120 119 107 107 103 94 94 90 87 87 83 82 82 86 86 88 95 95 95 94 94 93 93 93 102 102 103 109 109 107 105 105 110 113 113 132 134 136 149 149 154 162 162 204 227 227 248 251 251 247 247 247 247 247 247 247 247 247 247 247 247 247 247 247 247 247 247 247 247 247 247 247 247 247 247 247 247 247 247 247 247 247 
247 247 247 247 247 247 247 247 247 247 247 247 247 247 247 247 247 247 247 247 247 247 247 247 247 247 247 247 247 247 247 247 247 248 248 247 237 237 221 195 195 172 157 157 140 137 135 120 120 121 121 121 117 114 114 115 115 115 104 104 100 90 90 88 87 87 84 83 83 85 85 87 93 93 94 94 94 95 95 95 104 105 106 110 110 107 104 104 108 110 110 125 126 129 144 144 149 158 158 192 212 212 242 246 246 247 247 247 247 247 247 247 247 247 247 247 247 247 247 247 247 247 247 247 247 247 247 247 247 247 247 247 247 247 247 247 247 247 
247 247 247 247 247 247 247 247 247 247 247 247 247 247 247 247 247 247 247 247 247 247 247 247 247 247 247 247 247 247 248 249 249 245 245 239 198 198 181 152 152 149 147 147 127 123 122 110 110 111 112 112 106 102 102 100 99 99 96 96 91 77 77 82 87 87 86 86 86 84 84 85 89 89 92 95 95 101 103 103 114 114 114 114 114 109 102 102 103 103 103 101 101 105 128 128 135 146 146 158 164 164 222 230 232 249 249 248 247 247 247 247 247 247 247 247 247 247 247 247 247 247 247 247 247 247 247 247 247 247 247 247 247 247 247 247 247 247 
247 247 247 247 247 247 247 247 247 247 247 247 247 247 247 247 247 247 247 247 247 247 247 247 247 247 247 247 247 247 248 249 249 245 245 239 198 198 181 152 152 149 147 147 127 123 122 110 110 111 112 112 106 102 102 100 99 99 96 96 91 77 77 82 87 87 86 86 86 84 84 85 89 89 92 95 95 101 103 103 114 114 114 114 114 109 102 102 103 103 103 101 101 105 128 128 135 146 146 158 164 164 222 230 232 249 249 248 247 247 247 247 247 247 247 247 247 247 247 247 247 247 247 247 247 247 247 247 247 247 247 247 247 247 247 247 247 247 
247 247 247 247 247 247 247 247 247 247 247 247 247 247 247 247 247 247 247 247 247 247 247 247 247 247 247 247 248 248 247 247 247 219 216 210 172 172 161 141 141 137 134 134 116 112 112 103 103 104 104 104 102 101 101 97 96 96 92 92 89 83 83 88 94 94 96 96 96 104 104 103 99 99 99 99 99 110 114 114 125 125 125 121 121 115 107 107 110 111 111 111 111 113 124 124 130 139 139 147 151 151 196 202 208 247 247 247 248 248 247 247 247 247 247 247 247 247 247 247 247 247 247 247 247 247 247 247 247 247 247 247 247 247 247 247 247 247 
247 247 247 247 247 247 247 247 247 247 247 247 247 247 247 247 247 247 247 247 247 247 247 247 247 247 247 248 249 249 246 245 245 191 184 179 144 144 139 130 130 125 121 121 104 101 101 96 96 96 96 96 98 100 100 94 93 93 88 88 88 89 89 96 102 102 107 108 108 126 126 122 109 109 106 103 103 120 126 126 138 138 136 128 128 121 112 112 117 120 120 122 122 122 120 120 125 132 132 136 138 138 168 172 181 245 245 246 249 249 248 247 247 247 247 247 247 247 247 247 247 247 247 247 247 247 247 247 247 247 247 247 247 247 247 247 247 247 
247 247 247 247 247 247 247 247 247 247 247 247 247 247 247 247 247 247 247 247 247 247 247 247 247 247 247 248 249 249 246 245 245 191 184 179 144 144 139 130 130 125 121 121 104 101 101 96 96 96 96 96 98 100 100 94 93 93 88 88 88 89 89 96 102 102 107 108 108 126 126 122 109 109 106 103 103 120 126 126 138 138 136 128 128 121 112 112 117 120 120 122 122 122 120 120 125 132 132 136 138 138 168 172 181 245 245 246 249 249 248 247 247 247 247 247 247 247 247 247 247 247 247 247 247 247 247 247 247 247 247 247 247 247 247 247 247 247 
247 247 247 247 247 247 247 247 247 247 247 247 247 247 247 247 247 247 247 247 247 247 247 247 247 248 248 248 247 247 217 200 200 159 154 150 122 122 114 102 102 102 103 103 98 97 98 106 106 108 111 111 119 126 126 125 125 125 125 125 127 131 131 131 131 131 133 134 134 146 146 145 143 143 143 143 143 152 156 156 161 162 162 161 161 158 155 155 161 164 164 170 171 170 162 162 162 161 161 159 157 157 158 158 162 189 189 202 226 226 240 249 249 247 247 247 247 247 247 247 247 247 247 247 247 247 247 247 247 247 247 247 247 247 247 247 247 247 
247 247 247 247 247 247 247 247 247 247 247 247 247 247 247 247 247 247 247 247 247 247 247 247 247 248 248 248 247 247 206 183 183 147 142 139 113 113 105 91 91 94 96 96 96 96 97 110 110 112 117 117 128 136 136 138 138 138 140 140 142 147 147 144 142 142 144 144 144 154 154 154 156 156 157 158 158 164 167 167 171 171 172 174 174 173 172 172 178 181 181 189 190 188 179 179 176 172 172 168 165 165 154 153 155 168 168 186 217 217 237 250 250 247 247 247 247 247 247 247 247 247 247 247 247 247 247 247 247 247 247 247 247 247 247 247 247 247 
247 247 247 247 247 247 247 247 247 247 247 247 247 247 247 247 247 247 247 247 247 247 247 247 247 248 248 248 247 247 206 183 183 147 142 139 113 113 105 91 91 94 96 96 96 96 97 110 110 112 117 117 128 136 136 138 138 138 140 140 142 147 147 144 142 142 144 144 144 154 154 154 156 156 157 158 158 164 167 167 171 171 172 174 174 173 172 172 178 181 181 189 190 188 179 179 176 172 172 168 165 165 154 153 155 168 168 186 217 217 237 250 250 247 247 247 247 247 247 247 247 247 247 247 247 247 247 247 247 247 247 247 247 247 247 247 247 247 
247 247 247 247 247 247 247 247 247 247 247 247 247 247 247 247 247 247 247 247 247 247 248 248 248 250 250 224 186 186 147 125 125 125 125 121 97 97 93 88 88 100 107 107 129 133 135 153 153 153 153 153 154 155 155 155 155 155 153 153 154 156 156 155 154 154 153 153 153 153 153 154 159 159 163 168 168 171 173 173 175 175 175 176 176 177 178 178 182 184 184 196 197 199 210 210 210 210 210 206 204 204 184 182 178 149 149 158 175 175 215 242 242 247 248 248 247 247 247 247 247 247 247 247 247 247 247 247 247 247 247 247 247 247 247 247 247 247 
247 247 247 247 247 247 247 247 247 247 247 247 247 247 247 247 247 247 247 247 247 247 248 248 248 250 250 224 184 184 145 123 123 124 124 121 96 96 93 88 88 100 108 108 131 135 137 155 155 155 155 155 156 156 156 156 156 156 154 154 155 156 156 155 155 155 153 153 153 153 153 154 159 159 164 169 169 172 173 173 175 175 175 176 176 177 178 178 182 184 184 196 197 199 211 211 211 212 212 208 206 206 186 183 179 148 148 157 173 173 214 242 242 247 248 248 247 247 247 247 247 247 247 247 247 247 247 247 247 247 247 247 247 247 247 247 247 247 
247 247 247 247 247 247 247 247 247 247 247 247 247 247 247 247 247 247 247 247 247 247 248 248 247 241 241 213 170 170 137 119 119 119 119 116 95 95 93 91 91 104 113 113 134 138 140 155 155 155 154 154 155 155 155 155 155 155 154 154 155 156 156 155 154 154 153 153 153 152 152 154 158 158 163 168 168 171 172 172 174 174 174 175 175 176 177 177 180 182 182 193 194 197 209 209 210 211 211 208 207 207 190 188 184 154 154 159 167 167 204 229 229 244 246 247 247 247 247 247 247 247 247 247 247 247 247 247 247 247 247 247 247 247 247 247 247 247 
247 247 247 247 247 247 247 247 247 247 247 247 247 247 247 247 247 247 247 247 247 247 251 251 244 205 205 170 117 117 107 102 102 101 101 100 89 89 94 103 103 121 133 133 148 151 151 155 155 154 153 153 152 152 152 153 153 153 155 155 155 155 155 154 153 153 152 152 152 151 151 152 154 154 158 163 163 167 168 168 171 171 171 172 172 172 172 172 175 176 176 183 184 186 199 199 203 209 209 211 212 212 209 209 205 178 178 165 142 142 164 179 179 231 241 242 248 248 248 247 247 247 247 247 247 247 247 247 247 247 247 247 247 247 247 247 247 247 
247 247 247 247 247 247 247 247 247 247 247 247 247 247 247 247 247 247 247 247 247 247 251 251 244 205 205 170 117 117 107 102 102 101 101 100 89 89 94 103 103 121 133 133 148 151 151 155 155 154 153 153 152 152 152 153 153 153 155 155 155 155 155 154 153 153 152 152 152 151 151 152 154 154 158 163 163 167 168 168 171 171 171 172 172 172 172 172 175 176 176 183 184 186 199 199 203 209 209 211 212 212 209 209 205 178 178 165 142 142 164 179 179 231 241 242 248 248 248 247 247 247 247 247 247 247 247 247 247 247 247 247 247 247 247 247 247 247 
247 247 247 247 247 247 247 247 247 247 247 247 247 247 247 247 247 247 247 248 248 248 244 243 232 175 175 150 113 113 104 100 100 101 101 100 90 90 97 108 108 124 135 135 146 149 149 152 152 151 151 151 151 151 151 151 151 152 154 154 154 155 155 154 153 153 153 153 153 152 152 153 155 155 159 163 163 165 166 166 169 169 169 171 171 171 171 171 174 175 175 182 183 185 194 194 199 205 205 208 210 210 210 210 207 187 187 172 146 146 157 164 164 216 226 228 249 249 248 247 247 247 247 247 247 247 247 247 247 247 247 247 247 247 247 247 247 247 
247 247 247 247 247 247 247 247 247 247 247 247 247 247 247 247 247 247 247 248 249 249 235 234 218 137 137 125 107 107 101 97 97 101 101 100 92 92 100 115 115 129 138 138 145 146 146 148 148 148 149 149 150 150 150 150 150 150 153 153 153 154 154 154 154 154 154 154 154 154 154 155 157 157 160 163 163 164 164 164 167 167 168 170 170 170 171 171 173 174 174 181 182 183 189 189 193 200 200 205 208 208 211 211 209 198 198 181 151 151 147 145 145 198 208 211 251 251 250 247 247 247 247 247 247 247 247 247 247 247 247 247 247 247 247 247 247 247 
247 247 247 247 247 247 247 247 247 247 247 247 247 247 247 247 247 247 247 248 249 249 235 234 218 137 137 125 107 107 101 97 97 101 101 100 92 92 100 115 115 129 138 138 145 146 146 148 148 148 149 149 150 150 150 150 150 150 153 153 153 154 154 154 154 154 154 154 154 154 154 155 157 157 160 163 163 164 164 164 167 167 168 170 170 170 171 171 173 174 174 181 182 183 189 189 193 200 200 205 208 208 211 211 209 198 198 181 151 151 147 145 145 198 208 211 251 251 250 247 247 247 247 247 247 247 247 247 247 247 247 247 247 247 247 247 247 247 
247 247 247 247 247 247 247 247 247 247 247 247 247 247 247 247 247 247 247 250 251 251 213 209 194 116 116 109 100 100 100 100 100 94 93 93 93 93 100 112 112 126 135 135 141 142 142 143 143 144 145 145 145 146 146 148 148 149 152 152 153 154 154 155 156 156 155 155 155 155 155 156 159 159 161 163 163 164 164 164 169 170 170 174 174 174 174 174 176 177 177 182 182 184 188 188 191 196 196 200 202 202 206 207 206 200 200 186 162 162 153 147 147 182 189 193 246 246 247 247 247 247 247 247 247 247 247 247 247 247 247 247 247 247 247 247 247 247 
247 247 247 247 247 247 247 247 247 247 247 247 247 247 247 247 247 247 247 250 252 252 202 198 183 106 106 102 97 97 100 101 101 91 90 90 93 93 99 111 111 125 134 134 139 140 140 141 141 142 143 143 144 144 144 147 148 148 152 152 153 154 154 156 157 157 155 155 155 156 156 157 160 160 161 163 163 164 165 165 171 171 172 176 176 176 176 176 178 179 179 183 183 184 188 188 190 194 194 197 199 199 204 205 205 201 201 189 167 167 156 148 148 175 180 185 244 244 245 248 248 247 247 247 247 247 247 247 247 247 247 247 247 247 247 247 247 247 
247 247 247 247 247 247 247 247 247 247 247 247 247 247 247 247 247 247 247 250 252 252 202 198 183 106 106 102 97 97 100 101 101 91 90 90 93 93 99 111 111 125 134 134 139 140 140 141 141 142 143 143 144 144 144 147 148 148 152 152 153 154 154 156 157 157 155 155 155 156 156 157 160 160 161 163 163 164 165 165 171 171 172 176 176 176 176 176 178 179 179 183 183 184 188 188 190 194 194 197 199 199 204 205 205 201 201 189 167 167 156 148 148 175 180 185 244 244 245 248 248 247 247 247 247 247 247 247 247 247 247 247 247 247 247 247 247 247 
247 247 247 247 247 247 247 247 247 247 247 247 247 247 247 247 247 247 247 249 250 250 163 156 145 91 91 93 95 95 104 109 109 101 100 99 91 91 96 104 104 118 126 126 133 134 134 134 134 134 134 134 135 136 136 140 141 141 148 148 150 156 156 157 159 159 157 157 157 156 156 157 162 162 162 163 163 165 166 166 175 175 178 186 186 185 183 183 184 184 184 189 189 190 193 193 193 193 193 194 194 194 200 200 200 201 201 189 168 168 164 162 162 166 167 171 217 217 228 250 250 248 247 247 247 247 247 247 247 247 247 247 247 247 247 247 247 247 
247 247 247 247 247 247 247 247 247 247 247 247 247 247 247 247 247 247 247 249 250 250 160 152 142 90 90 92 95 95 105 110 110 102 101 100 91 91 96 104 104 117 126 126 133 134 134 133 133 133 133 133 134 135 135 139 140 140 148 148 150 156 156 158 159 159 157 157 157 156 156 157 162 162 162 163 163 165 166 166 176 176 178 187 187 186 184 184 184 184 184 190 190 191 194 194 194 193 193 194 194 194 199 200 200 201 201 189 168 168 165 163 163 166 166 170 215 215 226 250 250 248 247 247 247 247 247 247 247 247 247 247 247 247 247 247 247 247 
247 247 247 247 247 247 247 247 247 247 247 247 247 247 247 247 247 247 247 247 247 247 153 145 136 91 91 93 95 95 103 108 108 102 101 100 91 91 96 104 104 117 125 125 131 133 133 132 132 132 132 132 133 134 134 137 138 138 145 145 147 154 154 155 157 157 156 155 155 155 155 156 161 161 162 163 163 164 165 165 175 176 178 186 186 185 183 183 183 183 183 188 188 189 192 192 192 192 192 192 193 193 198 199 199 201 201 189 169 169 166 163 163 166 166 170 210 210 222 249 249 248 247 247 247 247 247 247 247 247 247 247 247 247 247 247 247 247 
247 247 247 247 247 247 247 247 247 247 247 247 247 247 247 247 248 249 249 239 234 234 118 108 106 95 95 96 97 97 98 99 99 101 101 100 91 91 96 106 106 114 120 120 126 127 127 127 127 127 126 126 127 127 127 128 128 128 130 130 133 141 141 145 149 149 148 148 148 151 151 153 158 158 159 161 161 162 162 162 174 174 176 184 184 182 180 180 178 177 177 180 180 181 185 185 185 186 186 187 187 187 193 194 195 202 202 192 174 174 170 167 167 170 170 171 184 184 204 248 248 247 247 247 247 247 247 247 247 247 247 247 247 247 247 247 247 247 
247 247 247 247 247 247 247 247 247 247 247 247 247 247 247 247 248 249 249 239 234 234 118 108 106 95 95 96 97 97 98 99 99 101 101 100 91 91 96 106 106 114 120 120 126 127 127 127 127 127 126 126 127 127 127 128 128 128 130 130 133 141 141 145 149 149 148 148 148 151 151 153 158 158 159 161 161 162 162 162 174 174 176 184 184 182 180 180 178 177 177 180 180 181 185 185 185 186 186 187 187 187 193 194 195 202 202 192 174 174 170 167 167 170 170 171 184 184 204 248 248 247 247 247 247 247 247 247 247 247 247 247 247 247 247 247 247 247 
247 247 247 247 247 247 247 247 247 247 247 247 247 247 247 247 248 250 250 235 228 228 111 101 100 93 93 95 97 97 100 102 102 102 102 101 94 94 98 104 104 111 116 116 124 125 125 125 125 125 124 124 125 125 125 126 126 126 128 128 130 137 137 142 146 146 146 147 147 149 149 151 157 157 158 160 160 161 161 161 172 172 174 183 183 181 180 180 178 176 176 179 180 180 184 184 184 185 185 185 186 186 190 190 191 200 200 192 176 176 170 165 165 174 176 176 183 183 203 246 246 247 247 247 247 247 247 247 247 247 247 247 247 247 247 247 247 247 
247 247 247 247 247 247 247 247 247 247 247 247 247 247 247 247 249 251 251 230 220 220 100 90 90 91 91 94 98 98 103 106 106 103 103 102 98 98 99 102 102 107 111 111 120 122 122 122 122 122 121 121 122 123 123 123 123 123 124 124 126 132 132 137 142 142 144 145 145 146 146 148 155 155 157 159 159 160 161 161 170 170 172 181 181 180 179 179 177 176 176 179 179 180 183 183 183 183 183 184 184 184 185 185 187 198 198 192 180 180 170 163 163 181 184 184 181 181 201 243 243 246 248 248 247 247 247 247 247 247 247 247 247 247 247 247 247 247 
247 247 247 247 247 247 247 247 247 247 247 247 247 247 247 247 249 251 251 230 220 220 100 90 90 91 91 94 98 98 103 106 106 103 103 102 98 98 99 102 102 107 111 111 120 122 122 122 122 122 121 121 122 123 123 123 123 123 124 124 126 132 132 137 142 142 144 145 145 146 146 148 155 155 157 159 159 160 161 161 170 170 172 181 181 180 179 179 177 176 176 179 179 180 183 183 183 183 183 184 184 184 185 185 187 198 198 192 180 180 170 163 163 181 184 184 181 181 201 243 243 246 248 248 247 247 247 247 247 247 247 247 247 247 247 247 247 247 
247 247 247 247 247 247 247 247 247 247 247 247 247 247 247 247 249 252 252 223 210 210 101 92 92 91 91 96 104 104 111 115 115 103 102 101 98 98 101 105 105 110 113 113 117 117 118 121 121 122 124 124 124 126 126 129 129 130 133 133 134 139 139 143 147 147 149 149 149 151 151 153 158 158 159 160 160 161 161 161 165 165 167 176 176 176 176 176 176 176 176 178 178 179 184 184 184 185 185 185 185 185 185 185 186 194 194 190 184 184 175 169 169 178 180 179 173 173 194 237 237 243 248 248 247 247 247 247 247 247 247 247 247 247 247 247 247 247 
247 247 247 247 247 247 247 247 247 247 247 247 247 247 247 247 249 252 252 220 205 205 102 93 93 91 91 97 107 107 116 121 121 103 101 101 98 98 101 107 107 111 114 114 115 115 115 120 120 122 125 125 126 127 127 132 133 133 138 138 139 143 143 147 150 150 152 152 152 154 154 155 159 159 160 161 161 161 161 161 162 162 164 173 173 173 174 174 175 176 176 178 178 179 184 184 185 186 186 186 186 186 185 185 186 192 192 190 186 186 178 173 173 177 178 177 169 169 190 234 234 242 249 249 247 247 247 247 247 247 247 247 247 247 247 247 247 247 
247 247 247 247 247 247 247 247 247 247 247 247 247 247 247 247 249 252 252 220 205 205 102 93 93 91 91 97 107 107 116 121 121 103 101 101 98 98 101 107 107 111 114 114 115 115 115 120 120 122 125 125 126 127 127 132 133 133 138 138 139 143 143 147 150 150 152 152 152 154 154 155 159 159 160 161 161 161 161 161 162 162 164 173 173 173 174 174 175 176 176 178 178 179 184 184 185 186 186 186 186 186 185 185 186 192 192 190 186 186 178 173 173 177 178 177 169 169 190 234 234 242 249 249 247 247 247 247 247 247 247 247 247 247 247 247 247 247 
247 247 247 247 247 247 247 247 247 247 247 247 247 247 247 247 249 253 253 208 186 186 98 90 91 93 93 104 120 120 123 125 125 108 106 106 101 101 106 115 115 118 120 120 117 116 116 117 117 119 124 124 130 134 134 139 140 140 146 146 147 149 149 152 154 154 156 157 157 159 159 161 165 165 165 164 164 164 164 164 162 162 163 169 169 171 174 174 176 178 178 181 181 182 188 188 189 191 191 188 187 187 183 183 184 189 189 191 194 194 186 181 181 175 174 174 171 171 187 221 221 237 250 250 247 247 247 247 247 247 247 247 247 247 247 247 247 247 
247 247 247 247 247 247 247 247 247 247 247 247 247 247 247 247 250 253 253 206 184 184 98 90 91 94 94 105 122 122 125 126 126 109 107 106 102 102 107 116 116 119 121 121 117 116 116 117 117 119 124 124 130 135 135 140 141 141 147 147 148 150 150 153 155 155 157 158 158 160 160 161 166 166 166 165 165 165 165 165 162 162 163 168 168 171 174 174 177 178 178 182 182 183 189 189 190 192 192 189 187 187 183 183 184 189 189 191 195 195 187 182 182 175 174 174 171 171 186 219 219 236 250 250 248 247 247 247 247 247 247 247 247 247 247 247 247 247 
247 247 247 247 247 247 247 247 247 247 247 247 247 247 247 247 249 253 253 205 183 183 98 91 92 94 94 105 121 121 123 125 125 109 107 106 102 102 107 116 116 119 121 121 118 117 117 117 117 119 124 124 130 135 135 140 141 141 147 147 148 150 150 152 154 154 157 158 158 160 160 161 166 166 165 165 165 165 165 165 162 162 163 168 168 170 174 174 176 178 178 181 182 183 189 189 190 191 191 188 187 187 184 183 184 189 189 191 195 195 188 183 183 176 175 175 172 172 186 217 217 235 250 250 247 247 247 247 247 247 247 247 247 247 247 247 247 247 
247 247 247 247 247 247 247 247 247 247 247 247 247 247 247 247 249 252 252 201 177 177 105 99 99 97 97 104 115 115 116 116 116 108 107 107 106 106 111 120 120 123 125 125 123 123 123 119 119 120 123 123 130 135 135 141 142 142 146 146 147 149 149 150 150 150 155 156 156 160 160 161 165 165 166 167 167 167 167 167 161 161 162 165 165 170 177 177 176 176 176 180 180 181 186 186 186 187 187 187 187 187 187 187 187 186 186 188 192 192 193 194 194 187 186 185 178 178 187 206 206 231 250 250 248 247 247 247 247 247 247 247 247 247 247 247 247 247 
247 247 247 247 247 247 247 247 247 247 247 247 247 247 247 247 249 252 252 201 177 177 105 99 99 97 97 104 115 115 116 116 116 108 107 107 106 106 111 120 120 123 125 125 123 123 123 119 119 120 123 123 130 135 135 141 142 142 146 146 147 149 149 150 150 150 155 156 156 160 160 161 165 165 166 167 167 167 167 167 161 161 162 165 165 170 177 177 176 176 176 180 180 181 186 186 186 187 187 187 187 187 187 187 187 186 186 188 192 192 193 194 194 187 186 185 178 178 187 206 206 231 250 250 248 247 247 247 247 247 247 247 247 247 247 247 247 247 
247 247 247 247 247 247 247 247 247 247 247 247 247 247 247 247 249 252 252 196 170 170 107 101 100 97 97 102 111 111 110 110 110 107 106 106 108 108 112 119 119 121 122 122 121 121 121 121 121 123 126 126 131 135 135 139 140 140 143 143 143 144 144 144 145 145 149 150 150 155 155 156 159 159 161 162 162 164 165 165 158 158 159 161 161 166 174 174 172 172 172 175 175 176 181 181 182 183 183 185 186 186 189 190 190 190 190 191 193 193 194 195 195 190 189 188 179 179 188 207 207 231 250 250 247 247 247 247 247 247 247 247 247 247 247 247 247 247 
247 247 247 247 247 247 247 247 247 247 247 247 247 247 247 247 249 251 251 187 157 157 109 105 104 98 98 100 103 103 101 100 100 104 105 106 112 112 114 118 118 117 117 117 118 118 119 126 126 128 131 131 133 135 135 137 138 138 139 139 138 136 136 135 135 135 140 141 141 147 147 148 150 150 152 154 154 160 162 162 153 153 153 154 154 160 168 168 166 165 165 166 166 167 172 172 174 177 177 183 186 186 194 195 195 198 198 197 195 195 196 197 197 195 195 194 181 181 190 210 210 232 250 250 248 247 247 247 247 247 247 247 247 247 247 247 247 247 
247 247 247 247 247 247 247 247 247 247 247 247 247 247 247 247 249 251 251 187 157 157 109 105 104 98 98 100 103 103 101 100 100 104 105 106 112 112 114 118 118 117 117 117 118 118 119 126 126 128 131 131 133 135 135 137 138 138 139 139 138 136 136 135 135 135 140 141 141 147 147 148 150 150 152 154 154 160 162 162 153 153 153 154 154 160 168 168 166 165 165 166 166 167 172 172 174 177 177 183 186 186 194 195 195 198 198 197 195 195 196 197 197 195 195 194 181 181 190 210 210 232 250 250 248 247 247 247 247 247 247 247 247 247 247 247 247 247 
247 247 247 247 247 247 247 247 247 247 247 247 247 247 248 248 248 249 249 179 146 146 99 95 94 88 88 91 96 96 94 94 94 104 105 107 114 114 115 118 118 118 118 118 121 121 122 131 131 133 135 135 136 137 137 134 134 133 126 126 124 120 120 121 121 121 124 125 125 133 133 134 138 138 140 141 141 149 152 152 145 144 144 144 144 148 153 153 144 140 140 134 133 134 134 134 138 145 145 152 156 156 169 171 173 191 191 194 200 200 198 197 197 195 195 194 178 178 188 208 208 231 250 250 248 247 247 247 247 247 247 247 247 247 247 247 247 247 
247 247 247 247 247 247 247 247 247 247 247 247 247 247 248 248 248 248 248 174 139 139 92 88 87 82 82 86 91 91 90 90 90 104 106 107 115 115 116 119 119 118 118 118 123 124 125 135 135 136 138 138 138 138 138 132 131 130 118 118 116 110 110 111 112 112 114 115 115 123 123 125 130 130 131 133 133 142 146 146 139 139 139 137 137 140 143 143 130 124 124 113 112 112 109 109 115 123 123 132 137 137 153 155 159 187 187 193 203 203 199 197 197 195 195 193 176 176 186 207 207 231 250 250 248 247 247 247 247 247 247 247 247 247 247 247 247 247 
247 247 247 247 247 247 247 247 247 247 247 247 247 247 248 248 248 248 248 174 139 139 92 88 87 82 82 86 91 91 90 90 90 104 106 107 115 115 116 119 119 118 118 118 123 124 125 135 135 136 138 138 138 138 138 132 131 130 118 118 116 110 110 111 112 112 114 115 115 123 123 125 130 130 131 133 133 142 146 146 139 139 139 137 137 140 143 143 130 124 124 113 112 112 109 109 115 123 123 132 137 137 153 155 159 187 187 193 203 203 199 197 197 195 195 193 176 176 186 207 207 231 250 250 248 247 247 247 247 247 247 247 247 247 247 247 247 247 
247 247 247 247 247 247 247 247 247 247 247 247 247 247 248 248 247 245 245 166 128 128 79 75 75 74 74 79 86 86 92 96 96 110 112 113 119 119 120 121 121 122 122 122 132 134 134 132 132 126 111 111 103 96 96 83 80 80 70 70 69 66 66 66 66 66 72 75 75 91 91 94 106 106 111 116 116 133 139 139 134 134 132 126 126 118 108 108 87 77 77 53 51 50 45 45 49 54 54 66 73 73 88 90 95 130 130 152 192 192 198 202 202 202 201 199 176 176 185 204 204 230 250 250 247 247 247 247 247 247 247 247 247 247 247 247 247 247 
247 247 247 247 247 247 247 247 247 247 247 247 247 247 248 248 247 245 245 164 126 126 77 73 73 73 73 78 85 85 93 97 97 111 113 114 120 120 121 122 122 123 123 123 134 136 136 132 132 124 106 106 96 88 88 74 71 71 61 61 60 58 58 57 57 57 65 67 67 85 85 89 101 101 107 113 113 131 138 138 133 133 131 124 124 114 101 101 79 68 68 42 40 39 33 33 36 41 41 54 61 61 76 78 83 119 119 145 190 190 198 203 203 203 203 201 176 176 185 204 204 230 250 250 248 247 247 247 247 247 247 247 247 247 247 247 247 247 
247 247 247 247 247 247 247 247 247 247 247 247 247 247 248 248 246 245 245 164 125 125 76 72 72 73 73 78 85 85 93 98 98 111 113 114 120 120 121 122 122 123 123 123 133 134 134 128 128 119 101 101 91 84 84 71 68 68 59 59 58 56 56 55 55 55 62 65 65 82 82 86 98 98 105 112 112 131 138 138 134 134 132 124 124 113 99 99 78 68 68 44 42 41 36 36 39 44 44 57 64 64 78 80 85 117 117 141 186 186 196 203 203 203 203 201 176 176 185 204 204 230 250 250 248 247 247 247 247 247 247 247 247 247 247 247 247 247 
247 247 247 247 247 247 247 247 247 247 247 247 247 247 248 248 246 244 244 160 121 121 68 63 65 74 74 78 85 85 99 107 107 117 118 118 122 122 122 123 123 124 124 124 119 118 115 80 80 69 46 46 40 36 36 35 35 35 35 35 34 32 32 33 33 33 39 41 41 51 51 55 69 69 85 102 102 126 135 135 145 145 140 119 119 100 76 76 71 69 69 65 65 66 69 69 75 83 83 94 100 100 106 107 105 94 94 109 135 135 175 201 201 209 211 208 176 176 184 200 200 228 250 250 248 247 247 247 247 247 247 247 247 247 247 247 247 247 
247 247 247 247 247 247 247 247 247 247 247 247 247 247 248 248 246 244 244 160 121 121 68 63 65 74 74 78 85 85 99 107 107 117 118 118 122 122 122 123 123 124 124 124 119 118 115 80 80 69 46 46 40 36 36 35 35 35 35 35 34 32 32 33 33 33 39 41 41 51 51 55 69 69 85 102 102 126 135 135 145 145 140 119 119 100 76 76 71 69 69 65 65 66 69 69 75 83 83 94 100 100 106 107 105 94 94 109 135 135 175 201 201 209 211 208 176 176 184 200 200 228 250 250 248 247 247 247 247 247 247 247 247 247 247 247 247 247 
247 247 247 247 247 247 247 247 247 247 247 247 247 247 249 249 247 245 245 161 122 122 71 66 67 73 73 77 83 83 99 108 108 118 120 120 122 122 122 122 122 122 122 122 106 103 100 68 68 62 49 49 48 47 47 49 50 50 51 51 49 43 43 43 43 43 49 51 51 54 54 58 68 68 84 102 102 128 138 138 150 150 145 121 121 103 79 79 75 73 73 63 62 62 61 61 66 72 72 83 89 89 99 101 101 101 101 113 134 134 169 193 193 209 212 209 175 175 183 199 199 228 250 250 248 248 248 247 247 247 247 247 247 247 247 247 247 247 
247 247 247 247 247 247 247 247 247 247 247 247 247 248 252 252 250 247 247 163 124 124 77 73 73 71 71 74 78 78 98 110 110 122 124 124 124 124 123 121 121 119 118 118 79 71 69 44 44 48 57 57 65 71 71 80 82 82 86 86 81 68 68 66 64 64 71 73 73 62 62 63 68 68 84 101 101 133 145 145 161 162 155 127 127 109 87 87 83 81 81 59 57 55 46 46 48 50 50 60 66 66 84 87 91 118 118 123 131 131 159 177 177 209 215 212 175 175 182 198 198 228 251 251 249 249 249 247 247 247 247 247 247 247 247 247 247 247 
247 247 247 247 247 247 247 247 247 247 247 247 247 248 252 252 250 247 247 163 124 124 77 73 73 71 71 74 78 78 98 110 110 122 124 124 124 124 123 121 121 119 118 118 79 71 69 44 44 48 57 57 65 71 71 80 82 82 86 86 81 68 68 66 64 64 71 73 73 62 62 63 68 68 84 101 101 133 145 145 161 162 155 127 127 109 87 87 83 81 81 59 57 55 46 46 48 50 50 60 66 66 84 87 91 118 118 123 131 131 159 177 177 209 215 212 175 175 182 198 198 228 251 251 249 249 249 247 247 247 247 247 247 247 247 247 247 247 
247 247 247 247 247 247 247 247 247 247 247 247 247 245 235 235 232 229 229 160 127 127 82 78 76 69 69 73 79 79 102 114 114 126 127 127 125 125 124 122 122 110 102 102 73 67 66 57 57 57 57 57 54 52 52 50 49 50 56 56 57 61 61 57 54 54 62 64 64 57 57 60 68 68 87 107 107 138 151 151 167 168 160 132 132 111 84 84 75 71 71 58 57 56 49 49 50 51 51 63 69 69 72 73 74 83 83 98 124 124 152 170 170 206 213 210 174 174 175 178 178 204 224 224 238 242 242 247 247 247 247 247 247 247 247 247 247 247 
247 247 247 247 247 247 247 247 247 247 247 247 247 242 222 222 219 215 215 157 130 130 86 82 80 68 68 73 80 80 104 118 118 129 130 129 125 125 125 124 124 104 90 90 68 64 64 68 68 64 57 57 46 37 37 27 24 24 33 33 39 55 55 51 47 47 55 58 58 54 54 57 68 68 89 112 112 143 155 155 171 172 165 136 136 112 81 81 69 63 63 58 58 57 51 51 52 53 53 65 72 72 63 62 61 56 56 78 118 118 146 165 165 204 212 209 174 174 170 163 163 185 203 203 229 236 236 248 248 248 247 247 247 247 247 247 247 247 
247 247 247 247 247 247 247 247 247 247 247 247 247 242 222 222 219 215 215 157 130 130 86 82 80 68 68 73 80 80 104 118 118 129 130 129 125 125 125 124 124 104 90 90 68 64 64 68 68 64 57 57 46 37 37 27 24 24 33 33 39 55 55 51 47 47 55 58 58 54 54 57 68 68 89 112 112 143 155 155 171 172 165 136 136 112 81 81 69 63 63 58 58 57 51 51 52 53 53 65 72 72 63 62 61 56 56 78 118 118 146 165 165 204 212 209 174 174 170 163 163 185 203 203 229 236 236 248 248 248 247 247 247 247 247 247 247 247 
247 247 247 247 247 247 247 247 250 251 251 219 217 198 120 120 125 130 130 106 96 96 76 74 73 67 67 75 88 88 112 125 125 126 126 126 125 125 124 122 122 104 92 92 76 74 71 45 45 43 38 38 44 48 48 51 52 52 66 66 74 94 94 87 81 81 67 63 63 57 57 60 69 69 91 116 116 140 149 149 166 167 162 142 142 126 105 105 93 87 87 76 75 76 80 80 89 102 102 117 125 125 130 131 128 105 105 101 93 93 124 144 144 200 211 209 183 183 173 152 152 151 150 150 199 211 213 251 251 250 247 247 247 247 247 247 247 247 
247 247 247 247 247 247 247 247 251 252 252 212 210 187 95 95 101 109 109 94 87 87 73 72 71 67 67 76 90 90 114 127 127 125 125 125 125 125 124 121 121 104 93 93 79 76 73 40 40 38 34 34 44 51 51 57 59 60 75 75 83 104 104 97 90 90 70 64 64 58 58 61 69 69 92 117 117 139 148 148 165 166 162 144 144 129 111 111 99 93 93 80 79 80 88 88 99 115 115 130 138 138 147 148 144 118 118 107 87 87 118 139 139 199 211 209 185 185 174 150 150 143 137 137 191 205 207 252 252 251 247 247 247 247 247 247 247 247 
247 247 247 247 247 247 247 247 251 252 252 210 209 186 94 94 100 108 108 94 87 87 74 72 72 67 67 76 90 90 114 127 127 125 125 125 124 124 123 120 120 103 92 92 78 75 72 40 40 39 36 36 45 52 52 59 60 61 76 76 83 103 103 96 89 89 70 64 64 59 59 61 70 70 93 117 117 139 148 148 165 166 162 144 144 130 112 112 100 94 94 81 80 81 88 88 99 114 114 129 137 137 146 147 144 119 119 108 89 89 119 139 139 199 210 208 186 186 174 151 151 143 137 137 191 205 207 252 252 251 247 247 247 247 247 247 247 247 
247 247 247 247 247 247 247 247 251 253 253 182 179 159 77 77 86 98 98 97 97 97 85 84 82 69 69 83 103 103 119 128 128 120 119 119 118 118 111 99 99 83 73 73 55 51 51 54 54 61 76 76 84 91 91 93 93 93 94 94 92 88 88 81 75 75 77 78 78 80 80 83 92 92 108 125 125 137 142 142 162 163 162 160 160 151 139 139 134 131 131 114 113 111 99 99 98 97 97 103 107 107 123 125 126 136 136 136 135 135 140 144 144 189 197 197 202 202 193 174 174 151 133 133 187 201 203 252 252 251 247 247 247 247 247 247 247 247 
247 247 247 247 247 247 247 247 251 253 253 182 179 159 77 77 86 98 98 97 97 97 85 84 82 69 69 83 103 103 119 128 128 120 119 119 118 118 111 99 99 83 73 73 55 51 51 54 54 61 76 76 84 91 91 93 93 93 94 94 92 88 88 81 75 75 77 78 78 80 80 83 92 92 108 125 125 137 142 142 162 163 162 160 160 151 139 139 134 131 131 114 113 111 99 99 98 97 97 103 107 107 123 125 126 136 136 136 135 135 140 144 144 189 197 197 202 202 193 174 174 151 133 133 187 201 203 252 252 251 247 247 247 247 247 247 247 247 
247 247 247 247 247 247 247 247 251 253 253 182 179 160 82 82 91 102 102 100 99 99 92 92 89 72 72 84 101 101 118 127 127 120 119 119 116 116 110 98 98 85 75 75 63 60 61 63 63 67 77 77 83 87 87 88 89 89 93 93 92 92 92 89 86 86 88 89 89 87 87 89 98 98 112 127 127 139 143 143 161 162 162 163 163 155 145 145 141 139 139 126 125 123 113 113 112 109 109 114 116 116 127 129 130 140 140 142 144 144 149 152 152 188 195 196 203 203 194 176 176 153 135 135 186 199 201 252 252 250 247 247 247 247 247 247 247 247 
247 247 247 247 247 247 247 247 251 253 253 183 180 163 95 95 103 114 114 107 103 103 111 112 107 81 81 87 97 97 116 126 126 122 121 120 113 113 107 96 96 88 82 82 85 85 85 86 86 84 81 81 78 76 76 78 79 79 91 91 94 101 101 107 113 113 116 117 117 104 104 106 113 113 123 134 134 143 146 146 159 160 162 172 172 168 162 162 160 159 159 157 157 156 150 150 147 142 142 141 140 140 139 139 140 151 151 157 169 169 171 173 173 188 191 192 206 206 198 182 182 160 142 142 184 195 197 252 252 251 247 247 247 247 247 247 247 247 
247 247 247 247 247 247 247 247 251 253 253 183 180 163 95 95 103 114 114 107 103 103 111 112 107 81 81 87 97 97 116 126 126 122 121 120 113 113 107 96 96 88 82 82 85 85 85 86 86 84 81 81 78 76 76 78 79 79 91 91 94 101 101 107 113 113 116 117 117 104 104 106 113 113 123 134 134 143 146 146 159 160 162 172 172 168 162 162 160 159 159 157 157 156 150 150 147 142 142 141 140 140 139 139 140 151 151 157 169 169 171 173 173 188 191 192 206 206 198 182 182 160 142 142 184 195 197 252 252 251 247 247 247 247 247 247 247 247 
247 247 247 247 247 247 247 247 251 253 253 179 176 161 99 99 107 118 118 115 113 113 111 111 108 88 88 93 100 100 116 126 126 121 120 120 115 115 112 106 106 103 101 101 105 106 106 104 104 103 101 101 100 100 100 105 106 106 111 111 112 115 115 118 121 121 117 116 116 110 110 112 121 121 129 137 137 146 150 150 161 162 164 176 176 172 168 168 164 162 162 161 161 160 155 155 153 151 151 151 151 151 149 148 149 156 156 164 177 177 182 185 185 190 191 192 202 202 196 183 183 163 147 147 182 191 193 252 252 251 247 247 247 247 247 247 247 247 
247 247 247 247 247 247 247 247 251 253 253 176 173 159 102 102 111 123 123 122 122 122 112 111 108 95 95 98 102 102 117 126 126 121 120 120 117 117 116 115 115 117 118 118 124 125 125 120 120 120 120 120 121 122 122 129 131 131 130 130 130 129 129 129 129 129 119 116 116 115 115 118 128 128 134 140 140 150 154 154 163 163 166 180 180 177 174 174 168 165 165 165 165 164 160 160 160 160 160 161 162 162 158 157 158 162 162 170 184 184 191 196 196 192 191 192 199 199 194 184 184 166 151 151 180 187 190 252 252 251 247 247 247 247 247 247 247 247 
247 247 247 247 247 247 247 247 251 253 253 176 173 159 102 102 111 123 123 122 122 122 112 111 108 95 95 98 102 102 117 126 126 121 120 120 117 117 116 115 115 117 118 118 124 125 125 120 120 120 120 120 121 122 122 129 131 131 130 130 130 129 129 129 129 129 119 116 116 115 115 118 128 128 134 140 140 150 154 154 163 163 166 180 180 177 174 174 168 165 165 165 165 164 160 160 160 160 160 161 162 162 158 157 158 162 162 170 184 184 191 196 196 192 191 192 199 199 194 184 184 166 151 151 180 187 190 252 252 251 247 247 247 247 247 247 247 247 
247 247 247 247 247 247 247 247 251 253 253 187 184 169 109 109 115 123 123 114 110 110 84 82 86 106 106 112 121 121 122 122 122 120 119 119 121 121 121 119 119 128 133 133 141 142 142 139 139 139 140 140 140 139 139 141 141 140 131 131 131 130 130 129 128 128 118 114 114 111 111 114 124 124 133 144 144 152 155 155 160 161 164 177 177 177 177 177 159 151 151 139 138 140 154 154 159 167 167 169 169 169 168 167 168 170 170 175 183 183 193 200 200 201 202 200 182 182 177 167 167 165 162 162 193 201 203 251 251 250 247 247 247 247 247 247 247 247 
247 247 247 247 247 247 247 247 251 253 253 191 188 173 111 111 116 123 123 111 106 106 76 73 79 110 110 117 127 127 123 121 121 119 119 119 123 123 122 121 121 131 138 138 146 148 148 145 145 146 147 147 146 145 145 144 144 144 132 132 131 130 130 129 128 128 117 114 114 110 110 113 123 123 134 145 145 152 155 155 160 160 163 176 176 177 178 178 157 147 147 130 129 133 152 152 159 170 170 171 172 172 171 171 171 173 173 177 183 183 194 201 201 204 205 203 177 177 172 162 162 164 166 166 198 206 208 251 251 250 247 247 247 247 247 247 247 247 
247 247 247 247 247 247 247 247 251 253 253 191 188 173 111 111 116 123 123 111 106 106 76 73 79 110 110 117 127 127 123 121 121 119 119 119 123 123 122 121 121 131 138 138 146 148 148 145 145 146 147 147 146 145 145 144 144 144 132 132 131 130 130 129 128 128 117 114 114 110 110 113 123 123 134 145 145 152 155 155 160 160 163 176 176 177 178 178 157 147 147 130 129 133 152 152 159 170 170 171 172 172 171 171 171 173 173 177 183 183 194 201 201 204 205 203 177 177 172 162 162 164 166 166 198 206 208 251 251 250 247 247 247 247 247 247 247 247 
247 247 247 247 247 247 247 247 249 250 250 232 231 211 130 130 119 105 105 91 84 84 60 58 67 114 114 121 132 132 122 116 116 122 123 123 124 124 126 130 130 140 146 146 148 148 148 145 145 146 148 148 150 151 151 146 145 145 138 138 137 133 133 117 102 102 97 96 96 113 113 116 127 127 136 146 146 151 153 153 155 155 158 169 169 177 188 188 172 165 165 142 140 134 100 100 108 119 119 143 157 157 170 172 173 182 182 184 188 188 191 193 193 209 212 210 185 185 175 153 153 170 184 184 226 236 237 249 249 248 247 247 247 247 247 247 247 247 
247 247 247 247 247 247 247 247 249 250 250 232 231 211 130 130 119 105 105 91 84 84 60 58 67 114 114 121 132 132 122 116 116 122 123 123 124 124 126 130 130 140 146 146 148 148 148 145 145 146 148 148 150 151 151 146 145 145 138 138 137 133 133 117 102 102 97 96 96 113 113 116 127 127 136 146 146 151 153 153 155 155 158 169 169 177 188 188 172 165 165 142 140 134 100 100 108 119 119 143 157 157 170 172 173 182 182 184 188 188 191 193 193 209 212 210 185 185 175 153 153 170 184 184 226 236 237 249 249 248 247 247 247 247 247 247 247 247 
247 247 247 247 247 247 247 247 249 249 249 236 235 215 137 137 122 103 103 90 84 84 66 65 73 116 116 122 132 132 122 116 116 120 121 121 123 123 125 130 130 138 143 143 144 144 145 143 143 144 147 147 148 149 149 144 143 143 135 135 132 123 123 110 98 98 104 106 106 120 120 122 128 128 136 144 144 150 152 152 154 155 158 170 170 177 187 187 175 169 169 154 152 146 111 111 109 107 107 129 142 142 162 165 167 179 179 181 186 186 188 190 190 207 210 208 185 185 174 150 150 170 186 186 228 239 239 248 248 248 247 247 247 247 247 247 247 247 
247 247 247 247 247 247 247 247 247 247 247 249 249 231 159 159 131 96 96 87 83 83 86 86 92 123 123 126 131 131 121 115 115 115 115 116 120 120 124 130 130 134 136 136 134 134 134 138 138 140 144 144 145 145 145 139 138 138 127 127 117 92 92 89 86 86 125 137 137 142 142 140 134 134 135 137 137 146 150 150 154 154 158 173 173 177 183 183 184 184 184 191 192 185 146 146 115 69 69 86 96 96 137 143 146 170 170 173 179 179 180 181 181 200 204 203 186 186 172 142 142 171 194 194 237 248 248 247 247 247 247 247 247 247 247 247 247 247 
247 247 247 247 247 247 247 247 247 247 247 249 249 231 159 159 131 96 96 87 83 83 86 86 92 123 123 126 131 131 121 115 115 115 115 116 120 120 124 130 130 134 136 136 134 134 134 138 138 140 144 144 145 145 145 139 138 138 127 127 117 92 92 89 86 86 125 137 137 142 142 140 134 134 135 137 137 146 150 150 154 154 158 173 173 177 183 183 184 184 184 191 192 185 146 146 115 69 69 86 96 96 137 143 146 170 170 173 179 179 180 181 181 200 204 203 186 186 172 142 142 171 194 194 237 248 248 247 247 247 247 247 247 247 247 247 247 247 
247 247 247 247 247 247 247 247 247 247 247 251 251 234 168 168 136 95 95 89 86 86 95 96 101 126 126 128 131 131 123 118 118 114 114 114 117 117 120 125 125 126 126 126 125 125 125 128 128 130 133 133 134 134 134 129 128 128 109 109 101 80 80 87 93 93 121 129 129 131 131 128 120 120 119 117 117 130 135 135 143 143 146 158 158 160 161 161 159 157 157 163 163 160 146 146 123 88 88 82 79 79 114 119 123 150 150 155 164 164 168 172 172 193 197 196 188 188 174 144 144 173 196 196 238 249 249 247 247 247 247 247 247 247 247 247 247 247 
247 247 247 247 247 247 247 247 247 247 247 253 253 238 179 179 142 94 94 91 90 90 106 107 111 130 130 130 131 131 125 121 121 114 113 113 115 115 116 119 119 117 116 116 115 115 115 117 117 119 122 122 122 122 122 119 118 117 89 89 83 67 67 85 102 102 116 121 121 119 119 116 106 106 101 96 96 112 118 118 131 132 134 142 142 140 138 138 132 129 129 132 132 134 146 146 131 109 109 78 60 60 89 93 97 129 129 135 147 147 156 162 162 186 190 190 191 191 177 147 147 176 198 198 240 250 250 247 247 247 247 247 247 247 247 247 247 247 
247 247 247 247 247 247 247 247 247 247 247 253 253 238 179 179 142 94 94 91 90 90 106 107 111 130 130 130 131 131 125 121 121 114 113 113 115 115 116 119 119 117 116 116 115 115 115 117 117 119 122 122 122 122 122 119 118 117 89 89 83 67 67 85 102 102 116 121 121 119 119 116 106 106 101 96 96 112 118 118 131 132 134 142 142 140 138 138 132 129 129 132 132 134 146 146 131 109 109 78 60 60 89 93 97 129 129 135 147 147 156 162 162 186 190 190 191 191 177 147 147 176 198 198 240 250 250 247 247 247 247 247 247 247 247 247 247 247 
247 247 247 247 247 247 247 247 247 247 247 252 252 241 195 195 155 103 103 99 97 97 109 110 112 127 127 128 131 131 125 122 122 117 116 116 115 115 113 109 109 104 100 100 102 102 102 105 105 106 109 109 108 108 108 97 95 94 67 67 68 73 73 80 85 85 79 77 77 71 71 69 64 64 65 66 66 83 90 90 108 109 111 122 122 119 116 116 108 104 104 123 125 128 145 145 140 133 133 97 77 77 67 66 70 103 103 113 132 132 143 151 151 175 179 180 188 188 180 161 161 186 205 205 241 250 250 247 247 247 247 247 247 247 247 247 247 247 
247 247 247 247 247 247 247 247 247 247 247 252 252 242 202 202 160 107 107 102 100 100 110 111 113 126 126 128 131 131 126 123 123 119 118 118 115 115 111 105 105 98 94 94 97 97 97 100 100 101 104 104 103 103 103 89 86 85 58 58 63 76 76 78 79 79 65 60 60 52 52 51 48 48 51 54 54 72 79 79 99 100 103 115 115 111 107 107 99 95 95 120 122 126 145 145 144 142 142 104 83 83 58 55 60 93 93 105 126 126 139 147 147 171 175 176 187 187 181 167 167 190 208 208 242 250 250 247 247 247 247 247 247 247 247 247 247 247 
247 247 247 247 247 247 247 247 247 247 247 252 252 242 202 202 160 107 107 102 100 100 110 111 113 126 126 128 131 131 126 123 123 119 118 118 115 115 111 105 105 98 94 94 97 97 97 100 100 101 104 104 103 103 103 89 86 85 58 58 63 76 76 78 79 79 65 60 60 52 52 51 48 48 51 54 54 72 79 79 99 100 103 115 115 111 107 107 99 95 95 120 122 126 145 145 144 142 142 104 83 83 58 55 60 93 93 105 126 126 139 147 147 171 175 176 187 187 181 167 167 190 208 208 242 250 250 247 247 247 247 247 247 247 247 247 247 247 
247 247 247 247 247 247 247 247 247 247 247 249 249 245 231 231 184 124 124 117 113 113 114 114 114 115 115 120 127 127 125 124 124 120 120 119 110 110 102 88 88 85 82 82 84 84 84 86 86 86 87 87 82 79 79 58 53 54 64 64 68 80 80 79 79 79 66 62 62 50 50 49 45 45 43 40 40 52 57 57 77 78 83 104 104 116 131 131 139 143 143 145 145 145 147 147 147 147 147 131 122 122 71 64 64 58 58 73 100 100 121 134 134 156 161 162 180 180 183 189 189 209 225 225 244 249 249 247 247 247 247 247 247 247 247 247 247 247 
247 247 247 247 247 247 247 247 247 247 247 249 249 246 232 232 185 125 125 118 114 114 114 114 114 115 115 120 127 127 125 124 124 120 120 119 110 110 102 88 88 84 82 82 84 84 84 85 85 85 86 86 82 78 78 57 52 52 64 64 68 80 80 79 79 79 66 62 62 50 50 49 45 45 43 40 40 52 56 56 76 77 82 104 104 116 132 132 141 145 145 146 146 146 147 147 147 147 147 132 124 124 72 65 64 57 57 72 99 99 120 134 134 156 160 162 180 180 183 190 190 210 226 226 244 249 249 247 247 247 247 247 247 247 247 247 247 247 
247 247 247 247 247 247 247 247 247 247 247 248 248 246 236 236 192 137 137 124 118 118 118 118 118 116 116 121 129 129 125 123 123 121 120 119 110 110 101 86 86 83 80 80 82 82 82 82 82 82 83 83 77 73 73 57 53 54 67 67 71 81 81 81 80 80 70 67 67 56 56 55 52 52 50 49 49 60 65 65 82 83 87 106 106 118 133 133 141 146 146 146 147 147 147 147 147 146 146 134 127 127 80 74 72 58 58 71 94 94 118 133 133 154 158 160 179 179 183 192 192 213 229 229 245 249 249 247 247 247 247 247 247 247 247 247 247 247 
247 247 247 247 247 247 247 247 247 247 247 247 247 248 251 251 223 188 188 152 135 135 134 134 132 121 121 127 136 136 127 122 122 122 122 121 110 110 100 81 81 76 73 73 76 76 76 71 71 70 69 69 60 53 53 58 59 60 78 78 80 85 85 86 87 87 85 85 85 81 81 81 80 80 82 84 84 95 99 99 106 106 107 113 113 123 136 136 145 149 149 149 149 149 147 147 145 142 142 139 138 138 113 110 104 60 60 65 75 75 109 132 132 150 153 155 175 175 183 201 201 225 243 243 247 248 248 247 247 247 247 247 247 247 247 247 247 247 
247 247 247 247 247 247 247 247 247 247 247 247 247 248 251 251 223 188 188 152 135 135 134 134 132 121 121 127 136 136 127 122 122 122 122 121 110 110 100 81 81 76 73 73 76 76 76 71 71 70 69 69 60 53 53 58 59 60 78 78 80 85 85 86 87 87 85 85 85 81 81 81 80 80 82 84 84 95 99 99 106 106 107 113 113 123 136 136 145 149 149 149 149 149 147 147 145 142 142 139 138 138 113 110 104 60 60 65 75 75 109 132 132 150 153 155 175 175 183 201 201 225 243 243 247 248 248 247 247 247 247 247 247 247 247 247 247 247 
247 247 247 247 247 247 247 247 247 247 247 247 247 248 250 250 232 209 209 161 139 139 127 126 130 153 153 153 154 154 132 120 120 122 123 121 109 109 100 83 83 76 72 72 75 75 75 71 71 69 66 66 61 57 57 62 64 64 79 79 81 87 87 89 90 90 91 91 91 89 89 89 91 91 92 95 95 105 109 109 114 114 115 120 120 128 138 138 143 146 146 144 144 144 143 143 142 141 141 139 138 138 121 118 113 74 74 75 78 78 110 131 131 151 155 156 169 169 176 190 190 219 242 242 247 248 248 247 247 247 247 247 247 247 247 247 247 247 
247 247 247 247 247 247 247 247 247 247 247 247 247 247 249 249 243 236 236 173 144 144 117 115 127 193 193 187 178 178 139 117 117 123 124 122 109 109 101 86 86 76 70 70 74 75 75 70 70 67 62 62 62 62 62 68 70 70 80 80 83 89 89 92 95 95 98 99 99 100 100 101 104 104 106 108 108 118 122 122 125 125 126 130 130 134 140 140 141 142 142 138 138 138 139 139 139 139 139 139 139 139 130 129 125 92 92 88 82 82 111 131 131 153 157 157 162 162 166 176 176 213 242 242 247 248 248 247 247 247 247 247 247 247 247 247 247 247 
247 247 247 247 247 247 247 247 247 247 247 247 247 247 249 249 243 236 236 173 144 144 117 115 127 193 193 187 178 178 139 117 117 123 124 122 109 109 101 86 86 76 70 70 74 75 75 70 70 67 62 62 62 62 62 68 70 70 80 80 83 89 89 92 95 95 98 99 99 100 100 101 104 104 106 108 108 118 122 122 125 125 126 130 130 134 140 140 141 142 142 138 138 138 139 139 139 139 139 139 139 139 130 129 125 92 92 88 82 82 111 131 131 153 157 157 162 162 166 176 176 213 242 242 247 248 248 247 247 247 247 247 247 247 247 247 247 247 
247 247 247 247 247 247 247 247 247 247 247 247 247 247 248 248 246 244 244 199 178 178 163 162 173 233 233 217 192 192 142 113 113 119 120 118 108 108 102 91 91 78 70 70 76 77 77 76 76 72 64 64 67 69 69 73 75 75 81 81 82 83 83 83 82 82 81 81 81 79 79 79 79 79 80 81 81 91 95 95 105 106 107 111 111 113 117 117 118 119 119 113 113 108 84 84 83 82 82 100 110 110 115 116 114 99 99 101 102 102 120 132 132 163 168 172 211 211 210 209 209 229 245 245 247 247 247 247 247 247 247 247 247 247 247 247 247 247 
247 247 247 247 247 247 247 247 247 247 247 247 247 247 247 247 247 248 248 211 194 194 185 184 195 252 252 231 199 199 143 112 112 117 118 117 107 107 102 94 94 80 70 70 77 78 78 79 79 75 65 65 69 72 72 76 77 77 82 82 82 81 81 78 76 76 74 73 73 69 69 69 67 67 68 69 69 78 82 82 96 97 98 102 102 104 106 106 108 109 109 102 101 94 58 58 57 56 56 82 97 97 108 110 109 103 103 106 112 112 125 133 133 167 174 179 234 234 231 224 224 237 247 247 247 247 247 247 247 247 247 247 247 247 247 247 247 247 
247 247 247 247 247 247 247 247 247 247 247 247 247 247 247 247 247 248 248 211 194 194 185 184 195 252 252 231 199 199 143 112 112 117 118 117 107 107 102 94 94 80 70 70 77 78 78 79 79 75 65 65 69 72 72 76 77 77 82 82 82 81 81 78 76 76 74 73 73 69 69 69 67 67 68 69 69 78 82 82 96 97 98 102 102 104 106 106 108 109 109 102 101 94 58 58 57 56 56 82 97 97 108 110 109 103 103 106 112 112 125 133 133 167 174 179 234 234 231 224 224 237 247 247 247 247 247 247 247 247 247 247 247 247 247 247 247 247 
247 247 247 247 247 247 247 247 247 247 247 247 247 247 247 247 247 247 247 246 245 245 246 245 246 251 251 238 220 220 156 120 120 115 114 113 104 104 103 100 100 84 73 73 75 76 77 93 93 87 76 76 72 68 68 58 56 55 41 41 39 31 31 37 43 43 58 63 63 62 62 62 65 65 73 82 82 83 84 84 107 108 114 136 136 142 150 150 154 156 156 159 160 144 63 63 43 12 12 36 50 50 103 111 111 110 110 119 135 135 135 136 136 183 192 197 250 250 249 248 248 247 247 247 247 247 247 247 247 247 247 247 247 247 247 247 247 247 
247 247 247 247 247 247 247 247 247 247 247 247 247 247 247 247 247 247 247 249 250 250 251 251 251 251 251 239 222 222 157 121 121 115 114 113 104 104 103 101 101 84 73 73 76 76 77 94 94 89 77 77 72 68 68 57 54 53 38 38 35 27 27 34 40 40 57 62 62 61 61 62 65 65 74 83 83 84 84 84 108 109 115 139 139 146 154 154 158 160 160 165 165 149 64 64 42 8 8 32 46 46 103 111 111 111 111 120 137 137 136 136 136 185 194 199 252 252 251 250 250 248 247 247 247 247 247 247 247 247 247 247 247 247 247 247 247 247 
247 247 247 247 247 247 247 247 247 247 247 247 247 247 247 247 247 247 247 249 249 249 250 250 250 250 250 241 226 226 162 126 126 115 113 112 103 103 103 102 102 86 76 76 75 75 76 94 94 90 80 80 73 68 68 52 49 48 33 33 32 29 29 38 47 47 66 72 72 72 72 74 78 78 87 97 97 99 99 99 120 121 126 149 149 154 161 161 165 166 166 170 170 154 69 69 47 14 14 41 57 57 107 113 113 113 113 122 138 138 137 137 137 188 198 202 252 252 251 249 249 248 247 247 247 247 247 247 247 247 247 247 247 247 247 247 247 247 
247 247 247 247 247 247 247 247 247 247 247 247 247 247 247 247 247 247 247 247 247 247 247 247 247 248 248 247 246 246 185 151 151 116 111 110 101 101 102 105 105 96 90 90 72 69 71 98 98 97 94 94 81 71 71 31 21 20 6 6 16 40 40 64 86 86 116 126 126 134 134 137 145 145 159 174 174 177 178 178 183 183 187 204 204 200 196 196 199 201 201 197 197 181 95 95 76 47 47 91 115 115 126 127 127 123 123 130 143 143 142 141 141 205 217 220 250 250 249 247 247 247 247 247 247 247 247 247 247 247 247 247 247 247 247 247 247 247 
247 247 247 247 247 247 247 247 247 247 247 247 247 247 247 247 247 247 247 247 247 247 247 247 247 248 248 247 246 246 185 151 151 116 111 110 101 101 102 105 105 96 90 90 72 69 71 98 98 97 94 94 81 71 71 31 21 20 6 6 16 40 40 64 86 86 116 126 126 134 134 137 145 145 159 174 174 177 178 178 183 183 187 204 204 200 196 196 199 201 201 197 197 181 95 95 76 47 47 91 115 115 126 127 127 123 123 130 143 143 142 141 141 205 217 220 250 250 249 247 247 247 247 247 247 247 247 247 247 247 247 247 247 247 247 247 247 247 
247 247 247 247 247 247 247 247 247 247 247 247 247 247 247 247 247 247 247 247 247 247 247 247 247 248 248 248 248 248 198 170 170 118 111 110 101 101 101 101 101 99 98 98 74 69 71 95 95 96 99 99 86 77 77 47 40 39 16 16 25 48 48 74 97 97 125 133 133 142 142 144 153 153 164 176 176 183 186 186 186 187 190 202 202 199 195 195 195 195 195 181 180 166 97 97 89 77 77 112 131 131 126 126 126 128 128 132 140 140 144 146 146 212 224 226 250 250 249 247 247 247 247 247 247 247 247 247 247 247 247 247 247 247 247 247 247 247 
247 247 247 247 247 247 247 247 247 247 247 247 247 247 247 247 247 247 247 247 247 247 247 247 247 247 247 249 252 252 217 198 198 122 112 111 101 101 98 94 94 104 110 110 76 70 72 90 90 95 106 106 95 86 86 72 69 68 32 32 40 61 61 89 115 115 137 144 144 154 154 157 166 166 172 179 179 192 197 197 192 192 194 200 200 197 193 193 189 187 187 157 154 146 101 101 110 123 123 144 156 156 128 124 125 135 135 135 136 136 147 154 154 222 235 236 249 249 248 247 247 247 247 247 247 247 247 247 247 247 247 247 247 247 247 247 247 247 
247 247 247 247 247 247 247 247 247 247 247 247 247 247 247 247 247 247 247 247 247 247 247 247 247 247 247 249 252 252 217 198 198 122 112 111 101 101 98 94 94 104 110 110 76 70 72 90 90 95 106 106 95 86 86 72 69 68 32 32 40 61 61 89 115 115 137 144 144 154 154 157 166 166 172 179 179 192 197 197 192 192 194 200 200 197 193 193 189 187 187 157 154 146 101 101 110 123 123 144 156 156 128 124 125 135 135 135 136 136 147 154 154 222 235 236 249 249 248 247 247 247 247 247 247 247 247 247 247 247 247 247 247 247 247 247 247 247 
247 247 247 247 247 247 247 247 247 247 247 247 247 247 247 247 247 247 247 247 247 247 247 247 247 247 247 248 250 250 233 224 224 139 127 124 100 100 96 90 90 100 107 107 85 81 81 80 80 90 110 110 98 88 88 92 93 92 72 72 70 65 65 75 84 84 101 107 107 108 108 110 116 116 126 137 137 152 157 157 159 159 159 157 157 154 149 149 151 152 152 137 136 134 125 125 133 145 145 153 157 157 129 125 126 137 137 135 133 133 155 169 169 231 243 243 248 248 247 247 247 247 247 247 247 247 247 247 247 247 247 247 247 247 247 247 247 247 
247 247 247 247 247 247 247 247 247 247 247 247 247 247 247 247 247 247 247 247 247 247 247 247 247 247 247 248 249 249 242 238 238 148 136 132 100 100 96 88 88 99 106 106 90 87 86 75 75 87 113 113 100 89 89 103 107 106 94 94 86 67 67 67 67 67 81 86 86 83 83 84 89 89 101 114 114 129 135 135 141 141 139 133 133 129 125 125 130 133 133 127 126 128 138 138 146 158 158 158 158 158 129 125 127 138 138 136 132 132 160 178 178 236 247 247 247 247 247 247 247 247 247 247 247 247 247 247 247 247 247 247 247 247 247 247 247 247 
247 247 247 247 247 247 247 247 247 247 247 247 247 247 247 247 247 247 247 247 247 247 247 247 247 247 247 248 249 249 242 238 238 148 136 132 100 100 96 88 88 99 106 106 90 87 86 75 75 87 113 113 100 89 89 103 107 106 94 94 86 67 67 67 67 67 81 86 86 83 83 84 89 89 101 114 114 129 135 135 141 141 139 133 133 129 125 125 130 133 133 127 126 128 138 138 146 158 158 158 158 158 129 125 127 138 138 136 132 132 160 178 178 236 247 247 247 247 247 247 247 247 247 247 247 247 247 247 247 247 247 247 247 247 247 247 247 247 
247 247 247 247 247 247 247 247 247 247 247 247 247 247 247 247 247 247 247 247 247 247 247 247 247 247 247 247 247 247 249 250 250 193 185 175 97 97 94 88 88 90 91 91 96 96 94 66 66 78 104 104 100 97 97 104 106 106 108 108 103 91 91 87 83 83 83 83 83 89 89 92 103 103 110 117 117 121 122 122 123 123 125 132 132 141 153 153 154 155 155 149 149 150 159 159 161 165 165 159 156 156 135 132 133 138 138 138 138 138 181 210 210 243 249 249 247 247 247 247 247 247 247 247 247 247 247 247 247 247 247 247 247 247 247 247 247 247 
247 247 247 247 247 247 247 247 247 247 247 247 247 247 247 247 247 247 247 247 247 247 247 247 247 247 247 247 247 247 250 252 252 199 192 181 97 97 94 88 88 89 89 89 97 98 95 65 65 77 103 103 100 98 98 104 106 106 110 110 106 94 94 89 85 85 83 83 83 90 90 94 105 105 111 118 118 119 120 120 121 121 123 132 132 143 157 157 158 158 158 152 152 154 162 162 164 166 166 160 156 156 136 133 134 138 138 138 139 139 184 214 214 244 250 250 247 247 247 247 247 247 247 247 247 247 247 247 247 247 247 247 247 247 247 247 247 247 
247 247 247 247 247 247 247 247 247 247 247 247 247 247 247 247 247 247 247 247 247 247 247 247 247 247 247 247 247 247 250 251 251 205 198 186 101 101 96 87 87 88 88 88 96 97 95 66 66 77 101 101 100 99 99 104 105 105 110 110 106 95 95 91 86 86 84 84 84 90 90 93 104 104 110 117 117 119 120 120 121 121 123 132 132 142 155 155 156 157 157 153 153 155 163 163 164 166 166 159 155 155 137 134 135 138 138 139 142 142 187 218 218 244 250 250 247 247 247 247 247 247 247 247 247 247 247 247 247 247 247 247 247 247 247 247 247 247 
247 247 247 247 247 247 247 247 247 247 247 247 247 247 247 247 247 247 247 247 247 247 247 247 247 247 247 247 247 247 248 249 249 244 243 230 133 133 115 84 84 83 83 83 91 93 92 75 75 78 85 85 99 110 110 100 97 98 113 113 111 107 107 102 97 97 93 92 92 89 89 91 98 98 104 111 111 116 118 118 120 120 122 131 131 137 144 144 149 151 151 161 162 163 171 171 169 166 166 153 146 146 144 144 143 136 136 148 168 168 214 244 244 247 248 248 247 247 247 247 247 247 247 247 247 247 247 247 247 247 247 247 247 247 247 247 247 247 
247 247 247 247 247 247 247 247 247 247 247 247 247 247 247 247 247 247 247 247 247 247 247 247 247 247 247 247 247 247 248 249 249 244 243 230 133 133 115 84 84 83 83 83 91 93 92 75 75 78 85 85 99 110 110 100 97 98 113 113 111 107 107 102 97 97 93 92 92 89 89 91 98 98 104 111 111 116 118 118 120 120 122 131 131 137 144 144 149 151 151 161 162 163 171 171 169 166 166 153 146 146 144 144 143 136 136 148 168 168 214 244 244 247 248 248 247 247 247 247 247 247 247 247 247 247 247 247 247 247 247 247 247 247 247 247 247 247 
247 247 247 247 247 247 247 247 247 247 247 247 247 247 247 247 247 247 247 247 247 247 247 247 247 247 247 247 247 247 248 248 248 246 246 236 161 161 135 89 89 85 82 82 88 89 88 79 79 80 80 80 97 111 111 98 94 95 109 109 109 109 109 104 100 100 95 94 94 88 88 89 92 92 97 102 102 109 111 111 116 116 118 125 125 131 139 139 146 150 150 162 163 164 170 170 167 163 163 153 147 147 146 145 145 140 140 157 187 187 222 246 246 247 248 247 247 247 247 247 247 247 247 247 247 247 247 247 247 247 247 247 247 247 247 247 247 247 
247 247 247 247 247 247 247 247 247 247 247 247 247 247 247 247 247 247 247 247 247 247 247 247 247 247 247 247 247 247 247 247 247 251 252 247 210 210 169 97 97 87 81 81 83 83 83 87 87 82 72 72 94 112 112 94 90 91 103 103 106 113 113 109 105 105 99 97 97 88 88 87 82 82 84 87 87 96 100 100 109 109 110 114 114 121 130 130 143 149 149 165 166 166 168 168 164 158 158 152 148 148 148 148 148 147 147 174 222 222 239 250 250 247 247 247 247 247 247 247 247 247 247 247 247 247 247 247 247 247 247 247 247 247 247 247 247 247 
247 247 247 247 247 247 247 247 247 247 247 247 247 247 247 247 247 247 247 247 247 247 247 247 247 247 247 247 247 247 247 247 247 251 252 247 210 210 169 97 97 87 81 81 83 83 83 87 87 82 72 72 94 112 112 94 90 91 103 103 106 113 113 109 105 105 99 97 97 88 88 87 82 82 84 87 87 96 100 100 109 109 110 114 114 121 130 130 143 149 149 165 166 166 168 168 164 158 158 152 148 148 148 148 148 147 147 174 222 222 239 250 250 247 247 247 247 247 247 247 247 247 247 247 247 247 247 247 247 247 247 247 247 247 247 247 247 247 
247 247 247 247 247 247 247 247 247 247 247 247 247 247 247 247 247 247 247 247 247 247 247 247 247 247 247 247 247 247 247 247 247 249 249 247 235 235 202 143 143 106 81 81 81 81 82 87 87 82 73 73 89 102 102 100 99 99 96 96 100 110 110 109 108 108 103 102 102 93 93 91 84 84 85 86 86 92 94 94 104 104 106 113 113 121 132 132 145 151 151 165 166 166 165 165 162 157 157 155 153 153 148 148 151 178 178 200 239 239 244 248 248 247 247 247 247 247 247 247 247 247 247 247 247 247 247 247 247 247 247 247 247 247 247 247 247 247 
247 247 247 247 247 247 247 247 247 247 247 247 247 247 247 247 247 247 247 247 247 247 247 247 247 247 247 247 247 247 247 247 247 247 247 248 252 252 224 173 173 118 82 82 80 80 81 87 87 83 73 73 85 95 95 103 105 104 91 91 96 109 109 110 110 110 106 105 105 96 96 93 85 85 85 85 85 89 90 90 101 101 103 113 113 122 133 133 147 153 153 165 166 166 163 163 161 157 157 157 157 157 149 148 154 199 199 217 250 250 248 247 247 247 247 247 247 247 247 247 247 247 247 247 247 247 247 247 247 247 247 247 247 247 247 247 247 247 
247 247 247 247 247 247 247 247 247 247 247 247 247 247 247 247 247 247 247 247 247 247 247 247 247 247 247 247 247 247 247 247 247 247 247 248 252 252 224 173 173 118 82 82 80 80 81 87 87 83 73 73 85 95 95 103 105 104 91 91 96 109 109 110 110 110 106 105 105 96 96 93 85 85 85 85 85 89 90 90 101 101 103 113 113 122 133 133 147 153 153 165 166 166 163 163 161 157 157 157 157 157 149 148 154 199 199 217 250 250 248 247 247 247 247 247 247 247 247 247 247 247 247 247 247 247 247 247 247 247 247 247 247 247 247 247 247 247 
247 247 247 247 247 247 247 247 247 247 247 247 247 247 247 247 247 247 247 247 247 247 247 247 247 247 247 247 247 247 247 247 247 247 247 247 249 249 243 232 232 169 127 127 84 76 76 82 82 82 82 82 80 78 78 105 112 111 93 93 96 102 102 105 107 107 105 104 104 102 102 102 102 102 102 103 103 104 105 105 112 113 116 128 128 134 142 142 152 157 157 165 166 166 164 164 163 162 162 161 160 160 170 171 179 237 237 241 248 248 248 247 247 247 247 247 247 247 247 247 247 247 247 247 247 247 247 247 247 247 247 247 247 247 247 247 247 247 
247 247 247 247 247 247 247 247 247 247 247 247 247 247 247 247 247 247 247 247 247 247 247 247 247 247 247 247 247 247 247 247 247 247 247 247 249 249 247 244 244 179 136 136 85 75 75 81 81 82 84 84 79 75 75 105 113 112 94 94 96 101 101 104 106 106 104 104 104 103 103 103 105 105 105 106 106 107 108 108 115 115 118 131 131 137 144 144 154 158 158 165 166 166 164 164 164 163 163 162 161 161 174 176 184 244 244 245 248 248 247 247 247 247 247 247 247 247 247 247 247 247 247 247 247 247 247 247 247 247 247 247 247 247 247 247 247 247 
247 247 247 247 247 247 247 247 247 247 247 247 247 247 247 247 247 247 247 247 247 247 247 247 247 247 247 247 247 247 247 247 247 247 247 247 249 249 247 244 244 184 143 143 88 77 78 80 80 82 84 84 79 75 75 104 111 110 95 95 97 101 101 104 106 106 104 104 104 103 103 103 105 105 106 107 107 108 109 109 116 116 119 132 132 137 144 144 153 158 158 165 165 165 164 164 163 163 163 162 162 162 177 180 187 244 244 246 248 248 247 247 247 247 247 247 247 247 247 247 247 247 247 247 247 247 247 247 247 247 247 247 247 247 247 247 247 247 
247 247 247 247 247 247 247 247 247 247 247 247 247 247 247 247 247 247 247 247 247 247 247 247 247 247 247 247 247 247 247 247 247 247 247 247 247 247 248 251 251 237 228 228 126 106 103 74 74 78 88 88 81 75 75 88 91 92 113 113 110 101 101 103 105 105 104 104 104 103 103 105 110 110 113 116 116 121 123 123 133 133 135 144 144 147 150 150 155 158 158 160 160 160 162 162 164 168 168 169 170 170 218 224 227 250 250 249 247 247 247 247 247 247 247 247 247 247 247 247 247 247 247 247 247 247 247 247 247 247 247 247 247 247 247 247 247 247 
247 247 247 247 247 247 247 247 247 247 247 247 247 247 247 247 247 247 247 247 247 247 247 247 247 247 247 247 247 247 247 247 247 247 247 247 247 247 248 251 251 237 228 228 126 106 103 74 74 78 88 88 81 75 75 88 91 92 113 113 110 101 101 103 105 105 104 104 104 103 103 105 110 110 113 116 116 121 123 123 133 133 135 144 144 147 150 150 155 158 158 160 160 160 162 162 164 168 168 169 170 170 218 224 227 250 250 249 247 247 247 247 247 247 247 247 247 247 247 247 247 247 247 247 247 247 247 247 247 247 247 247 247 247 247 247 247 247 
247 247 247 247 247 247 247 247 247 247 247 247 247 247 247 247 247 247 247 247 247 247 247 247 247 247 247 247 247 247 247 247 247 247 247 247 247 247 248 249 249 241 236 236 153 137 132 78 78 80 85 85 81 78 78 84 86 87 112 112 110 104 104 105 106 106 106 105 105 105 105 107 112 112 115 118 118 123 124 124 133 134 136 144 144 147 152 152 156 159 159 158 158 159 163 163 166 170 170 176 180 180 226 232 234 249 249 248 247 247 247 247 247 247 247 247 247 247 247 247 247 247 247 247 247 247 247 247 247 247 247 247 247 247 247 247 247 247 
247 247 247 247 247 247 247 247 247 247 247 247 247 247 247 247 247 247 247 247 247 247 247 247 247 247 247 247 247 247 247 247 247 247 247 247 247 247 247 247 247 251 253 253 212 204 195 87 87 85 80 80 82 83 83 77 76 77 110 110 110 110 110 110 110 110 109 109 109 110 110 112 117 117 120 123 123 127 128 128 136 136 138 144 144 149 155 155 159 161 161 155 154 156 165 165 168 173 173 192 202 202 243 249 249 247 247 247 247 247 247 247 247 247 247 247 247 247 247 247 247 247 247 247 247 247 247 247 247 247 247 247 247 247 247 247 247 247 
247 247 247 247 247 247 247 247 247 247 247 247 247 247 247 247 247 247 247 247 247 247 247 247 247 247 247 247 247 247 247 247 247 247 247 247 247 247 247 247 247 251 253 253 212 204 195 87 87 85 80 80 82 83 83 77 76 77 110 110 110 110 110 110 110 110 109 109 109 110 110 112 117 117 120 123 123 127 128 128 136 136 138 144 144 149 155 155 159 161 161 155 154 156 165 165 168 173 173 192 202 202 243 249 249 247 247 247 247 247 247 247 247 247 247 247 247 247 247 247 247 247 247 247 247 247 247 247 247 247 247 247 247 247 247 247 247 247 
247 247 247 247 247 247 247 247 247 247 247 247 247 247 247 247 247 247 247 247 247 247 247 247 247 247 247 247 247 247 247 247 247 247 247 247 247 247 247 247 247 248 250 250 234 231 224 137 137 118 78 78 80 81 81 76 75 76 98 98 101 109 109 111 113 113 115 116 116 113 113 114 116 116 118 121 121 123 125 125 131 131 133 140 140 144 150 150 156 158 158 155 155 157 168 168 172 178 178 205 220 220 246 249 249 247 247 247 247 247 247 247 247 247 247 247 247 247 247 247 247 247 247 247 247 247 247 247 247 247 247 247 247 247 247 247 247 247 
247 247 247 247 247 247 247 247 247 247 247 247 247 247 247 247 247 247 247 247 247 247 247 247 247 247 247 247 247 247 247 247 247 247 247 247 247 247 247 247 247 247 247 247 252 253 247 177 177 145 77 77 78 79 79 75 74 75 89 89 95 109 109 112 115 115 120 122 122 115 115 115 116 116 117 119 119 121 122 122 127 127 129 137 137 141 147 147 153 156 156 156 156 158 170 170 175 183 183 216 235 235 247 249 249 247 247 247 247 247 247 247 247 247 247 247 247 247 247 247 247 247 247 247 247 247 247 247 247 247 247 247 247 247 247 247 247 247 
247 247 247 247 247 247 247 247 247 247 247 247 247 247 247 247 247 247 247 247 247 247 247 247 247 247 247 247 247 247 247 247 247 247 247 247 247 247 247 247 247 247 247 247 252 253 247 177 177 145 77 77 78 79 79 75 74 75 89 89 95 109 109 112 115 115 120 122 122 115 115 115 116 116 117 119 119 121 122 122 127 127 129 137 137 141 147 147 153 156 156 156 156 158 170 170 175 183 183 216 235 235 247 249 249 247 247 247 247 247 247 247 247 247 247 247 247 247 247 247 247 247 247 247 247 247 247 247 247 247 247 247 247 247 247 247 247 247 
247 247 247 247 247 247 247 247 247 247 247 247 247 247 247 247 247 247 247 247 247 247 247 247 247 247 247 247 247 247 247 247 247 247 247 247 247 247 247 247 247 247 247 247 248 249 248 235 235 207 146 146 105 72 72 70 69 69 75 75 80 93 93 97 101 101 109 111 111 117 117 118 119 119 120 121 121 122 122 122 124 124 126 135 135 138 140 140 147 150 150 155 155 156 162 162 179 205 205 232 247 247 247 247 247 247 247 247 247 247 247 247 247 247 247 247 247 247 247 247 247 247 247 247 247 247 247 247 247 247 247 247 247 247 247 247 247 247 
247 247 247 247 247 247 247 247 247 247 247 247 247 247 247 247 247 247 247 247 247 247 247 247 247 247 247 247 247 247 247 247 247 247 247 247 247 247 247 247 247 247 247 247 248 248 248 250 250 222 164 164 111 70 70 68 68 68 72 72 77 89 89 94 98 98 106 109 109 118 118 118 120 120 120 121 121 122 122 122 123 123 125 135 135 137 139 139 146 149 149 155 155 156 160 160 180 211 211 236 250 250 247 247 247 247 247 247 247 247 247 247 247 247 247 247 247 247 247 247 247 247 247 247 247 247 247 247 247 247 247 247 247 247 247 247 247 247 
247 247 247 247 247 247 247 247 247 247 247 247 247 247 247 247 247 247 247 247 247 247 247 247 247 247 247 247 247 247 247 247 247 247 247 247 247 247 247 247 247 247 247 247 248 248 248 250 250 223 167 167 115 73 73 69 68 68 71 71 76 88 88 93 97 97 105 108 108 117 117 117 119 119 120 121 121 122 122 122 123 123 125 134 134 136 138 138 145 148 148 153 154 155 160 160 181 212 212 236 250 250 247 247 247 247 247 247 247 247 247 247 247 247 247 247 247 247 247 247 247 247 247 247 247 247 247 247 247 247 247 247 247 247 247 247 247 247 
247 247 247 247 247 247 247 247 247 247 247 247 247 247 247 247 247 247 247 247 247 247 247 247 247 247 247 247 247 247 247 247 247 247 247 247 247 247 247 247 247 247 247 247 247 247 247 249 249 249 249 249 200 161 161 93 76 75 57 57 59 64 64 69 74 74 82 85 85 96 96 99 107 107 111 116 116 120 121 121 118 118 119 122 122 123 125 125 126 127 127 123 123 130 166 166 198 245 245 247 248 248 247 247 247 247 247 247 247 247 247 247 247 247 247 247 247 247 247 247 247 247 247 247 247 247 247 247 247 247 247 247 247 247 247 247 247 247 
247 247 247 247 247 247 247 247 247 247 247 247 247 247 247 247 247 247 247 247 247 247 247 247 247 247 247 247 247 247 247 247 247 247 247 247 247 247 247 247 247 247 247 247 247 247 247 249 249 249 249 249 200 161 161 93 76 75 57 57 59 64 64 69 74 74 82 85 85 96 96 99 107 107 111 116 116 120 121 121 118 118 119 122 122 123 125 125 126 127 127 123 123 130 166 166 198 245 245 247 248 248 247 247 247 247 247 247 247 247 247 247 247 247 247 247 247 247 247 247 247 247 247 247 247 247 247 247 247 247 247 247 247 247 247 247 247 247 
247 247 247 247 247 247 247 247 247 247 247 247 247 247 247 247 247 247 247 247 247 247 247 247 247 247 247 247 247 247 247 247 247 247 247 247 247 247 247 247 247 247 247 247 247 247 247 248 248 248 249 249 213 186 186 128 114 113 80 80 76 67 67 68 69 69 75 77 77 87 87 89 97 97 102 108 108 111 113 113 110 110 111 114 114 115 116 116 117 118 118 128 129 138 185 185 210 246 246 247 248 248 247 247 247 247 247 247 247 247 247 247 247 247 247 247 247 247 247 247 247 247 247 247 247 247 247 247 247 247 247 247 247 247 247 247 247 247 
247 247 247 247 247 247 247 247 247 247 247 247 247 247 247 247 247 247 247 247 247 247 247 247 247 247 247 247 247 247 247 247 247 247 247 247 247 247 247 247 247 247 247 247 247 247 247 247 247 247 248 248 249 250 250 220 213 210 138 138 121 76 76 67 58 58 56 56 56 63 63 65 73 73 79 86 86 91 93 93 91 91 91 93 93 93 92 92 94 95 95 141 145 159 234 234 240 250 250 248 247 247 247 247 247 247 247 247 247 247 247 247 247 247 247 247 247 247 247 247 247 247 247 247 247 247 247 247 247 247 247 247 247 247 247 247 247 247 
247 247 247 247 247 247 247 247 247 247 247 247 247 247 247 247 247 247 247 247 247 247 247 247 247 247 247 247 247 247 247 247 247 247 247 247 247 247 247 247 247 247 247 247 247 247 247 247 247 247 248 248 249 250 250 220 213 210 138 138 121 76 76 67 58 58 56 56 56 63 63 65 73 73 79 86 86 91 93 93 91 91 91 93 93 93 92 92 94 95 95 141 145 159 234 234 240 250 250 248 247 247 247 247 247 247 247 247 247 247 247 247 247 247 247 247 247 247 247 247 247 247 247 247 247 247 247 247 247 247 247 247 247 247 247 247 247 247 
247 247 247 247 247 247 247 247 247 247 247 247 247 247 247 247 247 247 247 247 247 247 247 247 247 247 247 247 247 247 247 247 247 247 247 247 247 247 247 247 247 247 247 247 247 247 247 247 247 247 247 247 248 248 248 236 233 232 197 197 185 156 156 143 131 131 113 107 107 81 81 78 68 68 69 70 70 75 77 77 76 76 78 83 83 92 103 103 129 141 141 191 195 203 242 242 245 248 248 247 247 247 247 247 247 247 247 247 247 247 247 247 247 247 247 247 247 247 247 247 247 247 247 247 247 247 247 247 247 247 247 247 247 247 247 247 247 247 
247 247 247 247 247 247 247 247 247 247 247 247 247 247 247 247 247 247 247 247 247 247 247 247 247 247 247 247 247 247 247 247 247 247 247 247 247 247 247 247 247 247 247 247 247 247 247 247 247 247 247 247 247 247 247 251 252 252 251 251 245 230 230 213 198 198 165 154 154 99 99 90 63 63 60 56 56 60 62 62 63 63 65 74 74 91 113 113 161 183 183 237 242 243 250 250 249 247 247 247 247 247 247 247 247 247 247 247 247 247 247 247 247 247 247 247 247 247 247 247 247 247 247 247 247 247 247 247 247 247 247 247 247 247 247 247 247 247 
247 247 247 247 247 247 247 247 247 247 247 247 247 247 247 247 247 247 247 247 247 247 247 247 247 247 247 247 247 247 247 247 247 247 247 247 247 247 247 247 247 247 247 247 247 247 247 247 247 247 247 247 247 247 247 251 252 252 251 251 245 230 230 213 198 198 165 154 154 99 99 90 63 63 60 56 56 60 62 62 63 63 65 74 74 91 113 113 161 183 183 237 242 243 250 250 249 247 247 247 247 247 247 247 247 247 247 247 247 247 247 247 247 247 247 247 247 247 247 247 247 247 247 247 247 247 247 247 247 247 247 247 247 247 247 247 247 247 
247 247 247 247 247 247 247 247 247 247 247 247 247 247 247 247 247 247 247 247 247 247 247 247 247 247 247 247 247 247 247 247 247 247 247 247 247 247 247 247 247 247 247 247 247 247 247 247 247 247 247 247 247 247 247 248 248 248 248 248 247 245 245 242 240 240 232 230 230 210 210 203 183 183 176 167 167 165 164 164 168 168 172 186 186 198 213 213 228 235 235 246 246 247 248 248 247 247 247 247 247 247 247 247 247 247 247 247 247 247 247 247 247 247 247 247 247 247 247 247 247 247 247 247 247 247 247 247 247 247 247 247 247 247 247 247 247 247 
247 247 247 247 247 247 247 247 247 247 247 247 247 247 247 247 247 247 247 247 247 247 247 247 247 247 247 247 247 247 247 247 247 247 247 247 247 247 247 247 247 247 247 247 247 247 247 247 247 247 247 247 247 247 247 247 247 247 247 247 248 250 250 252 253 253 254 254 254 245 245 239 221 221 212 203 203 199 197 197 202 202 206 221 221 232 245 245 250 252 252 248 248 248 247 247 247 247 247 247 247 247 247 247 247 247 247 247 247 247 247 247 247 247 247 247 247 247 247 247 247 247 247 247 247 247 247 247 247 247 247 247 247 247 247 247 247 247 
247 247 247 247 247 247 247 247 247 247 247 247 247 247 247 247 247 247 247 247 247 247 247 247 247 247 247 247 247 247 247 247 247 247 247 247 247 247 247 247 247 247 247 247 247 247 247 247 247 247 247 247 247 247 247 247 247 247 247 247 248 250 250 252 253 253 254 254 254 245 245 239 221 221 212 203 203 199 197 197 202 202 206 221 221 232 245 245 250 252 252 248 248 248 247 247 247 247 247 247 247 247 247 247 247 247 247 247 247 247 247 247 247 247 247 247 247 247 247 247 247 247 247 247 247 247 247 247 247 247 247 247 247 247 247 247 247 247 
