247 247 247 247 247 247 247 247 247 247 247 247 247 249 249 213 170 146 130 124 121 119 116 104 93 87 82 82 94 94 93 99 106 107 109 121 138 152 170 228 251 247 247 247 247 247 247 247 247 247 247 247 247 247 
247 247 247 247 247 247 247 247 247 247 247 247 249 245 204 162 150 131 116 112 108 102 99 92 80 87 86 86 89 94 100 109 113 108 103 104 111 133 150 172 232 248 247 247 247 247 247 247 247 247 247 247 247 247 
247 247 247 247 247 247 247 247 247 247 247 248 243 194 154 136 127 110 100 98 99 98 92 89 89 100 104 104 107 102 117 130 129 118 113 118 119 124 135 144 181 243 248 247 247 247 247 247 247 247 247 247 247 247 
247 247 247 247 247 247 247 247 247 247 248 241 196 152 121 103 102 98 103 110 119 127 127 129 133 133 135 135 145 145 154 161 163 160 161 169 171 164 162 158 157 185 220 244 248 247 247 247 247 247 247 247 247 247 
247 247 247 247 247 247 247 247 247 248 240 197 142 130 103 90 101 117 134 142 146 150 150 150 153 151 150 150 158 164 170 173 175 176 179 187 196 200 198 192 173 155 183 233 247 247 247 247 247 247 247 247 247 247 
247 247 247 247 247 247 247 247 248 242 207 140 110 110 92 96 118 138 151 154 154 154 154 155 155 154 152 152 156 164 169 172 173 174 176 183 193 205 210 209 198 167 156 194 233 246 247 247 247 247 247 247 247 247 
247 247 247 247 247 247 247 247 246 222 158 110 99 101 91 107 130 145 150 151 151 151 152 154 154 153 153 153 155 162 165 168 170 171 173 178 186 196 205 210 210 189 151 158 206 240 248 247 247 247 247 247 247 247 
247 247 247 247 247 247 247 248 239 192 119 102 98 96 92 111 131 141 144 146 147 148 150 153 154 155 154 154 158 162 164 167 171 173 175 178 184 190 198 204 208 199 163 149 182 229 248 247 247 247 247 247 247 247 
247 247 247 247 247 247 247 249 226 159 99 97 104 94 92 106 127 136 138 139 140 142 147 151 155 157 155 155 160 163 165 170 177 179 180 182 187 191 194 197 203 201 171 156 169 212 242 248 247 247 247 247 247 247 
247 247 247 247 247 247 247 247 207 126 92 97 106 101 91 103 120 130 132 131 132 134 138 145 152 156 154 154 160 162 164 172 182 184 182 184 188 191 191 192 198 201 173 165 166 192 230 248 247 247 247 247 247 247 
247 247 247 247 247 247 248 241 185 101 95 98 100 101 93 104 115 124 126 125 125 126 127 131 140 147 147 147 157 160 161 169 179 181 178 178 181 185 185 187 192 201 178 168 171 179 219 247 247 247 247 247 247 247 
247 247 247 247 247 247 249 237 172 90 93 100 107 103 98 102 110 118 121 122 122 124 125 127 135 143 146 146 155 159 160 166 176 179 177 177 180 183 183 184 185 197 183 167 178 181 214 245 248 247 247 247 247 247 
247 247 247 247 247 247 250 231 164 92 94 109 120 101 98 106 113 115 118 123 126 130 135 139 144 150 152 152 159 161 161 162 168 173 175 177 180 185 186 186 185 192 187 176 177 172 205 241 248 247 247 247 247 247 
247 247 247 247 247 247 250 223 150 91 100 122 125 107 102 114 120 117 117 121 129 137 143 148 151 155 158 158 166 165 165 163 166 171 176 179 184 190 191 187 183 189 194 185 176 172 198 234 249 247 247 247 247 247 
247 247 247 247 247 247 250 219 149 98 100 115 116 107 106 118 124 123 120 121 129 138 143 147 149 150 156 156 165 167 167 163 163 171 176 177 182 186 187 187 187 186 191 193 188 180 194 227 249 247 247 247 247 247 
247 247 247 247 247 247 249 211 139 102 99 104 102 105 111 117 118 118 123 128 132 136 139 139 137 137 143 143 152 155 161 157 155 162 168 167 169 174 179 186 194 196 195 196 195 185 197 229 249 247 247 247 247 247 
247 247 247 247 247 247 248 202 124 90 87 93 92 106 114 118 118 121 129 135 137 135 129 120 115 117 120 120 133 136 146 144 141 144 141 129 122 124 135 147 163 188 200 198 195 183 194 228 249 247 247 247 247 247 
247 247 247 247 247 248 247 194 111 77 78 88 96 111 118 121 121 129 133 123 109 96 84 76 72 73 80 80 108 117 135 136 130 120 100 75 58 56 66 83 99 136 187 200 201 185 192 226 249 247 247 247 247 247 
247 247 247 247 247 247 246 191 102 69 76 87 104 116 121 122 123 124 108 81 61 52 47 43 41 42 50 50 79 102 129 139 129 102 78 64 56 58 70 86 96 103 149 192 206 187 190 225 249 247 247 247 247 247 
247 247 247 247 247 249 248 192 103 70 74 84 109 121 123 122 121 100 71 55 54 58 62 61 52 51 59 59 67 96 131 150 136 102 79 70 59 58 66 81 96 107 129 176 206 189 188 224 249 248 247 247 247 247 
247 247 247 247 247 241 234 185 109 75 71 83 114 127 124 123 108 78 60 56 56 54 56 61 61 56 66 66 67 100 139 161 145 107 79 67 55 49 54 69 75 87 120 162 202 188 178 203 234 244 247 247 247 247 
247 247 247 248 237 195 172 146 100 75 71 88 122 128 125 123 97 75 61 52 45 41 42 56 73 64 60 60 67 106 143 164 151 115 85 72 66 68 80 98 96 81 103 145 196 190 167 167 195 232 249 247 247 247 
247 247 247 251 217 133 98 99 85 74 73 98 127 123 123 115 92 73 53 46 55 66 73 85 96 84 68 68 75 113 140 159 155 134 113 100 90 95 111 128 140 124 105 133 188 196 172 147 163 219 251 247 247 247 
247 247 247 251 203 120 92 100 96 85 78 105 127 119 117 100 80 63 61 70 82 88 91 93 90 84 87 87 96 122 139 156 162 153 141 133 120 110 109 115 128 139 143 149 183 200 188 156 161 216 251 247 247 247 
247 247 247 252 203 129 106 111 108 104 86 101 126 121 114 101 90 90 91 89 85 85 90 99 107 115 117 117 115 132 144 156 168 168 162 159 156 150 145 143 142 152 169 176 187 200 192 163 163 212 251 247 247 247 
247 247 247 251 199 131 113 122 116 104 98 106 125 120 117 116 119 125 124 122 123 127 131 130 129 128 116 116 127 138 151 160 173 177 169 163 161 159 161 163 158 163 181 194 193 195 189 168 167 209 251 247 247 247 
247 247 247 252 209 142 117 116 94 83 113 126 121 119 123 121 135 145 146 146 146 145 140 132 130 127 114 114 122 141 153 158 170 177 164 141 135 156 170 172 171 173 182 197 204 187 169 164 182 220 250 247 247 247 
247 247 247 252 209 142 117 116 94 83 113 126 121 119 123 121 135 145 146 146 146 145 140 132 130 127 114 114 122 141 153 158 170 177 164 141 135 156 170 172 171 173 182 197 204 187 169 164 182 220 250 247 247 247 
247 247 247 247 247 193 125 91 83 94 124 129 115 116 120 129 135 136 137 142 145 143 135 120 94 91 134 134 134 137 147 153 165 178 183 184 175 128 76 103 145 170 178 181 198 193 162 167 215 247 247 247 247 247 
247 247 247 247 251 206 133 92 94 111 129 130 120 113 116 120 119 118 119 123 125 124 113 89 75 101 123 123 111 104 118 131 142 146 142 139 143 137 98 67 101 134 150 162 184 191 165 171 218 249 247 247 247 247 
247 247 247 247 250 219 148 101 102 115 128 130 122 117 115 109 101 101 103 106 108 102 85 67 75 84 75 75 62 64 82 101 116 118 109 111 130 143 127 77 64 100 127 146 171 185 173 183 223 249 247 247 247 247 
247 247 247 247 249 233 169 115 111 114 120 128 123 119 112 95 87 88 89 91 89 77 62 66 79 78 61 61 46 44 59 78 98 116 126 132 140 146 141 109 62 68 103 132 157 176 182 200 232 248 247 247 247 247 
247 247 247 247 247 245 201 147 126 124 121 131 123 121 110 87 78 78 77 76 70 60 61 75 83 83 76 76 66 66 78 90 103 122 140 147 147 146 142 131 92 60 81 123 149 169 188 215 241 248 247 247 247 247 
247 247 247 247 247 249 230 181 134 134 158 153 119 123 110 87 74 74 72 68 61 60 69 81 88 91 92 92 92 96 107 114 119 130 141 145 143 142 140 138 120 78 78 121 148 163 179 214 245 248 247 247 247 247 
247 247 247 247 247 248 244 208 159 166 212 178 115 121 109 92 74 74 75 68 65 69 75 82 86 87 87 87 88 90 101 110 115 121 126 125 116 103 105 120 120 98 95 124 155 183 195 220 245 247 247 247 247 247 
247 247 247 247 247 247 247 233 212 220 243 196 115 117 106 97 76 75 82 76 70 70 68 65 62 63 69 69 66 73 80 95 110 119 125 126 106 56 43 80 110 106 119 131 168 219 236 240 247 247 247 247 247 247 
247 247 247 247 247 247 247 248 249 250 246 217 129 113 103 102 83 75 87 88 75 59 40 29 34 55 80 80 87 105 110 123 146 161 168 172 145 62 24 67 115 114 136 138 183 233 250 248 247 247 247 247 247 247 
247 247 247 247 247 247 247 247 247 247 248 237 158 111 101 102 96 76 87 96 86 57 24 19 52 95 130 130 148 171 180 184 196 199 197 195 162 89 69 123 126 125 139 143 199 239 248 247 247 247 247 247 247 247 
247 247 247 247 247 247 247 247 247 247 248 246 199 115 101 94 106 82 82 99 97 81 63 45 69 111 137 137 156 169 185 187 189 188 183 170 138 110 130 155 124 135 135 153 214 244 248 247 247 247 247 247 247 247 
247 247 247 247 247 247 247 247 247 247 247 248 234 138 101 89 102 92 79 96 101 96 103 88 68 69 86 86 89 110 129 138 136 129 130 131 130 143 158 156 125 137 133 170 228 247 247 247 247 247 247 247 247 247 
247 247 247 247 247 247 247 247 247 247 247 248 250 192 101 89 89 95 77 86 101 101 107 106 93 85 83 83 104 116 120 121 128 145 157 156 155 163 165 155 133 138 139 199 240 248 247 247 247 247 247 247 247 247 
247 247 247 247 247 247 247 247 247 247 247 247 249 241 136 90 83 90 81 81 97 105 102 111 105 96 92 92 97 109 116 119 127 138 147 155 164 170 164 146 143 136 163 227 246 247 247 247 247 247 247 247 247 247 
247 247 247 247 247 247 247 247 247 247 247 247 247 251 203 108 84 83 85 79 92 103 95 106 111 103 96 96 84 89 99 108 114 124 139 155 166 166 157 148 147 146 207 242 248 247 247 247 247 247 247 247 247 247 
247 247 247 247 247 247 247 247 247 247 247 247 247 248 244 168 97 81 85 79 85 100 99 97 110 108 103 103 85 85 90 99 109 123 141 157 165 162 157 155 148 187 238 247 247 247 247 247 247 247 247 247 247 247 
247 247 247 247 247 247 247 247 247 247 247 247 247 247 250 227 142 89 80 82 81 92 105 95 104 107 104 104 100 100 102 108 120 134 148 160 165 163 161 160 168 229 246 247 247 247 247 247 247 247 247 247 247 247 
247 247 247 247 247 247 247 247 247 247 247 247 247 247 248 248 205 123 83 82 81 84 101 105 102 105 104 104 108 112 116 124 134 144 152 159 162 163 166 168 207 246 247 247 247 247 247 247 247 247 247 247 247 247 
247 247 247 247 247 247 247 247 247 247 247 247 247 247 247 248 243 183 110 83 81 81 92 110 106 108 107 107 113 119 124 132 140 148 156 159 158 165 173 190 238 248 247 247 247 247 247 247 247 247 247 247 247 247 
247 247 247 247 247 247 247 247 247 247 247 247 247 247 247 247 249 234 165 101 80 78 83 102 110 112 115 115 116 120 124 129 137 146 154 157 158 169 183 219 249 247 247 247 247 247 247 247 247 247 247 247 247 247 
247 247 247 247 247 247 247 247 247 247 247 247 247 247 247 247 247 250 222 153 94 74 75 87 102 109 117 117 117 119 121 124 132 140 148 154 158 172 200 241 248 247 247 247 247 247 247 247 247 247 247 247 247 247 
247 247 247 247 247 247 247 247 247 247 247 247 247 247 247 247 247 247 249 217 147 88 69 70 82 91 101 101 115 119 121 121 127 133 138 143 149 174 225 249 247 247 247 247 247 247 247 247 247 247 247 247 247 247 
247 247 247 247 247 247 247 247 247 247 247 247 247 247 247 247 247 247 248 248 217 153 98 74 67 71 78 78 98 107 113 112 113 116 118 122 143 195 246 248 247 247 247 247 247 247 247 247 247 247 247 247 247 247 
247 247 247 247 247 247 247 247 247 247 247 247 247 247 247 247 247 247 247 247 249 237 199 143 97 80 72 72 71 79 86 87 88 93 101 127 182 239 249 247 247 247 247 247 247 247 247 247 247 247 247 247 247 247 
247 247 247 247 247 247 247 247 247 247 247 247 247 247 247 247 247 247 247 247 247 249 251 246 227 199 162 162 78 69 71 74 81 105 152 208 244 249 247 247 247 247 247 247 247 247 247 247 247 247 247 247 247 247 
247 247 247 247 247 247 247 247 247 247 247 247 247 247 247 247 247 247 247 247 247 247 247 248 250 253 254 254 223 206 198 200 213 233 248 251 248 247 247 247 247 247 247 247 247 247 247 247 247 247 247 247 247 247 
