247 247 247 247 247 247 247 247 247 247 247 247 247 247 247 247 247 247 247 247 247 247 247 247 249 249 249 238 208 194 160 154 141 135 124 124 124 122 118 119 120 115 107 101 94 91 87 85 82 84 86 91 95 94 94 93 93 98 102 106 109 107 105 110 113 127 134 144 149 158 162 209 227 245 251 248 247 247 247 247 247 247 247 247 247 247 247 247 247 247 247 247 247 247 247 247 247 247 247 
247 247 247 247 247 247 247 247 247 247 247 247 247 247 247 247 247 247 247 247 247 247 247 247 249 249 248 236 207 193 160 154 140 135 124 124 124 121 118 118 119 114 107 101 94 90 87 84 82 84 86 90 95 94 94 93 93 98 102 106 109 106 105 110 113 126 133 144 149 158 162 208 226 244 250 248 247 247 247 247 247 247 247 247 247 247 247 247 247 247 247 247 247 247 247 247 247 247 247 
247 247 247 247 247 247 247 247 247 247 247 247 247 247 247 247 247 247 247 247 247 247 249 248 245 233 198 185 152 151 147 139 123 119 110 111 112 108 102 101 99 98 96 88 77 82 87 87 86 85 84 87 89 92 95 99 103 109 114 114 114 107 102 103 103 102 101 119 128 141 146 159 164 213 230 244 249 247 247 247 247 247 247 247 247 247 247 247 247 247 247 247 247 247 247 247 247 247 247 
247 247 247 247 247 247 247 247 247 247 247 247 247 247 247 247 247 247 247 247 247 247 249 247 242 230 196 183 151 149 146 138 122 118 109 110 111 108 102 101 99 97 96 88 77 82 88 87 87 86 86 88 90 93 95 100 104 110 115 115 114 107 102 103 104 102 102 119 128 140 145 158 163 211 228 244 249 247 247 247 247 247 247 247 247 247 247 247 247 247 247 247 247 247 247 247 247 247 247 
247 247 247 247 247 247 247 247 247 247 247 247 247 247 247 247 247 247 247 247 249 248 245 230 184 174 144 140 130 127 121 115 101 99 96 96 96 98 100 97 93 91 88 88 89 95 102 105 108 117 126 117 109 106 103 116 126 133 138 132 128 118 112 117 120 121 122 121 120 128 132 136 138 163 172 227 245 248 249 247 247 247 247 247 247 247 247 247 247 247 247 247 247 247 247 247 247 247 247 
247 247 247 247 247 247 247 247 247 247 247 247 247 247 247 247 247 247 247 247 249 247 241 227 181 171 142 138 127 125 119 113 101 99 97 97 97 99 102 99 96 94 91 92 92 98 104 107 110 119 127 119 112 109 106 119 128 135 140 134 131 121 116 121 124 125 126 124 124 131 134 138 139 163 171 224 240 245 247 247 247 247 247 247 247 247 247 247 247 247 247 247 247 247 247 247 247 247 247 
247 247 247 247 247 247 247 247 247 247 247 247 247 247 247 247 247 247 248 248 247 233 183 173 142 134 113 107 91 92 96 96 96 101 110 113 117 124 136 137 138 139 140 143 147 145 142 143 144 149 154 155 156 157 158 163 167 169 171 173 174 173 172 178 181 187 190 183 179 174 172 167 165 156 153 164 168 206 217 243 250 248 247 247 247 247 247 247 247 247 247 247 247 247 247 247 247 247 247 
247 247 247 247 247 247 247 247 247 247 247 247 247 247 247 247 247 247 248 247 242 228 178 169 140 133 111 106 91 93 97 98 99 104 113 116 120 127 137 138 139 140 141 144 147 145 143 144 145 149 154 155 156 157 159 163 167 170 171 173 174 173 172 178 181 187 191 184 181 177 175 170 168 159 155 164 166 203 213 242 249 247 247 247 247 247 247 247 247 247 247 247 247 247 247 247 247 247 247 
247 247 247 247 247 247 247 247 247 247 247 247 247 247 247 247 248 248 250 237 184 171 123 123 124 117 96 94 88 94 108 117 135 142 155 155 155 155 156 156 156 155 154 155 156 156 155 154 153 153 153 156 159 164 169 171 173 174 175 176 176 177 178 182 184 193 197 207 211 212 212 208 206 189 183 156 148 167 173 228 242 247 248 247 247 247 247 247 247 247 247 247 247 247 247 247 247 247 247 
247 247 247 247 247 247 247 247 247 247 247 247 247 247 247 247 248 248 245 232 177 165 121 121 122 115 95 94 89 96 110 119 136 143 155 155 155 155 155 156 156 155 154 155 156 155 155 154 153 153 153 156 158 164 168 171 172 173 174 175 175 176 177 181 183 191 196 205 210 211 212 208 206 191 185 159 151 166 170 222 236 245 247 247 247 247 247 247 247 247 247 247 247 247 247 247 247 247 247 
247 247 247 247 247 247 247 247 247 247 247 247 247 247 247 248 251 243 205 187 117 114 102 102 101 98 89 93 103 112 133 139 151 152 155 154 153 153 152 152 153 154 155 155 155 154 153 153 152 152 151 153 154 159 163 166 168 170 171 172 172 172 172 175 176 181 184 194 199 206 209 211 212 210 209 185 178 150 142 172 179 230 241 247 248 247 247 247 247 247 247 247 247 247 247 247 247 247 247 
247 247 247 247 247 247 247 247 247 247 247 247 247 247 247 247 249 240 197 180 116 113 101 101 101 98 89 94 104 113 134 139 150 152 154 153 152 152 152 152 153 153 155 155 155 154 153 152 152 152 151 153 154 159 163 165 167 169 170 171 172 172 172 174 176 181 184 193 198 205 208 210 211 210 209 187 180 151 143 168 175 226 237 246 248 247 247 247 247 247 247 247 247 247 247 247 247 247 247 
247 247 247 247 247 247 247 247 247 247 247 247 247 247 249 247 234 217 137 131 107 105 97 98 101 99 92 98 115 122 138 141 146 147 148 148 149 149 150 150 150 151 153 153 154 154 154 154 154 154 154 156 157 160 163 164 164 166 167 169 170 171 171 173 174 179 182 187 189 197 200 206 208 210 211 201 198 161 151 146 145 197 208 244 251 248 247 247 247 247 247 247 247 247 247 247 247 247 247 
247 247 247 247 247 247 247 247 247 247 247 247 247 247 249 246 229 211 133 127 106 104 97 98 99 97 92 98 114 121 137 140 145 146 147 147 148 148 149 149 149 151 153 153 154 154 154 154 154 154 154 156 157 160 163 163 164 166 167 169 171 171 172 173 175 179 182 187 189 196 199 204 207 209 210 201 198 163 153 147 145 193 204 243 250 247 247 247 247 247 247 247 247 247 247 247 247 247 247 
247 247 247 247 247 247 247 247 247 247 247 247 247 248 252 243 198 181 106 104 97 98 101 98 90 91 93 98 111 118 134 136 140 140 141 142 143 143 144 146 148 150 152 153 154 155 157 156 155 156 156 158 160 162 163 164 165 168 171 174 176 176 176 178 179 182 183 186 188 192 194 198 199 203 205 202 201 174 167 152 148 174 180 234 244 247 248 247 247 247 247 247 247 247 247 247 247 247 247 
247 247 247 247 247 247 247 247 247 247 247 247 247 248 252 242 191 175 103 102 96 98 102 100 92 92 93 97 110 117 133 135 139 139 140 140 141 142 142 144 147 148 151 153 154 155 157 156 155 156 156 158 160 162 163 164 165 169 172 175 178 177 177 179 180 183 184 187 189 192 194 197 198 203 204 202 201 175 167 154 150 173 178 229 239 247 248 247 247 247 247 247 247 247 247 247 247 247 247 
247 247 247 247 247 247 247 247 247 247 247 247 247 247 250 234 152 141 90 91 95 98 110 108 101 98 91 95 104 111 126 129 134 134 133 133 133 134 135 137 140 143 148 152 156 157 159 158 157 157 156 159 162 163 163 165 166 172 176 183 187 185 184 184 184 188 190 193 194 193 193 194 194 198 200 201 201 175 168 164 163 165 166 207 215 245 250 247 247 247 247 247 247 247 247 247 247 247 247 
247 247 247 247 247 247 247 247 247 247 247 247 247 247 247 231 144 134 91 92 95 98 108 106 101 98 91 95 104 110 125 127 133 132 132 132 132 132 133 135 138 141 145 148 153 155 157 156 155 155 155 158 161 162 163 164 165 171 176 182 186 184 183 183 183 186 188 191 192 192 192 192 193 197 199 201 201 176 169 165 164 166 167 202 209 244 249 247 247 247 247 247 247 247 247 247 247 247 247 
247 247 247 247 247 247 247 247 247 247 247 247 249 247 234 214 108 106 95 95 97 97 99 99 101 98 91 95 106 110 120 122 127 127 127 127 126 126 127 127 128 129 130 135 141 145 149 149 148 150 151 155 158 160 161 162 162 169 174 180 184 182 180 178 177 179 180 183 185 186 186 187 187 192 194 200 202 180 174 168 167 169 170 182 184 239 248 247 247 247 247 247 247 247 247 247 247 247 247 
247 247 247 247 247 247 247 247 247 247 247 247 249 247 231 211 104 103 94 95 97 98 100 101 101 99 92 96 105 109 118 121 126 126 126 126 125 125 126 126 127 128 129 133 139 143 147 147 147 149 150 154 157 159 161 161 162 168 173 179 183 181 180 178 177 179 180 183 184 185 185 186 186 190 192 199 201 181 175 168 166 172 173 182 183 238 247 247 247 247 247 247 247 247 247 247 247 247 247 
247 247 247 247 247 247 247 247 247 247 247 247 251 247 220 199 90 90 91 92 98 100 106 105 103 102 98 99 102 105 111 115 122 122 122 122 121 122 123 123 123 123 124 128 132 137 142 143 145 146 146 151 155 157 159 160 161 166 170 177 181 180 179 177 176 178 179 182 183 183 183 184 184 185 185 195 198 184 180 166 163 180 184 181 181 234 243 247 248 247 247 247 247 247 247 247 247 247 247 
247 247 247 247 247 247 247 247 247 247 247 247 251 246 217 196 90 91 91 93 100 102 109 108 102 101 98 99 103 106 112 114 120 121 121 122 122 122 124 124 125 126 127 130 134 139 144 145 146 147 148 152 156 158 159 160 161 165 168 175 179 178 178 177 176 178 179 182 183 183 183 184 184 185 185 194 197 185 181 168 165 179 182 179 178 232 241 247 248 247 247 247 247 247 247 247 247 247 247 
247 247 247 247 247 247 247 247 247 247 247 248 252 245 205 187 93 93 91 94 107 110 121 116 101 100 98 101 107 109 114 114 115 117 120 122 125 126 127 129 133 135 138 140 143 146 150 151 152 153 154 157 159 160 161 161 161 162 162 169 173 174 174 175 176 177 178 182 184 185 186 186 186 185 185 190 192 187 186 176 173 177 178 170 169 225 234 247 249 247 247 247 247 247 247 247 247 247 247 
247 247 247 247 247 247 247 247 247 247 247 248 252 245 200 183 92 92 92 95 111 113 122 117 102 101 99 102 109 111 116 115 115 116 119 121 125 126 129 131 135 137 140 142 145 148 151 152 153 154 155 158 161 161 162 162 162 162 162 168 172 173 174 175 176 178 179 183 185 187 187 187 186 185 184 190 191 189 188 178 175 177 177 170 169 222 230 247 249 247 247 247 247 247 247 247 247 247 247 
247 247 247 247 247 247 247 247 247 247 247 248 253 243 184 169 90 91 94 100 122 123 126 121 107 106 102 106 116 117 121 119 116 116 117 120 124 128 135 137 141 144 147 148 150 152 155 156 158 159 160 163 166 165 165 165 165 163 162 166 168 172 174 177 178 181 182 187 189 191 192 188 187 184 183 188 189 194 195 185 182 175 174 171 171 212 219 246 250 247 247 247 247 247 247 247 247 247 247 
247 247 247 247 247 247 247 247 247 247 247 248 253 243 182 168 92 93 95 100 120 121 123 119 107 106 103 107 117 118 122 121 118 118 117 120 124 128 135 137 141 143 147 148 150 151 153 155 157 159 160 163 166 165 165 165 165 163 162 165 167 172 175 176 177 180 181 186 188 190 191 188 187 185 184 187 188 193 194 187 185 178 177 173 173 209 216 246 250 247 247 247 247 247 247 247 247 247 247 
247 247 247 247 247 247 247 247 247 247 247 248 252 241 177 165 99 99 97 101 115 115 116 114 107 107 106 110 120 121 125 124 123 122 119 120 123 128 135 138 142 144 146 147 149 149 150 153 156 158 160 163 165 166 167 167 167 164 161 163 165 172 177 176 176 179 180 184 186 187 187 187 187 187 187 186 186 191 192 194 194 187 186 179 178 202 206 245 250 247 247 247 247 247 247 247 247 247 247 
247 247 247 247 247 247 247 247 247 247 247 247 251 240 171 160 101 100 97 100 112 111 111 110 106 107 108 111 119 120 123 122 122 121 121 122 125 129 135 137 141 142 144 145 145 145 146 149 152 154 156 159 161 162 163 165 166 162 159 160 162 170 174 173 173 175 176 180 182 183 184 186 187 188 189 189 189 192 193 194 195 189 188 180 179 203 207 245 250 247 247 247 247 247 247 247 247 247 247 
247 247 247 247 247 247 247 247 247 247 247 247 251 238 157 149 105 104 98 99 103 102 100 101 105 107 112 114 118 118 117 117 118 121 126 128 131 133 135 136 138 138 139 138 136 136 135 138 141 144 147 149 150 152 154 158 162 157 153 154 154 163 168 166 165 166 166 170 172 176 177 183 186 193 195 197 198 196 195 197 197 195 195 183 181 206 210 245 250 247 247 247 247 247 247 247 247 247 247 
247 247 247 247 247 247 247 247 247 247 247 248 250 236 151 143 100 99 93 94 99 99 97 99 105 107 113 114 118 118 117 118 120 123 128 130 133 134 136 136 136 134 133 131 128 128 128 131 133 136 140 142 144 146 148 153 157 152 149 149 149 156 160 155 153 151 150 152 153 158 161 168 171 180 183 192 195 197 197 197 197 195 195 182 179 205 209 245 250 247 247 247 247 247 247 247 247 247 247 
247 247 247 247 247 247 247 247 247 247 248 248 248 233 139 131 88 87 82 84 91 91 90 94 106 108 115 116 119 119 118 120 124 128 135 136 138 138 138 135 131 126 118 114 110 111 112 113 115 119 123 127 130 132 133 140 146 142 139 138 137 141 143 131 124 116 112 110 109 119 123 133 137 150 155 179 187 199 203 198 197 195 195 179 176 203 207 245 250 247 247 247 247 247 247 247 247 247 247 
247 247 247 247 247 247 247 247 247 247 248 248 247 231 135 126 83 82 79 81 89 90 92 96 108 110 116 117 120 120 120 122 128 130 134 132 128 125 122 118 112 107 100 97 93 94 94 97 99 105 111 116 121 124 126 136 143 140 137 134 133 131 130 114 106 95 89 86 85 93 97 108 113 126 130 157 165 191 199 199 199 198 197 179 176 202 206 245 250 247 247 247 247 247 247 247 247 247 247 
247 247 247 247 247 247 247 247 247 247 248 248 245 228 126 118 73 73 73 75 85 88 97 101 113 115 120 121 122 122 123 127 136 135 132 123 106 99 88 81 71 67 61 60 58 58 57 62 67 76 85 93 101 107 113 127 138 135 133 128 124 110 101 80 68 50 40 35 33 39 41 55 61 74 78 109 119 174 190 200 203 203 203 180 176 200 204 244 250 247 247 247 247 247 247 247 247 247 247 
247 247 247 247 247 247 247 247 247 247 248 247 244 228 124 115 69 70 73 76 85 88 100 104 115 116 120 121 122 122 123 125 130 124 114 104 85 80 70 66 59 56 52 51 49 49 49 53 58 66 73 82 90 100 109 125 137 137 137 128 122 104 92 77 68 55 48 46 45 52 55 69 74 84 88 105 110 158 171 196 202 205 206 181 176 199 202 244 250 247 247 247 247 247 247 247 247 247 247 
247 247 247 247 247 247 247 247 247 247 248 248 244 227 121 112 63 65 74 76 85 90 107 110 118 119 122 122 123 123 124 122 118 105 80 68 46 42 36 36 35 35 35 34 32 32 33 37 41 46 51 60 69 87 102 120 135 141 145 129 119 92 76 72 69 66 65 68 69 79 83 95 100 105 107 97 94 126 135 188 201 209 211 182 176 197 200 244 250 247 247 247 247 247 247 247 247 247 247 
247 247 247 247 247 247 247 247 247 247 249 249 245 228 122 113 67 68 73 75 82 88 108 111 120 121 123 123 122 122 122 115 101 89 67 61 50 49 49 50 52 52 53 50 45 45 44 48 52 54 55 62 68 86 102 122 138 146 151 133 122 96 80 76 73 66 62 61 61 68 71 83 88 97 100 102 102 127 133 180 192 209 212 181 175 196 199 244 250 248 248 247 247 247 247 247 247 247 247 
247 247 247 247 247 247 247 247 247 248 252 251 247 230 124 116 73 73 71 72 78 85 110 113 124 124 124 123 121 120 118 103 71 62 44 49 57 62 71 75 82 84 86 78 68 66 64 68 73 68 62 65 68 86 101 126 145 155 162 141 127 102 87 83 81 65 57 50 46 49 50 62 66 82 87 111 118 128 131 168 177 208 215 181 175 195 198 245 251 249 249 247 247 247 247 247 247 247 247 
247 247 247 247 247 247 247 247 247 246 241 240 235 219 126 118 76 75 70 71 79 86 113 116 126 126 124 124 122 117 107 95 68 63 53 54 57 57 58 59 60 62 66 64 63 60 57 62 67 63 59 64 68 88 105 129 149 159 166 144 130 102 85 78 74 63 57 51 48 50 51 63 68 75 77 90 94 119 126 163 172 206 214 181 175 183 185 227 233 243 244 247 247 247 247 247 247 247 247 
247 247 247 247 247 247 247 247 247 244 222 221 215 203 130 122 82 79 68 70 80 88 118 121 130 129 125 125 124 114 90 82 64 65 68 64 57 49 37 32 24 28 33 43 55 51 47 52 58 56 54 61 68 92 112 136 155 165 172 150 136 102 81 69 63 60 58 53 51 52 53 67 72 65 62 57 56 104 118 156 165 204 212 180 174 165 163 198 203 233 236 247 248 247 247 247 247 247 247 
247 247 247 247 247 247 249 247 232 226 171 171 173 164 113 107 78 76 68 71 84 92 122 123 128 127 125 124 123 113 91 84 69 65 57 53 48 46 42 41 38 43 50 61 75 70 64 62 60 58 55 62 68 93 114 135 152 162 169 151 139 110 93 81 75 69 66 66 66 74 78 93 98 97 96 84 81 100 106 145 155 201 211 184 178 160 158 174 177 219 223 247 250 247 247 247 247 247 247 
247 247 247 247 247 247 252 249 210 198 95 97 109 106 87 85 72 71 67 72 90 98 127 127 125 125 125 124 121 113 93 88 76 64 40 38 34 40 51 54 59 66 75 88 104 98 90 78 64 61 58 64 69 95 117 134 148 158 166 153 144 124 111 99 93 84 79 85 88 107 115 132 138 145 148 125 118 94 87 129 139 198 211 189 185 155 150 139 137 198 205 248 252 247 247 247 247 247 247 
247 247 247 247 247 247 252 248 197 186 87 89 104 102 91 89 77 75 68 73 95 102 127 126 122 122 122 119 112 104 84 78 65 59 46 48 51 58 68 70 73 77 83 89 97 91 83 77 70 68 67 73 79 101 120 134 145 156 165 156 151 133 123 114 109 99 93 93 93 103 107 120 125 135 138 128 125 111 107 134 141 193 205 194 192 164 160 138 135 196 203 248 252 247 247 247 247 247 247 
247 247 247 247 247 247 253 247 179 169 77 80 98 98 97 95 84 81 69 76 103 109 128 126 119 119 118 113 99 91 73 66 51 52 54 62 76 82 91 92 93 93 94 91 88 82 75 76 78 79 80 86 92 110 125 135 142 154 163 161 160 147 139 134 131 119 113 103 99 98 97 104 107 120 125 133 136 135 135 142 144 187 197 201 202 178 174 138 133 194 201 248 252 247 247 247 247 247 247 
247 247 247 247 247 247 253 247 179 170 85 87 105 104 100 99 96 92 74 79 100 106 127 125 120 119 116 111 97 91 77 73 66 67 68 72 78 81 84 85 87 89 93 93 94 93 92 93 95 93 91 96 101 116 129 137 144 154 162 164 165 155 149 145 143 136 132 125 121 118 117 120 121 129 131 140 142 148 150 155 157 187 194 202 204 181 177 142 137 192 198 248 252 247 247 247 247 247 247 
247 247 247 247 247 247 253 247 180 171 95 97 114 112 103 104 112 106 81 84 97 103 126 125 121 119 113 108 96 92 82 83 85 85 86 84 81 79 76 77 79 84 91 95 101 107 113 115 117 111 104 109 113 124 134 141 146 154 160 167 172 166 162 160 159 158 157 152 150 144 142 141 140 139 139 148 151 165 169 172 173 188 191 204 206 185 182 147 142 190 195 247 252 247 247 247 247 247 247 
247 247 247 247 247 247 253 247 177 169 98 101 118 117 112 112 111 107 87 90 99 105 126 125 120 119 115 112 105 103 99 100 103 103 101 100 99 98 97 99 103 105 109 111 114 117 120 118 116 113 109 115 120 129 137 144 150 156 161 170 176 171 167 164 162 161 161 156 155 151 150 150 150 148 147 154 156 171 176 182 183 190 191 201 203 186 183 151 146 187 191 247 252 247 247 247 247 247 247 
247 247 247 247 247 247 253 247 173 166 102 105 123 123 122 120 111 108 95 96 102 107 126 125 120 119 117 116 115 116 118 120 125 123 120 120 120 121 122 126 131 131 130 130 129 129 129 123 116 116 115 122 128 134 140 148 154 159 163 173 180 176 174 168 165 165 165 162 160 160 160 161 162 158 157 161 162 179 184 194 196 192 191 198 199 186 184 155 151 183 187 247 252 247 247 247 247 247 247 
247 247 247 247 247 247 253 247 180 173 106 108 123 122 114 111 93 94 102 104 114 116 124 123 119 119 120 119 118 121 127 130 136 135 132 132 133 133 133 135 137 134 131 130 129 129 128 122 115 114 113 119 126 134 142 149 154 159 162 171 178 177 176 163 156 151 148 153 156 162 165 166 167 164 164 166 167 180 183 195 198 198 198 190 188 176 173 160 158 192 196 247 251 247 247 247 247 247 247 
247 247 247 247 247 247 253 248 188 180 111 112 123 121 106 101 73 80 110 113 127 126 121 121 119 120 123 122 121 126 138 141 148 147 145 146 147 146 145 145 144 139 132 131 130 129 128 121 114 112 110 117 123 135 145 151 155 158 160 170 176 177 178 158 147 135 129 145 152 165 170 171 172 171 171 173 173 181 183 197 201 204 205 181 177 164 162 166 166 202 206 247 251 247 247 247 247 247 247 
247 247 247 247 247 247 252 248 210 200 121 119 114 111 95 90 66 74 112 115 130 127 119 119 121 122 124 124 126 130 142 144 148 147 145 146 148 148 148 147 145 140 135 133 132 124 115 110 105 108 112 118 125 136 146 150 154 156 158 166 173 179 183 166 156 142 135 129 126 139 145 159 165 170 172 176 178 184 186 194 197 206 209 185 181 161 158 173 175 216 221 247 250 247 247 247 247 247 247 
247 247 247 247 247 247 250 248 231 221 130 127 105 102 84 80 58 68 114 118 132 128 116 118 123 123 124 126 130 135 146 147 148 147 145 146 148 149 151 149 145 142 138 136 133 119 102 99 96 105 113 120 127 137 146 150 153 154 155 163 169 181 188 173 165 148 140 113 100 113 119 146 157 168 172 180 182 187 188 192 193 209 212 189 185 157 153 180 184 231 236 248 249 247 247 247 247 247 247 
247 247 247 247 247 247 248 248 240 231 145 139 100 98 83 82 72 81 118 121 131 128 115 116 119 119 122 124 130 133 141 141 141 141 141 143 146 147 148 145 141 137 132 123 112 103 93 105 117 123 128 129 130 136 141 147 151 153 154 164 171 180 185 178 175 170 167 138 124 102 93 116 125 149 157 171 176 182 183 186 187 204 208 189 185 153 147 184 189 237 242 247 248 247 247 247 247 247 247 
247 247 247 247 247 247 247 247 249 240 159 151 96 94 83 83 86 93 123 125 131 127 115 115 115 116 120 123 130 132 136 135 134 135 138 140 144 144 145 142 138 133 127 112 92 89 86 110 137 140 142 138 134 136 137 144 150 152 154 165 173 179 183 184 184 189 192 161 146 92 69 88 96 131 143 164 170 177 179 181 181 200 204 189 186 148 142 188 194 243 248 247 247 247 247 247 247 247 247 
247 247 247 247 247 247 247 247 251 243 170 161 95 94 87 88 97 103 127 128 131 128 118 117 114 115 117 119 124 124 125 125 124 125 126 128 132 132 132 130 127 118 106 94 78 86 95 111 128 129 130 124 119 117 115 125 132 138 142 151 156 158 159 156 154 158 160 150 146 107 90 80 76 106 116 140 148 158 162 169 171 192 196 190 189 151 145 190 196 244 249 247 247 247 247 247 247 247 247 
247 247 247 247 247 247 247 247 253 246 179 169 94 93 90 93 107 111 130 130 131 129 121 119 113 114 115 116 119 118 116 116 115 116 117 119 122 122 122 120 118 106 89 79 67 83 102 111 121 120 119 112 106 101 96 108 118 126 132 138 142 140 138 132 129 131 132 142 146 120 109 74 60 84 93 120 129 143 147 159 162 185 190 191 191 153 147 192 198 245 250 247 247 247 247 247 247 247 247 
247 247 247 247 247 247 247 247 252 246 192 181 101 100 96 98 109 112 128 128 131 129 122 120 116 115 115 114 111 109 104 104 105 106 107 109 112 112 111 107 100 88 71 72 72 80 89 88 87 84 81 77 73 73 72 86 96 106 114 122 127 123 120 114 110 121 126 139 145 133 127 88 73 72 72 100 109 129 135 150 154 176 182 187 189 162 158 198 203 245 250 247 247 247 247 247 247 247 247 
247 247 247 247 247 247 247 247 252 247 202 191 107 106 100 102 111 114 126 127 131 129 123 122 118 117 115 112 105 102 94 95 97 98 100 101 104 104 103 96 86 74 58 66 76 77 79 70 60 56 52 50 48 51 54 68 79 91 100 109 115 110 107 99 95 113 122 138 145 143 142 100 83 62 55 84 93 119 126 143 147 170 175 185 187 170 167 203 208 246 250 247 247 247 247 247 247 247 247 
247 247 247 247 247 247 247 247 250 247 219 207 117 116 108 109 113 114 119 121 129 128 123 122 119 117 112 107 95 93 87 88 89 90 91 92 93 92 88 79 66 64 61 69 78 78 79 70 61 56 51 48 46 46 46 57 65 78 86 100 109 116 121 123 124 132 136 143 146 145 145 117 107 73 61 69 72 102 110 133 139 161 166 180 183 181 180 214 218 246 249 247 247 247 247 247 247 247 247 
247 247 247 247 247 247 247 247 249 247 232 219 125 123 114 114 114 114 115 117 127 126 124 123 120 117 110 104 88 86 82 83 84 84 85 85 86 83 78 68 52 57 64 71 80 80 79 71 62 56 50 47 45 42 40 49 56 68 77 93 104 121 132 140 145 146 146 147 147 147 147 130 124 80 65 59 57 90 99 127 134 155 160 177 180 189 190 222 226 247 249 247 247 247 247 247 247 247 247 
247 247 247 247 247 247 247 247 248 247 243 234 163 158 127 126 126 125 118 121 132 130 123 122 121 118 110 103 84 81 77 77 79 78 76 76 76 71 63 60 56 63 72 77 83 83 84 80 76 72 68 67 66 66 66 75 82 89 94 103 109 125 134 143 147 147 148 147 147 145 144 135 132 102 92 67 59 79 85 123 133 152 156 173 177 194 196 231 236 247 248 247 247 247 247 247 247 247 247 
247 247 247 247 247 247 247 247 247 247 251 243 188 181 135 135 134 132 121 124 136 133 122 122 122 119 110 102 81 79 73 74 76 74 71 70 69 63 53 55 59 67 78 81 85 86 87 86 85 83 81 80 80 82 84 92 99 103 106 110 113 127 136 144 149 149 149 148 147 143 142 139 138 117 110 72 60 72 75 121 132 149 153 171 175 197 201 238 243 247 248 247 247 247 247 247 247 247 247 
247 247 247 247 247 247 247 247 247 247 250 246 218 207 141 137 122 130 165 165 162 152 119 120 123 119 109 102 84 80 71 72 75 73 70 68 64 62 58 61 66 71 79 83 87 89 92 93 94 93 93 94 95 97 99 107 113 116 118 121 123 133 138 142 145 143 142 142 142 141 140 139 138 126 122 90 80 79 79 121 131 151 155 165 167 183 185 235 242 247 248 247 247 247 247 247 247 247 247 
247 247 247 247 247 247 247 247 247 247 249 247 236 223 144 139 115 129 193 190 178 165 117 119 124 120 109 103 86 81 70 72 75 73 70 67 62 62 62 65 70 74 80 84 89 92 95 97 99 100 100 102 104 106 108 116 122 124 125 128 130 136 140 141 142 139 138 139 139 139 139 139 139 132 129 101 92 84 82 121 131 152 157 161 162 174 176 234 242 247 248 247 247 247 247 247 247 247 247 
247 247 247 247 247 247 247 247 247 247 248 247 244 234 176 173 159 172 231 223 191 174 114 115 120 117 107 103 91 85 70 72 77 76 76 71 64 66 68 71 74 77 81 82 84 83 83 82 82 81 80 80 80 82 83 90 96 103 107 110 112 116 118 120 121 116 114 96 87 86 86 105 112 115 117 103 99 101 101 126 132 161 168 202 208 207 207 240 245 247 247 247 247 247 247 247 247 247 247 
247 247 247 247 247 247 247 247 247 247 247 247 248 240 194 192 184 196 252 241 199 180 112 113 118 115 107 103 94 87 70 73 78 78 79 74 65 68 72 74 77 79 82 82 81 79 76 75 73 71 69 68 67 68 69 76 82 91 97 100 102 104 106 108 109 104 101 72 58 57 56 86 97 107 110 105 103 110 112 129 133 167 174 224 234 225 224 244 247 247 247 247 247 247 247 247 247 247 247 
247 247 247 247 247 247 247 247 247 247 247 247 247 245 231 230 228 232 251 244 214 193 118 117 115 113 105 103 98 91 72 73 77 81 89 83 73 71 69 66 62 58 53 49 45 48 52 59 66 65 64 65 66 72 78 81 83 96 105 118 126 133 138 141 143 143 143 88 62 35 24 52 63 98 111 109 108 124 128 134 135 178 187 236 246 242 241 246 247 247 247 247 247 247 247 247 247 247 247 
247 247 247 247 247 247 247 247 247 247 247 247 247 247 250 250 251 251 251 245 222 200 121 119 114 111 104 103 101 93 73 74 76 82 94 88 77 74 68 62 54 47 38 33 27 33 40 51 62 62 61 63 65 75 83 84 84 99 109 127 139 148 154 158 160 163 165 96 64 25 8 35 46 94 111 111 111 131 137 136 136 184 194 243 252 250 250 247 247 247 247 247 247 247 247 247 247 247 247 
247 247 247 247 247 247 247 247 247 247 247 247 247 247 248 248 248 248 249 247 238 217 141 134 112 109 102 102 104 98 84 80 71 80 97 94 88 81 70 54 32 25 16 25 36 52 71 88 105 108 111 115 119 133 145 146 148 155 159 174 183 183 183 186 188 187 187 118 85 50 34 77 93 114 122 120 119 136 141 140 139 197 210 244 251 248 248 247 247 247 247 247 247 247 247 247 247 247 247 
247 247 247 247 247 247 247 247 247 247 247 247 247 247 247 247 247 247 248 248 246 225 151 141 111 108 101 102 105 101 90 83 69 79 98 97 94 85 71 51 21 15 6 21 40 61 86 105 126 130 134 140 145 161 174 176 178 181 183 196 204 199 196 199 201 198 197 128 95 61 47 96 115 124 127 124 123 139 143 141 141 203 217 245 250 247 247 247 247 247 247 247 247 247 247 247 247 247 247 
247 247 247 247 247 247 247 247 247 247 247 247 247 247 247 247 247 247 247 248 250 235 184 166 112 109 101 100 97 99 104 93 70 77 92 96 102 94 81 71 55 42 24 38 54 78 106 122 139 143 148 154 159 169 177 185 191 190 189 196 201 196 194 192 191 175 167 121 99 100 100 132 143 130 125 130 131 137 138 148 150 215 230 246 249 247 247 247 247 247 247 247 247 247 247 247 247 247 247 
247 247 247 247 247 247 247 247 247 247 247 247 247 247 247 247 247 247 247 248 252 240 198 177 112 109 101 99 94 99 110 97 70 77 90 96 106 98 86 79 69 53 32 45 61 86 115 129 144 149 154 160 166 173 179 189 197 194 192 197 200 196 193 189 187 165 154 118 101 116 123 147 156 132 124 132 135 136 136 150 154 220 235 247 249 247 247 247 247 247 247 247 247 247 247 247 247 247 247 
247 247 247 247 247 247 247 247 247 247 247 247 247 247 247 247 247 247 247 247 250 245 227 203 129 122 100 97 90 95 107 99 82 81 79 91 111 102 88 91 96 88 76 72 65 72 80 91 102 102 103 107 110 122 132 143 152 154 155 153 152 147 144 146 148 138 134 129 128 142 148 155 157 133 125 134 137 134 133 164 171 230 243 247 247 247 247 247 247 247 247 247 247 247 247 247 247 247 247 
247 247 247 247 247 247 247 247 247 247 247 247 247 247 247 247 247 247 247 247 249 247 238 213 136 127 100 97 88 93 106 100 87 83 75 89 113 104 89 96 107 102 94 82 67 67 67 76 86 85 83 86 89 103 114 126 135 138 141 136 133 128 125 130 133 128 126 134 138 152 158 158 158 134 125 135 138 133 132 169 178 235 247 247 247 247 247 247 247 247 247 247 247 247 247 247 247 247 247 
247 247 247 247 247 247 247 247 247 247 247 247 247 247 247 247 247 247 247 247 247 248 248 231 177 157 98 95 88 90 93 94 95 86 67 81 105 102 96 100 106 106 106 97 87 84 80 82 84 86 88 95 101 109 117 121 124 125 126 130 132 142 148 150 151 147 145 152 156 161 164 159 156 137 131 136 138 137 137 191 204 241 249 247 247 247 247 247 247 247 247 247 247 247 247 247 247 247 247 
247 247 247 247 247 247 247 247 247 247 247 247 247 247 247 247 247 247 247 247 247 248 252 238 192 167 97 94 88 88 89 92 98 87 65 79 103 101 98 101 106 108 110 103 94 90 85 84 83 87 90 98 105 112 118 119 120 121 121 128 132 148 157 158 158 154 152 159 162 165 166 159 156 139 133 137 138 139 139 199 214 244 250 247 247 247 247 247 247 247 247 247 247 247 247 247 247 247 247 
247 247 247 247 247 247 247 247 247 247 247 247 247 247 247 247 247 247 247 247 247 247 250 245 231 203 124 113 85 85 84 87 94 87 72 78 89 96 107 104 99 105 112 108 104 99 94 92 90 90 89 94 99 107 113 116 118 119 120 127 131 141 147 151 152 157 160 166 169 167 166 153 148 143 141 138 136 156 161 222 237 246 248 247 247 247 247 247 247 247 247 247 247 247 247 247 247 247 247 
247 247 247 247 247 247 247 247 247 247 247 247 247 247 247 247 247 247 247 247 247 247 249 248 243 214 133 119 84 84 83 86 93 87 75 79 85 94 110 105 97 104 113 110 107 102 97 95 92 91 89 94 98 105 111 115 118 119 120 127 131 139 144 148 151 158 162 168 171 167 166 152 146 145 144 138 136 161 168 229 244 247 248 247 247 247 247 247 247 247 247 247 247 247 247 247 247 247 247 
247 247 247 247 247 247 247 247 247 247 247 247 247 247 247 247 247 247 247 247 247 247 247 248 250 235 193 165 94 90 81 82 85 85 84 81 75 89 111 103 91 97 105 108 112 108 103 100 96 92 88 87 85 89 92 99 104 108 111 115 118 127 133 143 149 160 165 168 169 162 160 151 147 147 147 145 144 195 210 241 248 247 247 247 247 247 247 247 247 247 247 247 247 247 247 247 247 247 247 
247 247 247 247 247 247 247 247 247 247 247 247 247 247 247 247 247 247 247 247 247 247 247 248 252 241 210 178 97 92 81 82 83 84 87 82 72 87 112 103 90 95 103 107 113 109 105 101 97 93 88 85 82 85 87 94 100 105 109 112 114 124 130 142 149 160 166 167 168 161 158 151 148 148 148 147 147 205 222 244 250 248 247 247 247 247 247 247 247 247 247 247 247 247 247 247 247 247 247 
247 247 247 247 247 247 247 247 247 247 247 247 247 247 247 247 247 247 247 247 247 247 247 247 248 247 244 219 158 135 82 81 80 83 87 82 73 82 98 100 102 98 93 101 110 109 109 106 103 99 94 89 84 85 85 89 92 98 103 109 113 125 132 145 152 161 166 165 164 159 157 156 155 150 148 179 188 232 244 247 248 247 247 247 247 247 247 247 247 247 247 247 247 247 247 247 247 247 247 
247 247 247 247 247 247 247 247 247 247 247 247 247 247 247 247 247 247 247 247 247 247 247 247 247 248 252 230 173 146 82 81 80 82 87 82 73 81 95 99 105 99 91 99 109 109 110 108 105 101 96 90 85 85 85 88 90 96 101 108 113 125 133 146 153 162 166 164 163 159 157 157 157 150 148 187 199 239 250 248 247 247 247 247 247 247 247 247 247 247 247 247 247 247 247 247 247 247 247 
247 247 247 247 247 247 247 247 247 247 247 247 247 247 247 247 247 247 247 247 247 247 247 247 247 247 249 244 231 200 126 110 76 78 82 82 82 81 78 92 111 104 93 97 102 104 107 105 104 103 102 102 101 102 102 104 105 109 112 121 128 137 142 152 157 163 166 164 164 162 162 161 160 168 171 220 236 246 248 247 247 247 247 247 247 247 247 247 247 247 247 247 247 247 247 247 247 247 247 
247 247 247 247 247 247 247 247 247 247 247 247 247 247 247 247 247 247 247 247 247 247 247 247 247 248 249 248 244 212 136 116 75 77 81 82 84 81 75 90 113 105 94 97 101 103 106 105 104 104 103 104 105 106 106 107 108 112 115 125 131 139 144 153 158 163 166 165 164 163 163 162 161 172 176 228 244 247 248 247 247 247 247 247 247 247 247 247 247 247 247 247 247 247 247 247 247 247 247 
247 247 247 247 247 247 247 247 247 247 247 247 247 247 247 247 247 247 247 247 247 247 247 247 247 247 247 248 250 239 213 177 101 92 75 79 87 83 75 83 94 101 110 106 101 103 105 105 104 103 103 106 109 112 114 118 121 126 130 137 142 146 149 155 158 160 161 162 162 166 167 168 169 204 216 241 249 247 247 247 247 247 247 247 247 247 247 247 247 247 247 247 247 247 247 247 247 247 247 
247 247 247 247 247 247 247 247 247 247 247 247 247 247 247 247 247 247 247 247 247 247 247 247 247 247 247 248 251 244 228 189 106 95 74 79 88 83 75 81 91 100 113 108 101 103 105 105 104 104 103 107 110 113 116 120 123 129 133 140 144 148 150 155 158 159 160 161 162 166 168 169 170 210 224 244 250 248 247 247 247 247 247 247 247 247 247 247 247 247 247 247 247 247 247 247 247 247 247 
247 247 247 247 247 247 247 247 247 247 247 247 247 247 247 247 247 247 247 247 247 247 247 247 247 247 247 247 247 248 249 230 190 154 85 84 81 81 82 80 78 92 110 110 109 109 109 109 108 109 109 112 116 119 122 125 127 132 135 141 144 150 154 158 160 157 155 161 164 170 172 190 197 233 245 247 247 247 247 247 247 247 247 247 247 247 247 247 247 247 247 247 247 247 247 247 247 247 247 
247 247 247 247 247 247 247 247 247 247 247 247 247 247 247 247 247 247 247 247 247 247 247 247 247 247 247 247 247 249 253 237 204 164 87 84 80 81 83 80 76 90 110 110 110 110 110 110 109 110 110 114 117 120 123 126 128 133 136 141 144 151 155 159 161 156 154 161 165 171 173 194 202 237 249 247 247 247 247 247 247 247 247 247 247 247 247 247 247 247 247 247 247 247 247 247 247 247 247 
247 247 247 247 247 247 247 247 247 247 247 247 247 247 247 247 247 247 247 247 247 247 247 247 247 247 247 247 247 247 248 248 247 219 166 134 77 78 79 77 74 81 91 99 109 111 114 117 120 117 114 115 116 118 119 121 123 126 128 134 138 144 148 153 157 156 156 165 169 178 182 217 231 244 249 247 247 247 247 247 247 247 247 247 247 247 247 247 247 247 247 247 247 247 247 247 247 247 247 
247 247 247 247 247 247 247 247 247 247 247 247 247 247 247 247 247 247 247 247 247 247 247 247 247 247 247 247 247 247 247 249 253 227 177 141 77 78 79 77 74 80 89 98 109 112 115 118 122 119 115 116 116 118 119 121 122 125 127 133 137 143 147 153 156 156 156 166 170 179 183 220 235 245 249 247 247 247 247 247 247 247 247 247 247 247 247 247 247 247 247 247 247 247 247 247 247 247 247 
247 247 247 247 247 247 247 247 247 247 247 247 247 247 247 247 247 247 247 247 247 247 247 247 247 247 247 247 247 247 247 247 248 246 242 211 155 123 71 70 68 71 74 81 91 95 100 105 110 114 118 119 119 120 121 121 122 123 123 130 135 138 140 146 150 153 155 159 161 194 208 237 248 247 247 247 247 247 247 247 247 247 247 247 247 247 247 247 247 247 247 247 247 247 247 247 247 247 247 
247 247 247 247 247 247 247 247 247 247 247 247 247 247 247 247 247 247 247 247 247 247 247 247 247 247 247 247 247 247 247 247 248 249 250 219 164 128 70 69 68 70 72 79 89 93 98 103 109 114 118 119 120 121 121 122 122 123 123 130 135 137 139 145 149 153 155 158 160 196 211 239 250 248 247 247 247 247 247 247 247 247 247 247 247 247 247 247 247 247 247 247 247 247 247 247 247 247 247 
247 247 247 247 247 247 247 247 247 247 247 247 247 247 247 247 247 247 247 247 247 247 247 247 247 247 247 247 247 247 247 247 247 248 249 247 242 209 154 122 75 68 58 62 66 70 76 81 87 92 98 103 108 112 116 119 121 119 118 121 123 125 126 128 129 126 125 153 165 219 242 246 248 247 247 247 247 247 247 247 247 247 247 247 247 247 247 247 247 247 247 247 247 247 247 247 247 247 247 
247 247 247 247 247 247 247 247 247 247 247 247 247 247 247 247 247 247 247 247 247 247 247 247 247 247 247 247 247 247 247 247 247 248 249 249 249 216 161 127 76 68 57 60 64 69 74 79 85 91 96 102 107 112 116 119 121 119 118 120 122 124 125 126 127 124 123 152 166 221 245 247 248 247 247 247 247 247 247 247 247 247 247 247 247 247 247 247 247 247 247 247 247 247 247 247 247 247 247 
247 247 247 247 247 247 247 247 247 247 247 247 247 247 247 247 247 247 247 247 247 247 247 247 247 247 247 247 247 247 247 247 247 247 247 247 248 247 244 229 205 175 133 108 75 68 59 58 58 61 65 70 75 82 88 92 95 93 93 94 95 94 94 96 97 128 144 202 230 244 249 248 247 247 247 247 247 247 247 247 247 247 247 247 247 247 247 247 247 247 247 247 247 247 247 247 247 247 247 
247 247 247 247 247 247 247 247 247 247 247 247 247 247 247 247 247 247 247 247 247 247 247 247 247 247 247 247 247 247 247 247 247 247 247 247 248 249 250 235 213 182 138 111 76 68 58 57 56 60 63 68 73 80 86 90 93 92 91 92 93 92 92 94 95 128 145 206 234 245 250 248 247 247 247 247 247 247 247 247 247 247 247 247 247 247 247 247 247 247 247 247 247 247 247 247 247 247 247 
247 247 247 247 247 247 247 247 247 247 247 247 247 247 247 247 247 247 247 247 247 247 247 247 247 247 247 247 247 247 247 247 247 247 247 247 247 247 247 248 250 249 246 236 224 209 192 172 150 124 98 80 63 60 57 60 63 64 64 70 75 98 112 155 179 218 238 246 249 248 247 247 247 247 247 247 247 247 247 247 247 247 247 247 247 247 247 247 247 247 247 247 247 247 247 247 247 247 247 
247 247 247 247 247 247 247 247 247 247 247 247 247 247 247 247 247 247 247 247 247 247 247 247 247 247 247 247 247 247 247 247 247 247 247 247 247 247 247 249 252 252 251 242 230 215 198 177 154 127 99 80 63 59 56 59 62 63 63 70 74 98 113 158 183 222 242 247 250 248 247 247 247 247 247 247 247 247 247 247 247 247 247 247 247 247 247 247 247 247 247 247 247 247 247 247 247 247 247 
247 247 247 247 247 247 247 247 247 247 247 247 247 247 247 247 247 247 247 247 247 247 247 247 247 247 247 247 247 247 247 247 247 247 247 247 247 247 247 247 247 247 247 248 249 251 252 252 252 247 242 229 218 208 200 197 194 197 199 210 218 233 242 247 250 249 248 247 247 247 247 247 247 247 247 247 247 247 247 247 247 247 247 247 247 247 247 247 247 247 247 247 247 247 247 247 247 247 247 
247 247 247 247 247 247 247 247 247 247 247 247 247 247 247 247 247 247 247 247 247 247 247 247 247 247 247 247 247 247 247 247 247 247 247 247 247 247 247 247 247 247 247 248 250 251 253 253 254 250 245 233 221 211 203 200 197 200 202 213 221 236 245 249 252 249 248 247 247 247 247 247 247 247 247 247 247 247 247 247 247 247 247 247 247 247 247 247 247 247 247 247 247 247 247 247 247 247 247 
