247 247 247 247 247 247 247 247 247 247 247 248 240 195 154 134 123 120 118 110 96 88 83 87 94 94 97 106 107 109 124 143 158 215 248 247 247 247 247 247 247 247 247 247 247 247 
247 247 247 247 247 247 247 247 247 247 248 234 184 147 136 115 108 105 99 96 83 88 90 91 93 99 110 117 110 105 105 120 140 158 219 248 247 247 247 247 247 247 247 247 247 247 
247 247 247 247 247 247 247 247 247 248 232 175 135 120 111 100 100 105 106 102 102 110 116 132 120 121 139 143 133 131 137 135 140 144 169 228 243 248 247 247 247 247 247 247 247 247 
247 247 247 247 247 247 247 247 248 231 171 136 105 92 102 114 126 136 143 144 149 147 147 154 158 163 170 173 174 178 189 190 186 179 163 167 212 247 247 247 247 247 247 247 247 247 
247 247 247 247 247 247 247 248 237 172 120 114 93 99 125 146 155 154 155 155 155 154 153 153 159 168 172 174 175 179 188 202 210 209 193 160 172 225 246 247 247 247 247 247 247 247 
247 247 247 247 247 247 248 245 192 124 101 101 93 114 139 150 151 151 151 153 154 154 153 153 157 164 167 170 171 173 180 191 203 209 209 183 150 180 234 248 247 247 247 247 247 247 
247 247 247 247 247 247 249 227 146 105 99 95 95 117 138 143 145 146 148 151 154 155 155 155 159 163 166 171 174 175 180 187 195 202 207 195 157 159 212 247 247 247 247 247 247 247 
247 247 247 247 247 247 249 198 116 96 105 97 93 111 131 136 136 137 141 147 154 158 156 156 162 164 168 178 182 182 186 191 193 196 202 197 166 161 191 236 248 247 247 247 247 247 
247 247 247 247 247 248 243 163 101 96 101 101 93 109 124 129 128 129 131 134 143 151 151 153 160 162 167 179 183 180 181 186 188 189 196 198 171 167 177 217 248 247 247 247 247 247 
247 247 247 247 247 249 235 140 92 97 104 102 97 105 116 123 123 123 124 125 132 142 145 148 156 160 164 175 180 178 178 182 184 184 187 196 176 169 181 209 246 247 247 247 247 247 
247 247 247 247 247 249 227 134 91 103 118 102 99 108 114 117 122 126 130 135 140 148 151 153 159 161 162 167 174 175 177 182 185 186 185 192 183 174 176 199 242 248 247 247 247 247 
247 247 247 247 247 250 215 124 93 116 125 107 104 117 120 117 120 130 138 145 149 154 157 160 166 165 164 164 171 176 180 187 191 188 184 190 192 180 173 192 235 248 247 247 247 247 
247 247 247 247 247 249 209 127 98 110 114 107 108 121 124 121 122 130 139 144 147 148 154 159 164 166 164 161 170 175 177 183 186 187 188 188 193 192 184 191 229 248 247 247 247 247 
247 247 247 247 247 249 196 120 97 99 98 105 113 118 118 122 130 134 136 135 132 130 135 143 147 152 156 150 157 160 156 158 165 175 187 196 197 196 190 193 231 248 247 247 247 247 
247 247 247 247 247 248 185 102 81 87 92 108 117 120 122 130 132 126 118 106 97 96 101 113 123 131 142 136 132 118 98 89 98 114 134 172 199 198 190 189 229 248 247 247 247 247 
247 247 247 247 247 246 177 89 72 83 99 114 121 123 125 124 101 77 63 54 49 48 57 74 93 116 137 131 108 79 56 47 54 73 89 117 177 203 195 188 227 248 247 247 247 247 
247 247 247 247 248 248 176 87 71 80 105 120 123 122 115 85 58 51 54 57 50 47 54 57 74 111 144 140 103 77 66 60 67 83 98 108 145 197 199 186 226 249 247 247 247 247 
247 247 247 247 243 234 173 95 72 77 110 126 124 119 93 63 57 55 52 56 61 56 64 59 74 117 156 153 109 77 63 51 51 67 74 90 134 183 199 177 204 236 246 247 247 247 
247 247 248 242 193 148 125 86 70 82 119 127 125 116 86 64 48 44 45 54 78 75 62 57 76 124 156 157 121 89 74 72 87 109 113 94 109 167 200 169 159 196 240 248 247 247 
247 247 248 232 146 92 97 85 72 93 124 121 119 101 74 56 55 71 81 86 92 82 74 74 91 128 150 160 143 124 108 97 101 115 132 129 124 159 200 183 150 175 236 248 247 247 
247 247 248 230 144 100 105 104 86 94 123 121 112 93 79 77 79 80 81 89 96 103 107 99 112 135 150 164 163 154 149 140 133 132 136 149 162 173 197 194 159 174 234 248 247 247 
247 247 248 228 145 111 120 114 98 100 123 120 116 112 114 117 114 114 119 123 124 126 117 114 128 142 156 169 176 168 164 160 157 158 155 163 184 192 194 193 166 173 232 248 247 247 
247 247 248 232 156 116 114 87 100 122 122 119 122 124 139 145 144 144 143 135 130 128 115 111 127 147 157 167 177 161 138 147 166 171 170 173 187 202 195 172 164 189 236 248 247 247 
247 247 248 244 192 119 93 69 99 128 118 122 124 133 146 146 146 149 147 139 131 105 99 116 130 147 153 161 178 176 152 115 113 148 169 182 188 197 202 171 169 216 245 247 247 247 
247 247 247 248 215 130 89 87 114 130 118 115 120 129 132 132 137 141 137 125 96 88 131 138 130 134 147 158 172 175 180 156 90 88 134 165 175 185 196 167 170 227 247 247 247 247 
247 247 247 249 225 143 94 102 123 131 123 115 115 115 111 111 115 118 113 91 72 92 106 102 91 91 114 129 133 125 126 141 123 72 85 123 145 166 188 173 177 230 248 247 247 247 
247 247 247 248 235 164 108 109 120 128 124 119 112 98 91 94 97 97 83 65 73 79 62 51 47 55 78 100 113 113 123 141 144 102 61 86 122 151 175 180 195 235 248 247 247 247 
247 247 247 247 245 197 135 122 119 128 124 120 107 84 79 80 79 73 60 65 79 82 72 62 59 61 78 96 120 141 147 147 145 131 84 62 98 140 165 185 214 242 248 247 247 247 
247 247 247 247 248 231 171 130 147 156 124 122 106 81 73 74 68 61 61 74 85 90 92 90 92 99 112 118 129 142 144 143 141 139 118 76 89 138 160 178 217 246 247 247 247 247 
247 247 247 247 247 245 203 160 206 197 123 120 106 86 72 76 70 66 71 79 84 84 84 83 84 89 103 111 118 122 120 100 93 113 117 98 105 142 179 203 225 246 247 247 247 247 
247 247 247 247 247 247 238 228 245 221 129 115 104 93 73 81 82 71 65 57 48 52 65 64 68 79 90 113 131 139 142 84 33 60 109 111 129 149 208 243 244 247 247 247 247 247 
247 247 247 247 247 247 247 248 249 241 154 113 102 100 81 80 94 79 46 20 31 67 105 114 127 149 155 172 185 187 189 115 46 89 121 122 141 159 225 249 247 247 247 247 247 247 
247 247 247 247 247 247 247 247 247 250 196 114 100 98 96 78 97 93 69 37 50 101 138 151 164 182 192 194 197 191 172 117 106 143 126 133 140 174 238 248 247 247 247 247 247 247 
247 247 247 247 247 247 247 247 247 249 235 136 99 92 100 82 92 100 97 92 71 72 91 92 102 127 144 145 137 137 133 132 150 157 127 137 141 195 246 247 247 247 247 247 247 247 
247 247 247 247 247 247 247 247 247 247 251 190 97 88 92 86 82 100 103 108 97 86 84 91 106 118 121 126 143 156 153 159 165 157 134 138 155 224 249 247 247 247 247 247 247 247 
247 247 247 247 247 247 247 247 247 247 249 240 135 85 85 86 80 97 102 107 109 100 93 89 98 110 117 123 135 147 158 168 166 148 144 142 189 246 248 247 247 247 247 247 247 247 
247 247 247 247 247 247 247 247 247 247 247 250 206 106 82 84 80 91 99 98 109 107 99 89 83 89 101 110 122 141 160 167 160 151 148 166 232 249 247 247 247 247 247 247 247 247 
247 247 247 247 247 247 247 247 247 247 247 247 244 174 92 81 81 83 100 97 103 109 105 97 91 92 98 110 127 146 162 164 160 158 158 216 249 247 247 247 247 247 247 247 247 247 
247 247 247 247 247 247 247 247 247 247 247 247 248 231 146 83 82 80 93 102 101 105 104 103 107 111 116 127 141 153 162 163 164 164 194 246 248 247 247 247 247 247 247 247 247 247 
247 247 247 247 247 247 247 247 247 247 247 247 247 247 214 124 82 81 82 103 107 107 106 107 114 121 128 138 148 156 158 162 169 182 234 248 247 247 247 247 247 247 247 247 247 247 
247 247 247 247 247 247 247 247 247 247 247 247 247 248 244 195 109 80 77 91 107 112 116 113 117 122 127 135 145 155 156 164 176 214 248 247 247 247 247 247 247 247 247 247 247 247 
247 247 247 247 247 247 247 247 247 247 247 247 247 247 248 239 180 100 72 76 93 104 113 117 119 121 123 129 139 148 154 162 193 239 248 247 247 247 247 247 247 247 247 247 247 247 
247 247 247 247 247 247 247 247 247 247 247 247 247 247 247 248 237 175 97 66 70 80 92 104 112 118 121 122 128 132 134 155 220 247 247 247 247 247 247 247 247 247 247 247 247 247 
247 247 247 247 247 247 247 247 247 247 247 247 247 247 247 247 248 238 200 138 84 64 63 72 83 95 99 98 100 101 126 196 243 247 247 247 247 247 247 247 247 247 247 247 247 247 
247 247 247 247 247 247 247 247 247 247 247 247 247 247 247 247 247 247 246 237 212 180 141 91 64 62 67 71 93 143 206 242 247 247 247 247 247 247 247 247 247 247 247 247 247 247 
247 247 247 247 247 247 247 247 247 247 247 247 247 247 247 247 247 247 247 247 248 249 246 231 206 190 188 198 221 241 247 247 247 247 247 247 247 247 247 247 247 247 247 247 247 247 
