247 247 247 247 247 247 247 247 247 247 247 247 247 247 248 249 249 211 174 151 137 124 124 119 119 115 105 94 87 83 84 89 95 94 93 99 105 108 105 113 129 142 153 167 227 248 248 247 247 247 247 247 247 247 247 247 247 247 247 247 247 
247 247 247 247 247 247 247 247 247 247 247 247 247 248 248 241 209 168 154 139 123 113 115 107 104 102 95 81 86 86 85 86 90 95 100 107 112 111 103 105 107 121 138 152 178 227 243 248 247 247 247 247 247 247 247 247 247 247 247 247 247 
247 247 247 247 247 247 247 247 247 247 247 247 248 247 234 205 168 142 135 122 108 102 103 101 98 94 90 84 95 97 103 105 100 99 113 123 125 119 107 112 113 118 128 139 149 191 229 247 248 247 247 247 247 247 247 247 247 247 247 247 247 
247 247 247 247 247 247 247 247 247 247 247 247 248 234 204 165 133 118 114 106 100 101 103 111 110 107 106 109 115 119 128 133 125 121 137 146 147 142 132 140 144 142 142 146 147 163 200 227 240 248 247 247 247 247 247 247 247 247 247 247 247 
247 247 247 247 247 247 247 247 247 247 247 248 241 202 163 136 111 92 95 99 104 116 121 135 139 141 143 148 144 144 149 154 156 159 166 170 173 174 173 181 188 187 181 176 170 158 162 185 219 249 247 247 247 247 247 247 247 247 247 247 247 
247 247 247 247 247 247 247 247 247 247 248 250 197 149 123 120 96 89 102 121 140 155 155 156 156 155 154 156 155 154 153 155 160 169 172 174 175 176 178 184 194 204 211 212 206 186 161 158 187 242 248 247 247 247 247 247 247 247 247 247 247 
247 247 247 247 247 247 247 247 247 248 250 209 141 112 104 101 90 100 122 139 151 155 153 152 153 154 155 155 153 152 152 152 155 163 168 170 172 172 173 176 183 193 203 209 211 207 186 162 153 185 241 246 247 247 247 247 247 247 247 247 247 
247 247 247 247 247 247 247 247 247 246 238 159 120 103 99 100 91 109 129 142 148 150 150 150 151 152 154 154 153 153 153 154 156 163 165 167 169 171 171 174 180 188 195 203 209 210 198 173 150 156 217 242 248 247 247 247 247 247 247 247 247 
247 247 247 247 247 247 247 247 248 242 215 123 106 100 98 95 92 111 129 139 144 145 146 147 148 150 153 154 155 155 155 156 158 163 164 167 170 173 173 176 181 185 191 198 204 207 202 182 156 146 194 235 247 247 247 247 247 247 247 247 247 
247 247 247 247 247 247 247 247 249 236 185 102 98 100 99 92 92 108 125 135 139 139 140 142 144 148 151 154 157 156 156 157 160 163 165 169 175 178 178 180 183 187 191 194 198 203 202 187 164 151 176 222 243 248 247 247 247 247 247 247 247 
247 247 247 247 247 247 247 247 248 226 150 90 94 103 106 99 91 103 119 129 134 133 133 134 138 143 149 156 158 157 156 158 162 163 165 172 180 186 184 184 188 192 193 193 194 199 200 187 167 163 166 203 233 249 247 247 247 247 247 247 247 
247 247 247 247 247 247 247 248 242 204 108 95 97 98 100 100 91 105 116 123 127 127 126 127 128 129 132 141 149 148 150 153 158 161 162 169 178 183 180 177 179 183 185 186 187 193 199 190 173 167 170 181 219 248 247 247 247 247 247 247 247 
247 247 247 247 247 247 247 249 238 192 93 92 97 102 104 102 96 102 110 117 123 123 122 123 124 124 126 134 143 145 146 149 156 159 161 167 175 181 179 176 178 181 183 184 184 186 194 190 176 164 181 181 215 245 248 247 247 247 247 247 247 
247 247 247 247 247 247 247 250 233 183 92 91 101 110 110 101 98 104 110 115 118 121 123 125 127 130 133 138 146 148 150 152 157 160 161 164 170 176 176 176 178 181 184 185 185 185 191 190 180 169 180 176 208 241 248 247 247 247 247 247 247 
247 247 247 247 247 247 247 251 227 172 92 92 108 118 116 103 99 109 115 116 116 119 125 129 133 138 142 145 151 153 155 157 161 162 162 162 166 172 174 176 179 183 186 188 186 185 188 190 186 176 176 171 201 235 249 247 247 247 247 247 247 
247 247 247 247 247 247 247 251 221 161 91 94 116 123 118 106 102 115 120 119 117 117 124 133 139 143 147 150 154 157 159 162 166 165 165 163 164 169 174 177 181 185 189 191 187 184 187 191 192 183 176 173 196 228 249 247 247 247 247 247 247 
247 247 247 247 247 247 247 250 218 158 99 97 111 116 113 107 106 119 124 124 122 119 123 133 139 144 146 149 150 154 158 161 165 167 167 163 163 167 177 176 179 183 186 187 187 187 186 189 192 194 186 180 193 220 250 247 247 247 247 247 247 
247 247 247 247 247 247 247 250 208 145 104 98 103 102 103 106 111 118 118 118 120 126 130 134 137 139 139 137 136 140 145 149 151 155 161 157 154 157 169 166 167 170 174 178 186 193 196 196 195 197 194 184 196 222 249 247 247 247 247 247 247 
247 247 247 247 247 247 248 248 201 132 93 87 93 94 98 107 114 118 118 120 125 132 136 137 135 130 123 118 119 122 126 132 136 139 149 146 143 143 150 137 130 128 131 140 152 165 182 194 200 197 195 182 194 221 250 247 247 247 247 247 247 
247 247 247 247 247 247 248 247 194 120 81 78 86 91 99 110 117 120 120 125 131 133 123 116 107 98 90 85 85 90 98 108 116 123 139 138 134 129 123 98 82 75 76 85 100 116 141 172 197 200 199 181 192 220 250 247 247 247 247 247 247 
247 247 247 247 247 247 248 246 189 112 70 73 83 93 105 115 120 122 123 127 128 117 90 77 67 59 54 51 51 58 68 81 94 110 133 136 131 117 94 69 52 44 45 53 71 83 103 139 181 202 205 183 190 218 250 247 247 247 247 247 247 
247 247 247 247 247 247 248 245 187 107 63 74 82 98 111 119 122 123 123 120 106 77 46 39 37 37 36 33 34 40 47 56 71 102 130 142 135 112 76 70 66 66 72 83 98 105 99 112 148 200 211 184 189 216 250 247 247 247 247 247 247 
247 247 247 247 247 247 251 249 190 112 73 71 77 97 115 124 124 121 119 95 64 45 57 68 78 84 83 68 64 70 68 64 70 101 138 156 148 120 87 81 63 51 47 51 66 84 107 123 140 177 214 185 187 215 251 249 247 247 247 247 247 
247 247 247 247 247 247 229 223 178 117 80 68 77 101 121 128 125 123 103 81 65 63 57 46 38 37 45 57 50 58 58 59 70 110 146 164 156 125 82 67 60 54 51 54 71 67 67 89 130 167 212 183 172 183 214 238 247 247 247 247 247 
247 247 247 248 247 225 154 149 130 97 76 67 82 108 125 127 125 122 101 82 66 51 43 45 45 50 62 84 73 65 59 60 71 115 145 162 157 133 99 81 73 72 78 92 112 113 101 96 109 149 210 188 167 158 169 217 246 248 247 247 247 
247 247 247 249 246 198 99 99 98 87 76 68 89 114 126 123 122 113 93 76 61 45 50 63 70 76 85 98 85 73 68 69 80 120 141 157 159 145 122 108 96 92 97 109 126 137 130 117 112 141 204 195 174 151 142 203 246 248 247 247 247 
247 247 247 249 244 179 90 94 99 96 88 71 96 117 125 119 117 100 82 66 57 60 77 86 90 92 93 90 81 83 84 87 97 126 140 155 162 158 142 136 124 113 106 105 112 125 134 139 142 148 195 201 188 162 141 200 246 249 247 247 247 
247 247 247 249 244 180 104 108 109 105 111 81 94 114 124 120 113 97 86 83 85 86 81 77 78 84 93 101 112 116 111 107 114 134 144 155 165 170 162 159 158 153 148 142 140 139 147 159 170 173 191 202 193 169 147 195 245 249 247 247 247 
247 247 247 249 243 173 109 116 122 118 111 94 100 116 124 119 117 114 115 119 121 118 118 119 124 128 128 127 128 119 115 118 128 140 151 159 169 178 173 165 164 162 159 159 161 156 159 170 185 194 191 197 191 173 154 187 244 249 247 247 247 
247 247 247 249 245 184 116 118 117 104 84 106 117 121 121 119 121 119 128 137 141 138 139 139 139 137 131 130 128 118 113 115 126 143 153 158 167 177 177 153 142 147 158 167 169 167 169 175 186 200 201 187 175 166 166 201 245 248 247 247 247 
247 247 247 249 246 210 129 116 105 88 66 112 126 123 119 121 124 125 137 145 147 145 148 148 146 141 134 132 116 108 108 115 126 146 152 156 163 174 183 157 140 130 131 146 165 170 175 181 188 197 208 187 168 163 180 221 246 248 247 247 247 
247 247 247 248 247 236 148 114 94 79 67 116 128 122 117 121 123 129 139 144 144 143 147 149 145 140 133 121 99 105 114 123 130 143 151 154 161 173 186 171 159 133 110 108 140 160 173 181 186 190 209 191 166 162 192 239 247 247 247 247 247 
247 247 247 247 247 249 169 116 90 84 88 123 129 122 115 115 120 128 133 134 134 137 143 143 139 132 119 90 87 122 138 138 132 135 146 151 160 173 180 181 186 166 124 73 94 133 157 171 178 180 203 190 162 159 199 248 247 247 247 247 247 
247 247 247 247 248 253 186 121 92 94 107 130 131 125 118 113 115 119 117 116 116 117 122 122 120 107 85 67 100 116 120 115 105 96 114 127 136 141 138 129 131 139 135 105 60 88 116 137 150 162 189 191 167 163 203 250 247 247 247 247 247 
247 247 247 247 247 252 204 135 102 101 110 127 130 126 121 117 115 108 100 99 101 103 107 106 97 80 65 74 82 73 66 61 57 61 81 98 111 118 112 101 118 135 143 132 79 63 85 111 133 149 177 185 175 177 211 250 247 247 247 247 247 
247 247 247 247 247 250 223 151 114 109 113 119 127 126 122 118 112 96 89 88 89 91 93 88 74 64 64 78 79 66 56 49 46 45 61 78 95 111 122 126 134 142 146 142 108 68 67 87 115 139 165 178 182 193 222 249 247 247 247 247 247 
247 247 247 247 247 248 240 179 137 122 122 117 128 126 122 119 110 87 80 80 80 79 79 70 60 60 71 82 82 74 67 61 59 58 71 83 96 112 133 146 147 147 146 144 129 89 67 71 98 133 157 173 187 207 234 248 247 247 247 247 247 
247 247 247 247 247 247 250 214 169 135 131 134 142 130 122 120 110 84 75 74 74 71 68 57 58 68 79 86 88 88 86 84 85 88 101 107 112 120 136 147 147 146 144 141 138 117 83 70 87 132 153 168 185 211 243 248 247 247 247 247 247 
247 247 247 247 247 247 249 240 194 137 117 193 181 143 120 122 109 88 75 72 74 70 62 62 67 74 81 89 95 98 100 101 104 108 120 124 127 132 140 142 139 139 139 139 139 130 105 88 92 131 156 161 170 197 243 248 247 247 247 247 247 
247 247 247 247 247 247 247 247 222 189 182 249 208 148 114 117 107 95 77 74 78 78 65 70 74 78 82 81 77 75 72 70 68 70 81 92 100 104 107 110 104 81 61 62 99 109 105 106 115 133 172 217 226 230 247 247 247 247 247 247 247 
247 247 247 247 247 247 247 247 242 235 234 251 223 159 117 114 105 99 80 74 80 89 74 70 63 56 48 41 49 60 64 64 66 79 83 97 115 131 141 147 148 104 50 23 59 103 109 118 131 135 187 233 245 244 247 247 247 247 247 247 247 
247 247 247 247 247 247 247 247 247 248 249 249 237 178 128 111 102 103 88 77 78 96 86 72 50 31 23 34 62 86 97 101 108 130 132 142 158 173 176 181 181 129 64 33 82 114 118 127 140 139 205 240 249 248 247 247 247 247 247 247 247 
247 247 247 247 247 247 247 247 247 247 247 248 248 200 146 110 101 102 98 83 76 96 98 79 51 27 19 46 92 121 136 143 152 175 182 185 193 201 195 197 187 139 89 74 127 126 126 133 142 145 221 243 248 247 247 247 247 247 247 247 247 
247 247 247 247 247 247 247 247 247 247 247 247 251 222 170 112 101 94 105 91 76 89 107 90 77 59 41 61 108 131 144 152 160 174 189 189 191 193 188 183 160 127 110 128 156 128 131 135 140 156 234 246 248 247 247 247 247 247 247 247 247 
247 247 247 247 247 247 247 247 247 247 247 247 249 243 201 131 100 89 101 97 84 77 113 93 100 102 90 67 67 81 85 85 91 114 132 139 138 132 125 133 128 132 144 158 158 130 133 135 141 178 246 247 247 247 247 247 247 247 247 247 247 
247 247 247 247 247 247 247 247 247 247 247 247 247 249 226 172 97 89 90 94 89 68 104 98 102 107 105 90 83 83 86 93 103 117 121 123 127 136 152 154 150 154 160 164 156 135 136 138 152 209 249 248 247 247 247 247 247 247 247 247 247 
247 247 247 247 247 247 247 247 247 247 247 247 247 249 241 210 120 88 85 90 89 72 91 103 102 104 110 102 93 90 89 92 101 113 118 120 125 134 148 153 157 163 167 164 149 141 138 145 173 233 248 247 247 247 247 247 247 247 247 247 247 
247 247 247 247 247 247 247 247 247 247 247 247 247 247 247 235 165 96 84 85 86 80 79 105 101 100 109 109 101 96 91 89 92 101 109 113 119 126 138 149 160 167 168 161 147 146 142 161 202 246 247 247 247 247 247 247 247 247 247 247 247 
247 247 247 247 247 247 247 247 247 247 247 247 247 247 248 246 218 121 90 82 83 86 72 102 99 96 102 112 106 101 94 88 83 87 96 104 110 117 130 149 162 166 164 157 150 148 154 187 232 249 247 247 247 247 247 247 247 247 247 247 247 
247 247 247 247 247 247 247 247 247 247 247 247 247 247 247 248 252 179 109 81 82 86 73 91 101 100 94 109 110 106 101 93 85 85 89 97 106 117 133 152 163 164 161 157 157 149 181 220 249 247 247 247 247 247 247 247 247 247 247 247 247 
247 247 247 247 247 247 247 247 247 247 247 247 247 247 247 247 249 243 167 106 77 81 84 77 98 105 95 101 106 104 103 103 104 105 107 112 121 133 144 157 164 165 163 163 161 173 219 245 248 247 247 247 247 247 247 247 247 247 247 247 247 
247 247 247 247 247 247 247 247 247 247 247 247 247 247 247 247 247 249 219 154 92 76 87 77 88 101 107 101 105 104 103 104 109 113 118 125 133 142 148 158 160 162 164 167 168 206 235 248 247 247 247 247 247 247 247 247 247 247 247 247 247 
247 247 247 247 247 247 247 247 247 247 247 247 247 247 247 247 247 249 244 202 139 81 83 80 81 94 110 106 107 107 107 109 114 120 125 131 138 145 152 159 157 160 166 172 187 230 244 248 247 247 247 247 247 247 247 247 247 247 247 247 247 
247 247 247 247 247 247 247 247 247 247 247 247 247 247 247 247 247 247 250 236 193 114 79 81 78 86 104 110 111 113 112 113 117 122 125 130 136 144 152 159 156 161 169 179 212 244 247 247 247 247 247 247 247 247 247 247 247 247 247 247 247 
247 247 247 247 247 247 247 247 247 247 247 247 247 247 247 247 247 247 247 250 235 180 86 79 75 78 90 107 113 119 118 115 117 119 121 125 131 138 146 155 156 163 174 190 236 247 247 247 247 247 247 247 247 247 247 247 247 247 247 247 247 
247 247 247 247 247 247 247 247 247 247 247 247 247 247 247 247 247 247 247 247 249 247 164 87 69 70 75 89 97 106 114 119 120 121 122 123 128 136 139 149 153 158 175 214 250 247 247 247 247 247 247 247 247 247 247 247 247 247 247 247 247 
247 247 247 247 247 247 247 247 247 247 247 247 247 247 247 247 247 247 247 247 248 249 239 166 105 69 60 67 76 85 93 101 109 117 120 119 120 124 126 129 127 147 188 241 248 247 247 247 247 247 247 247 247 247 247 247 247 247 247 247 247 
247 247 247 247 247 247 247 247 247 247 247 247 247 247 247 247 247 247 247 247 247 248 248 225 188 145 104 72 64 65 70 77 85 96 101 101 101 103 103 106 129 176 222 248 247 247 247 247 247 247 247 247 247 247 247 247 247 247 247 247 247 
247 247 247 247 247 247 247 247 247 247 247 247 247 247 247 247 247 247 247 247 247 247 247 248 237 214 180 144 121 105 89 76 69 73 78 79 81 87 101 132 173 215 243 248 247 247 247 247 247 247 247 247 247 247 247 247 247 247 247 247 247 
247 247 247 247 247 247 247 247 247 247 247 247 247 247 247 247 247 247 247 247 247 247 247 247 249 250 247 234 211 185 153 122 97 88 91 93 99 113 142 196 232 246 248 247 247 247 247 247 247 247 247 247 247 247 247 247 247 247 247 247 247 
247 247 247 247 247 247 247 247 247 247 247 247 247 247 247 247 247 247 247 247 247 247 247 247 247 247 247 250 253 254 250 238 220 203 198 200 210 225 245 252 249 247 247 247 247 247 247 247 247 247 247 247 247 247 247 247 247 247 247 247 247 
