247 247 247 247 247 247 247 247 247 247 247 247 247 248 249 236 198 158 141 125 124 120 119 114 102 92 86 82 86 94 94 93 98 105 108 106 114 134 148 159 206 240 249 247 247 247 247 247 247 247 247 247 247 247 247 247 
247 247 247 247 247 247 247 247 247 247 247 247 248 247 227 190 157 147 125 112 113 106 102 99 91 81 87 85 84 89 94 99 107 113 110 103 104 105 128 144 164 206 239 248 247 247 247 247 247 247 247 247 247 247 247 247 
247 247 247 247 247 247 247 247 247 247 247 248 247 219 180 150 134 125 106 100 100 100 97 92 88 89 99 103 116 105 102 113 126 129 120 111 116 117 121 132 141 168 212 247 248 247 247 247 247 247 247 247 247 247 247 247 
247 247 247 247 247 247 247 247 247 247 247 247 219 178 142 118 105 104 98 105 109 119 122 121 123 126 128 131 144 139 138 147 156 158 155 152 159 165 158 157 156 158 175 206 232 249 247 247 247 247 247 247 247 247 247 247 
247 247 247 247 247 247 247 247 247 247 249 221 172 141 120 99 92 103 116 133 136 143 147 147 149 151 149 149 153 157 162 168 172 174 175 176 183 193 195 193 188 176 164 169 204 246 247 247 247 247 247 247 247 247 247 247 
247 247 247 247 247 247 247 247 247 249 233 172 128 115 105 93 99 120 141 154 154 154 155 155 155 155 154 153 152 156 164 169 172 174 175 176 181 192 205 210 209 200 179 160 172 219 245 247 247 247 247 247 247 247 247 247 
247 247 247 247 247 247 247 247 247 246 191 128 105 101 96 95 112 136 150 153 152 151 152 153 154 154 153 152 152 154 161 165 168 170 171 172 176 183 195 204 209 210 198 171 149 174 232 248 247 247 247 247 247 247 247 247 
247 247 247 247 247 247 247 247 249 228 140 111 100 98 96 99 119 138 145 147 148 149 149 151 153 154 154 154 154 157 161 164 166 169 171 172 175 182 188 197 204 208 205 184 152 150 203 248 247 247 247 247 247 247 247 247 
247 247 247 247 247 247 247 248 250 196 113 99 100 95 91 99 115 134 140 141 142 143 146 150 153 155 157 155 156 159 162 164 168 173 176 177 179 183 188 193 197 202 203 190 163 151 179 240 247 247 247 247 247 247 247 247 
247 247 247 247 247 247 247 247 246 152 95 94 105 105 97 95 108 127 134 133 133 134 138 144 151 157 159 157 156 161 163 165 171 180 186 184 184 190 194 193 194 197 200 190 167 163 166 213 244 248 247 247 247 247 247 247 
247 247 247 247 247 247 247 247 230 111 96 96 99 100 96 96 109 121 127 127 127 127 128 130 135 144 149 149 151 157 160 162 168 178 183 180 178 181 185 186 187 191 198 193 172 167 170 186 238 247 247 247 247 247 247 247 
247 247 247 247 247 247 248 246 218 93 92 97 102 103 100 98 105 113 123 123 122 123 124 125 128 136 144 145 147 154 158 160 166 175 181 179 176 179 183 183 184 186 192 192 176 165 181 181 234 247 247 247 247 247 247 247 
247 247 247 247 247 247 248 245 205 92 91 101 112 108 100 100 107 113 117 120 123 125 128 131 136 141 148 150 151 157 160 161 163 169 175 176 176 178 183 185 185 185 189 191 181 170 180 173 227 245 248 247 247 247 247 247 
247 247 247 247 247 247 249 243 189 91 92 111 121 113 102 104 113 118 115 118 123 129 135 140 144 148 153 155 157 162 163 163 163 165 171 174 177 180 186 189 187 185 186 190 188 178 176 170 217 243 248 247 247 247 247 247 
247 247 247 247 247 247 249 241 177 94 95 114 121 113 105 108 119 122 119 118 123 132 139 144 147 150 153 157 160 165 166 166 164 164 169 176 177 181 187 189 188 186 186 189 192 187 179 174 207 240 248 247 247 247 247 247 
247 247 247 247 247 247 248 238 168 101 98 108 111 108 107 111 120 122 121 121 125 132 138 142 144 145 146 151 156 160 162 164 162 160 165 174 173 175 181 183 186 188 190 191 193 194 189 179 203 238 248 247 247 247 247 247 
247 247 247 247 247 247 248 235 151 101 95 99 99 102 108 114 118 117 119 127 132 135 136 136 133 131 131 136 142 145 149 156 154 150 154 162 156 155 159 165 173 182 191 196 197 197 195 180 204 238 248 247 247 247 247 247 
247 247 247 247 247 247 248 230 136 87 82 89 90 99 110 116 119 119 125 134 135 134 129 120 111 106 108 111 120 127 130 140 142 137 137 136 119 106 103 114 126 141 163 188 201 197 196 177 202 238 248 247 247 247 247 247 
247 247 247 247 247 247 247 226 124 73 73 83 93 106 116 121 122 124 136 132 110 93 78 66 60 58 58 67 85 99 110 129 135 129 118 96 67 40 34 39 55 71 96 142 193 203 203 177 200 237 248 247 247 247 247 247 
247 247 247 247 247 247 247 224 119 63 73 83 99 113 119 122 123 123 119 84 54 41 37 36 35 33 35 42 52 68 95 123 140 134 107 76 69 64 67 78 93 103 101 108 150 202 211 177 196 236 248 247 247 247 247 247 
247 247 247 247 247 249 250 227 121 71 71 78 100 117 123 123 121 116 78 51 54 62 71 76 72 61 60 68 60 67 93 128 151 146 114 84 78 58 50 54 66 82 101 120 141 183 214 177 194 236 250 248 247 247 247 247 
247 247 247 247 247 240 228 209 126 79 70 77 104 123 127 124 118 95 66 61 58 49 43 44 51 57 53 62 56 67 99 136 161 155 119 80 67 58 50 52 64 70 71 89 131 172 213 176 173 204 230 243 247 247 247 247 
247 247 247 249 237 193 147 144 103 76 68 82 111 125 126 124 116 90 71 52 44 45 45 51 68 81 71 61 56 67 104 138 160 157 129 96 80 70 73 87 105 113 104 95 109 154 211 182 159 161 196 233 249 247 247 247 
247 247 247 250 222 152 91 102 91 78 69 90 117 124 122 118 105 82 64 47 53 66 73 79 88 93 81 71 68 78 111 136 155 159 144 122 111 95 93 103 118 131 132 121 116 146 204 193 166 142 176 226 250 247 247 247 
247 247 247 251 215 141 89 103 99 94 75 95 119 123 118 110 94 75 63 65 76 83 87 90 93 92 89 92 88 98 121 138 153 163 159 146 140 129 118 114 117 125 135 143 149 158 195 203 181 147 174 224 250 247 247 247 
247 247 247 251 214 145 102 115 108 112 86 95 117 123 118 109 99 91 95 94 91 88 90 96 103 110 117 117 107 115 131 143 154 166 171 164 160 159 153 147 146 144 148 160 174 179 191 204 186 155 173 221 250 247 247 247 
247 247 247 251 212 146 108 122 119 106 97 103 119 122 119 117 116 121 128 123 123 124 129 131 130 129 127 116 114 126 137 149 158 169 178 173 163 160 159 161 162 161 161 170 186 196 193 196 184 161 175 219 250 247 247 247 
247 247 247 251 219 157 114 120 105 73 107 124 123 120 121 122 124 139 148 145 147 146 144 138 131 130 126 114 110 121 140 151 158 166 177 173 146 129 150 166 171 171 172 176 187 201 205 178 164 165 190 228 250 247 247 247 
247 247 247 249 240 191 123 102 83 58 110 128 121 120 123 126 133 146 148 145 148 150 147 142 136 126 101 96 113 125 141 150 154 161 174 184 164 140 103 115 145 165 176 184 189 195 212 186 158 175 215 242 248 247 247 247 
247 247 247 247 247 210 139 95 83 82 119 129 120 115 118 123 131 137 136 139 143 145 141 134 117 95 93 132 138 134 137 146 152 161 175 183 182 186 144 88 94 127 157 174 180 184 205 187 150 179 225 247 247 247 247 247 
247 247 247 247 250 221 152 93 89 102 126 130 123 116 115 118 121 121 119 122 126 127 125 111 89 79 101 125 124 114 107 118 132 142 149 148 142 146 146 109 78 89 120 144 157 169 193 190 153 183 228 248 247 247 247 247 
247 247 247 247 250 229 168 101 97 110 126 130 125 119 115 113 108 102 103 106 110 110 102 84 70 76 87 82 76 70 69 84 103 117 123 116 108 126 144 133 92 71 85 115 137 155 180 188 164 192 232 248 247 247 247 247 
247 247 247 247 249 237 189 115 107 113 120 127 125 121 116 107 94 88 90 92 94 91 77 65 67 78 77 61 51 47 46 60 78 96 112 120 121 134 145 145 117 80 66 86 117 142 167 183 179 207 236 248 247 247 247 247 
247 247 247 247 248 245 215 146 122 122 118 128 125 122 116 102 84 79 81 79 79 71 60 62 74 82 81 71 62 59 58 67 81 96 115 135 147 147 147 145 134 103 72 68 98 135 157 177 192 222 242 248 247 247 247 247 
247 247 247 247 247 248 237 191 137 129 140 146 129 122 117 101 80 72 75 71 67 59 59 70 81 87 89 89 86 86 90 100 108 114 123 139 147 146 145 142 139 125 95 71 88 133 154 171 190 229 246 248 247 247 247 247 
247 247 247 247 247 248 246 224 151 126 196 186 137 120 117 102 84 70 75 71 64 63 68 75 83 89 92 95 95 98 101 110 118 122 128 135 136 132 126 126 130 129 112 91 96 134 160 173 182 226 246 247 247 247 247 247 
247 247 247 247 247 247 247 240 196 187 247 210 140 115 113 103 89 71 78 79 68 70 74 78 80 78 74 72 68 67 69 77 90 100 104 108 111 103 62 55 82 103 107 106 117 136 175 232 227 241 247 247 247 247 247 247 
247 247 247 247 247 247 247 247 250 251 251 228 153 117 110 103 95 73 76 93 80 71 60 46 34 30 43 62 61 65 79 84 97 121 143 155 160 165 72 19 34 82 111 119 137 141 194 250 250 248 247 247 247 247 247 247 
247 247 247 247 247 247 247 247 247 247 248 245 179 128 107 102 101 87 69 96 93 77 42 16 19 49 87 121 128 137 160 169 174 186 197 193 198 194 101 54 88 118 124 129 142 147 215 249 248 247 247 247 247 247 247 247 
247 247 247 247 247 247 247 247 247 247 247 250 208 145 107 99 98 103 70 91 101 89 69 44 37 69 113 140 150 160 174 188 191 194 199 193 189 162 105 106 135 135 128 134 140 158 231 248 247 247 247 247 247 247 247 247 
247 247 247 247 247 247 247 247 247 247 247 249 233 171 116 97 93 105 81 80 106 94 92 85 71 69 85 104 106 113 129 147 156 156 152 147 150 135 127 142 154 139 130 136 141 176 243 247 247 247 247 247 247 247 247 247 
247 247 247 247 247 247 247 247 247 247 247 248 246 202 137 95 90 96 93 70 101 98 101 105 95 81 78 84 87 97 112 123 128 131 135 144 147 140 151 160 159 141 133 137 148 202 249 247 247 247 247 247 247 247 247 247 
247 247 247 247 247 247 247 247 247 247 247 247 249 230 170 104 86 87 96 70 91 101 102 106 107 97 90 87 89 100 112 118 120 125 137 152 155 156 165 166 156 144 137 142 167 229 249 247 247 247 247 247 247 247 247 247 
247 247 247 247 247 247 247 247 247 247 247 247 248 247 207 135 87 83 90 79 80 102 101 102 109 107 99 94 89 92 101 109 114 120 129 141 151 163 169 165 152 146 143 154 197 246 247 247 247 247 247 247 247 247 247 247 
247 247 247 247 247 247 247 247 247 247 247 247 247 249 237 184 106 81 82 87 75 98 99 96 105 111 105 99 89 83 86 94 103 110 118 134 150 166 167 159 152 149 152 180 232 249 247 247 247 247 247 247 247 247 247 247 
247 247 247 247 247 247 247 247 247 247 247 247 247 247 249 228 160 86 80 86 76 88 101 99 97 108 109 105 96 88 86 90 97 107 120 137 154 166 163 159 157 153 173 218 249 247 247 247 247 247 247 247 247 247 247 247 
247 247 247 247 247 247 247 247 247 247 247 247 247 247 248 247 222 131 75 81 84 78 98 104 97 102 106 104 103 105 106 107 112 121 135 146 158 166 164 163 162 169 206 245 248 247 247 247 247 247 247 247 247 247 247 247 
247 247 247 247 247 247 247 247 247 247 247 247 247 247 247 248 245 214 105 75 86 78 85 101 108 102 105 104 103 109 114 120 127 137 145 151 158 160 162 167 169 199 234 249 247 247 247 247 247 247 247 247 247 247 247 247 
247 247 247 247 247 247 247 247 247 247 247 247 247 247 247 247 248 244 188 89 82 81 80 94 110 109 109 108 109 115 120 125 131 139 147 155 160 155 164 170 189 224 246 247 247 247 247 247 247 247 247 247 247 247 247 247 
247 247 247 247 247 247 247 247 247 247 247 247 247 247 247 247 247 248 239 155 89 79 77 84 100 110 114 118 114 116 119 122 126 133 142 150 157 155 167 178 211 239 248 247 247 247 247 247 247 247 247 247 247 247 247 247 
247 247 247 247 247 247 247 247 247 247 247 247 247 247 247 247 247 247 250 222 144 89 72 74 85 99 106 114 117 118 120 121 123 129 137 144 152 155 163 192 230 246 247 247 247 247 247 247 247 247 247 247 247 247 247 247 
247 247 247 247 247 247 247 247 247 247 247 247 247 247 247 247 247 247 247 249 212 139 89 68 69 79 88 97 107 113 117 120 121 124 130 133 138 140 161 214 242 248 247 247 247 247 247 247 247 247 247 247 247 247 247 247 
247 247 247 247 247 247 247 247 247 247 247 247 247 247 247 247 247 247 247 248 248 209 152 106 80 68 69 74 84 93 103 109 109 110 112 113 116 131 186 235 247 247 247 247 247 247 247 247 247 247 247 247 247 247 247 247 
247 247 247 247 247 247 247 247 247 247 247 247 247 247 247 247 247 247 247 247 248 249 233 195 146 108 90 79 72 71 77 83 85 86 91 100 118 168 232 247 248 247 247 247 247 247 247 247 247 247 247 247 247 247 247 247 
247 247 247 247 247 247 247 247 247 247 247 247 247 247 247 247 247 247 247 247 247 247 249 251 244 226 200 166 116 86 76 76 79 84 102 139 193 243 249 247 247 247 247 247 247 247 247 247 247 247 247 247 247 247 247 247 
247 247 247 247 247 247 247 247 247 247 247 247 247 247 247 247 247 247 247 247 247 247 247 247 248 251 253 254 245 224 207 199 200 210 228 246 252 248 247 247 247 247 247 247 247 247 247 247 247 247 247 247 247 247 247 247 
