247 247 247 247 247 247 247 248 234 175 138 119 113 107 89 85 88 94 101 109 107 125 150 215 246 247 247 247 247 247 247 247 
247 247 247 247 247 247 248 228 169 130 111 102 102 96 94 103 113 107 128 127 117 123 134 160 223 246 247 247 247 247 247 247 
247 247 247 247 247 248 231 152 114 94 112 132 143 146 150 148 155 162 171 174 179 192 191 178 163 217 247 247 247 247 247 247 
247 247 247 247 247 237 159 106 96 113 143 153 153 154 155 153 153 162 170 172 175 188 205 208 183 164 226 248 247 247 247 247 
247 247 247 247 249 197 109 98 94 122 141 145 147 151 154 155 156 162 167 172 175 183 194 205 201 154 189 247 247 247 247 247 
247 247 247 247 247 146 95 104 95 113 131 133 135 141 153 155 157 162 169 182 182 187 191 195 199 166 172 229 247 247 247 247 
247 247 247 248 237 112 96 103 98 108 122 124 124 126 137 146 151 159 166 180 178 180 184 186 195 172 176 212 247 247 247 247 
247 247 247 248 225 105 104 115 101 112 116 122 130 138 146 153 158 162 162 170 175 180 187 186 189 183 176 199 246 247 247 247 
247 247 247 248 214 106 108 115 106 121 121 121 134 144 149 154 161 166 164 166 176 181 187 187 187 192 184 192 243 247 247 247 
247 247 247 248 198 103 96 99 111 118 121 132 136 133 126 129 139 145 152 149 153 145 152 170 189 198 194 193 243 247 247 247 
247 247 247 247 185 82 82 101 117 122 128 117 93 76 68 72 95 115 138 125 94 62 62 88 124 192 199 190 242 247 247 247 
247 247 247 249 181 75 78 111 122 122 98 57 54 59 50 53 61 95 146 122 78 62 63 87 104 156 203 187 242 247 247 247 
247 247 244 209 158 81 76 120 126 112 73 56 45 46 63 60 60 102 160 135 80 62 62 83 81 133 196 171 199 241 247 247 
247 247 226 109 98 78 86 124 121 98 65 52 72 82 91 75 74 112 153 151 120 99 101 125 130 125 187 180 153 230 247 247 
247 247 220 115 111 103 93 123 116 97 93 92 91 99 109 114 109 131 154 169 161 154 146 143 150 173 190 193 160 226 247 247 
247 247 222 125 117 94 113 122 120 124 137 137 137 135 129 120 116 139 157 174 165 146 162 168 169 190 198 178 170 228 247 247 
247 247 244 154 92 82 126 118 122 135 143 144 147 138 113 106 126 140 153 170 179 150 107 142 173 186 201 168 192 245 247 247 
247 247 249 178 92 106 130 118 116 121 119 124 126 108 82 112 116 107 129 146 145 147 119 83 128 159 186 169 200 248 247 247 
247 247 249 206 110 114 126 122 114 94 91 95 88 65 77 67 50 49 78 107 117 134 145 89 73 125 164 181 216 248 247 247 
247 247 247 237 157 129 137 122 113 80 76 73 61 68 84 84 77 80 98 115 142 146 144 126 78 101 152 184 234 248 247 247 
247 247 247 247 205 171 203 119 111 82 75 69 68 78 85 85 84 88 105 116 124 114 96 117 105 111 162 200 238 247 247 247 
247 247 247 247 245 244 235 127 107 91 77 87 67 41 42 70 81 98 115 146 161 142 42 82 114 136 189 248 247 247 247 247 
247 247 247 247 247 247 249 160 104 100 80 97 77 34 64 125 150 173 189 198 193 156 95 133 129 143 211 248 247 247 247 247 
247 247 247 247 247 247 248 213 116 93 90 90 97 100 77 83 91 113 134 136 141 138 153 148 134 156 233 247 247 247 247 247 
247 247 247 247 247 247 247 242 156 85 89 81 102 106 101 91 93 109 119 131 150 160 167 147 139 190 245 247 247 247 247 247 
247 247 247 247 247 247 247 248 230 109 82 80 98 97 109 103 88 86 100 115 141 164 161 151 164 239 247 247 247 247 247 247 
247 247 247 247 247 247 247 247 248 190 93 82 86 101 103 105 101 102 109 128 150 164 163 166 216 248 247 247 247 247 247 247 
247 247 247 247 247 247 247 247 247 245 165 82 81 99 106 107 109 118 129 143 156 159 168 201 244 247 247 247 247 247 247 247 
247 247 247 247 247 247 247 247 247 247 237 138 80 82 105 115 116 119 125 137 151 158 179 236 248 247 247 247 247 247 247 247 
247 247 247 247 247 247 247 247 247 247 248 231 126 68 77 92 108 117 121 127 134 143 203 248 247 247 247 247 247 247 247 247 
247 247 247 247 247 247 247 247 247 247 247 247 237 185 116 90 75 79 86 91 112 180 242 247 247 247 247 247 247 247 247 247 
247 247 247 247 247 247 247 247 247 247 247 247 247 249 241 223 182 154 150 170 213 244 247 247 247 247 247 247 247 247 247 247 
