247 247 247 247 247 247 247 247 247 247 247 247 247 247 247 247 247 247 249 249 249 219 198 160 147 138 124 124 123 118 119 119 107 100 94 87 84 82 86 90 95 94 94 93 101 105 109 105 108 113 131 139 149 159 180 227 245 250 247 247 247 247 247 247 247 247 247 247 247 247 247 247 247 247 247 247 
247 247 247 247 247 247 247 247 247 247 247 247 247 247 247 247 247 248 247 241 224 193 175 154 139 130 117 118 117 110 110 109 102 93 86 87 85 84 85 88 92 94 96 98 107 109 111 104 105 108 116 125 139 151 166 197 230 243 248 247 247 247 247 247 247 247 247 247 247 247 247 247 247 247 247 247 
247 247 247 247 247 247 247 247 247 247 247 247 247 247 247 247 248 249 246 234 198 165 151 147 131 121 110 111 111 102 100 99 96 85 77 87 86 86 84 86 89 95 99 103 113 114 114 103 102 103 101 110 128 142 151 164 214 235 249 248 247 247 247 247 247 247 247 247 247 247 247 247 247 247 247 247 
247 247 247 247 247 247 247 247 247 247 247 247 247 247 247 248 248 245 200 177 146 135 129 122 108 101 96 96 97 100 96 93 88 88 89 101 104 107 124 116 108 103 112 125 136 133 127 113 114 119 121 121 120 130 134 139 166 191 245 248 248 247 247 247 247 247 247 247 247 247 247 247 247 247 247 247 
247 247 247 247 247 247 247 247 247 247 247 247 247 247 247 248 240 218 178 157 130 117 112 110 102 99 102 104 106 116 114 113 111 113 115 119 122 124 138 134 130 127 134 144 152 151 148 140 141 147 151 150 146 149 150 150 160 175 211 228 237 248 247 247 247 247 247 247 247 247 247 247 247 247 247 247 
247 247 247 247 247 247 247 247 247 247 247 247 247 247 248 247 229 183 152 135 113 97 92 96 96 98 110 114 119 136 137 138 140 144 147 142 143 144 154 155 156 158 162 167 171 172 174 172 175 181 189 186 179 173 170 165 156 157 168 203 224 250 248 247 247 247 247 247 247 247 247 247 247 247 247 247 
247 247 247 247 247 247 247 247 247 247 247 247 248 248 250 201 172 128 126 119 97 91 92 107 124 135 151 152 152 154 154 154 153 154 155 154 153 152 153 156 159 168 170 172 174 175 176 177 180 184 194 200 208 209 207 203 186 173 149 169 190 243 246 248 247 247 247 247 247 247 247 247 247 247 247 247 
247 247 247 247 247 247 247 247 247 247 247 247 249 243 232 172 145 115 115 109 93 94 99 118 134 143 155 154 154 154 155 155 154 155 155 154 153 153 152 154 157 166 168 171 173 174 174 175 177 181 190 196 206 210 210 208 197 185 160 160 172 217 236 245 247 247 247 247 247 247 247 247 247 247 247 247 
247 247 247 247 247 247 247 247 247 247 247 247 250 236 205 135 113 102 101 98 89 99 109 133 145 152 155 154 153 152 153 153 155 155 155 153 152 152 151 152 154 163 165 168 171 171 172 172 173 176 183 189 199 207 210 212 210 202 178 152 149 179 221 242 248 247 247 247 247 247 247 247 247 247 247 247 
247 247 247 247 247 247 247 247 247 247 247 249 238 207 145 115 105 98 100 99 91 107 118 137 143 147 149 149 149 150 150 150 153 154 154 154 154 154 154 155 156 163 164 164 167 168 170 171 172 174 181 185 190 199 203 208 210 207 195 163 150 149 192 218 251 248 247 247 247 247 247 247 247 247 247 247 
247 247 247 247 247 247 247 247 247 247 248 250 226 190 126 108 102 98 97 96 92 107 118 136 141 144 145 146 147 148 149 149 152 153 154 155 155 154 155 156 158 163 163 164 168 170 172 173 174 176 181 184 188 196 200 205 208 206 199 169 154 146 181 206 248 248 247 247 247 247 247 247 247 247 247 247 
247 247 247 247 247 247 247 247 247 247 249 252 207 169 106 99 98 101 93 91 93 106 116 134 138 140 141 142 143 144 146 148 152 153 154 157 156 155 156 158 160 163 164 165 171 173 176 176 177 179 182 185 188 193 195 199 204 204 201 177 163 148 170 190 244 247 248 247 247 247 247 247 247 247 247 247 
247 247 247 247 247 247 247 247 247 247 248 250 174 138 92 95 99 108 101 97 91 101 110 127 132 135 134 134 135 136 139 142 149 153 156 159 157 157 156 159 162 163 164 166 174 179 185 183 183 183 188 190 193 193 194 195 199 201 201 177 166 160 166 176 220 239 249 247 247 247 247 247 247 247 247 247 
247 247 247 247 247 247 247 247 247 248 246 245 155 123 91 95 98 106 102 99 91 101 108 124 129 132 131 131 131 132 135 136 142 147 151 156 155 154 154 157 161 162 163 165 174 179 186 183 182 182 186 188 191 191 191 192 197 199 201 179 169 164 166 173 205 233 249 247 247 247 247 247 247 247 247 247 
247 247 247 247 247 247 247 247 247 249 244 234 128 104 95 97 98 99 101 99 91 102 109 120 125 127 127 126 126 127 128 128 130 136 141 149 148 148 151 154 158 161 161 162 173 178 184 180 179 177 180 182 185 186 186 187 192 196 202 182 173 167 169 172 184 225 248 247 247 247 247 247 247 247 247 247 
247 247 247 247 247 247 247 247 247 250 241 223 114 93 92 97 100 105 103 101 96 101 105 113 120 123 123 122 122 124 124 124 125 130 134 143 144 145 147 151 155 159 160 161 170 175 182 179 178 176 179 180 183 183 184 184 186 189 199 184 176 164 176 181 182 222 244 248 247 247 247 247 247 247 247 247 
247 247 247 247 247 247 247 247 247 251 238 216 111 91 91 99 103 110 104 101 98 102 105 112 117 120 121 122 122 124 125 126 128 132 135 144 146 147 148 152 156 159 160 161 167 172 179 178 177 176 178 180 183 184 184 185 185 187 196 186 178 166 177 181 178 218 241 248 247 247 247 247 247 247 247 247 
247 247 247 247 247 247 247 247 247 251 235 205 111 92 91 104 111 121 106 100 98 104 108 114 115 116 120 123 125 127 131 133 138 141 143 150 151 152 154 156 159 161 161 161 162 166 173 174 175 176 178 180 184 186 186 186 185 187 192 188 183 173 176 177 169 211 236 249 248 247 247 247 247 247 247 247 
247 247 247 247 247 247 247 247 247 252 230 189 106 91 93 113 120 125 110 104 101 110 115 119 117 116 118 122 125 133 137 139 145 147 148 154 155 157 158 161 164 164 164 164 162 165 169 173 175 177 180 183 188 190 189 187 184 185 190 192 190 180 176 174 170 204 226 250 248 247 247 247 247 247 247 247 
247 247 247 247 247 247 247 247 247 252 227 182 107 93 95 115 121 123 111 106 103 113 118 122 119 118 117 121 125 135 139 141 147 148 150 154 156 157 160 163 166 165 165 165 162 164 167 174 176 177 181 183 188 190 190 187 185 185 188 192 192 185 179 176 173 200 220 250 248 247 247 247 247 247 247 247 
247 247 247 247 247 247 247 247 247 251 225 177 111 98 97 111 115 116 109 107 106 116 121 125 124 122 119 122 124 135 139 142 146 148 149 150 153 156 160 162 165 167 167 167 161 163 165 176 177 176 179 182 186 187 187 187 187 187 186 190 192 194 189 185 178 196 211 250 248 247 247 247 247 247 247 247 
247 247 247 247 247 247 247 247 247 251 219 163 113 102 98 104 106 104 105 107 110 116 119 119 119 120 124 127 129 135 137 139 141 140 139 139 142 145 151 152 154 157 160 163 156 156 157 169 169 168 169 172 176 179 182 186 191 193 195 194 194 196 194 190 180 198 214 250 248 247 247 247 247 247 247 247 
247 247 247 247 247 247 247 247 247 250 215 153 110 99 95 99 100 98 103 107 113 117 118 117 118 120 128 131 133 135 136 136 135 132 131 130 133 136 142 144 146 150 154 159 151 150 150 161 161 157 155 156 159 165 169 176 184 189 196 196 197 197 195 192 180 199 214 250 248 247 247 247 247 247 247 247 
247 247 247 247 247 247 247 247 248 248 209 139 96 86 82 89 91 90 102 108 115 118 119 118 122 126 135 137 138 138 134 130 118 114 110 112 114 115 123 126 130 133 139 146 140 138 137 142 136 124 114 111 109 120 127 137 151 163 187 199 202 197 196 192 176 196 212 250 248 247 247 247 247 247 247 247 
247 247 247 247 247 247 247 247 248 246 204 130 86 77 76 85 89 95 107 113 118 120 121 121 129 132 133 122 115 104 96 89 79 77 74 75 79 82 97 103 110 119 129 140 135 132 128 116 104 86 67 61 57 65 72 85 98 112 141 179 196 201 201 196 176 194 210 250 248 247 247 247 247 247 247 247 
247 247 247 247 247 247 247 247 248 245 202 125 80 72 73 83 89 98 110 115 120 121 122 123 130 131 124 106 94 80 71 64 57 55 54 53 58 63 79 87 96 110 123 137 135 130 123 100 87 68 48 42 39 46 53 67 79 90 115 163 185 202 204 200 176 193 209 250 248 247 247 247 247 247 247 247 
247 247 247 247 247 247 247 247 248 244 200 121 72 67 74 83 91 107 115 119 122 123 123 124 120 112 80 58 45 36 35 35 35 33 32 33 37 41 51 60 69 101 117 135 144 135 119 81 73 69 66 66 69 80 88 100 105 104 94 124 148 201 208 205 176 191 206 250 248 247 247 247 247 247 247 247 
247 247 247 247 247 247 247 248 250 246 202 123 78 70 72 79 88 109 119 122 123 122 121 120 98 83 57 54 54 58 62 65 68 60 55 53 57 61 58 63 68 100 119 141 155 143 124 88 81 77 62 58 54 60 66 78 90 98 109 126 143 186 205 207 175 190 205 250 249 248 247 247 247 247 247 247 
247 247 247 247 247 247 247 247 248 244 200 125 82 73 70 77 87 111 121 124 124 122 120 115 84 66 47 53 58 67 72 75 79 72 66 62 67 71 61 64 68 101 121 146 162 149 128 91 83 79 61 54 46 50 55 67 80 90 110 124 139 175 202 208 175 187 200 245 247 247 247 247 247 247 247 247 
247 247 247 247 247 247 247 237 222 216 184 130 90 78 68 78 91 118 127 129 125 124 117 90 72 65 68 61 55 37 29 25 33 45 55 47 53 58 54 61 68 110 131 155 171 158 136 88 75 63 59 56 51 53 58 72 64 61 56 101 127 165 197 206 174 167 168 203 223 237 248 247 247 247 247 247 
247 247 247 247 248 250 227 193 146 151 134 104 80 73 67 82 96 123 126 127 125 123 116 92 78 68 51 46 43 45 45 46 58 73 84 73 67 61 56 62 68 113 131 151 167 157 141 104 92 81 72 71 73 87 96 112 113 108 93 97 109 149 192 206 181 164 156 163 196 220 250 248 247 247 247 247 
247 247 247 247 249 252 211 162 93 106 101 88 75 71 67 86 101 127 125 124 124 121 114 91 79 69 41 39 39 54 59 63 76 91 102 89 76 65 60 65 71 116 131 147 164 157 145 117 107 96 84 84 89 109 119 135 143 140 119 99 100 139 187 206 186 164 150 137 177 208 252 249 247 247 247 247 
247 247 247 247 250 253 185 138 77 95 98 97 86 79 69 96 110 128 121 119 118 104 94 73 58 51 54 68 78 91 92 93 94 91 87 75 77 78 80 86 92 124 132 142 161 162 160 142 136 131 116 109 99 97 100 107 121 128 136 135 137 144 180 198 202 184 169 133 174 205 252 249 247 247 247 247 
247 247 247 247 250 253 185 143 87 105 104 100 100 92 76 95 107 127 122 119 115 102 93 78 73 70 72 76 79 83 84 86 92 94 95 96 98 100 93 98 104 129 136 144 160 163 167 154 150 147 139 134 128 123 123 125 131 135 144 151 155 160 183 195 204 188 173 138 174 202 252 249 247 247 247 247 
247 247 247 247 249 253 185 146 95 112 110 104 111 102 82 94 105 126 122 119 113 101 94 83 85 86 87 84 82 78 80 82 92 98 102 113 115 117 104 109 113 133 139 146 159 165 172 163 161 159 158 155 150 144 142 141 140 142 151 164 170 174 185 193 206 191 177 142 174 199 252 249 247 247 247 247 
247 247 247 247 250 253 179 145 102 120 123 122 113 106 95 101 109 126 121 119 117 116 116 118 123 124 120 120 120 122 127 131 130 129 129 129 122 116 115 121 128 140 146 154 162 170 180 175 171 165 165 163 160 160 161 162 158 158 162 178 186 196 193 192 199 189 180 151 173 192 252 249 247 247 247 247 
247 247 247 247 250 253 186 151 106 121 120 114 95 95 103 113 117 123 120 119 120 118 120 128 134 136 133 134 134 134 136 137 131 130 129 128 121 115 112 118 125 142 148 154 161 168 178 176 169 155 148 149 156 163 166 167 165 165 168 179 186 199 198 197 188 178 171 159 182 201 251 249 247 247 247 247 
247 247 247 247 250 253 193 157 111 122 117 106 78 85 110 124 125 121 119 120 123 122 124 138 145 148 145 146 147 145 144 143 132 131 130 128 121 114 110 116 123 144 149 155 160 166 176 178 167 147 132 136 152 166 171 172 171 171 173 180 187 201 204 201 177 167 162 166 190 210 251 249 247 247 247 247 
247 247 247 247 248 250 233 191 130 108 97 84 62 76 114 128 128 116 121 123 124 128 133 146 147 148 145 147 148 151 147 144 138 135 132 102 99 96 113 120 127 145 149 153 155 161 169 186 180 165 144 127 100 115 130 157 168 174 182 186 189 193 206 208 185 165 157 184 215 237 249 248 247 247 247 247 
247 247 247 247 248 249 240 201 144 106 94 83 73 86 118 129 127 115 118 120 122 128 132 141 141 141 141 144 146 148 144 141 133 122 113 94 105 116 127 129 130 141 146 151 154 161 171 184 181 174 166 151 122 100 104 128 151 162 176 181 184 187 201 204 185 161 152 189 220 242 248 247 247 247 247 247 
247 247 247 247 247 247 249 213 159 104 91 83 86 98 123 129 127 115 115 116 120 127 131 136 135 135 138 142 144 145 141 137 127 107 92 86 113 137 142 138 134 137 143 150 154 162 173 182 183 184 191 177 146 84 77 96 132 149 170 176 179 181 197 201 186 158 148 194 226 248 247 247 247 247 247 247 
247 247 247 247 247 247 252 223 178 104 92 90 103 114 130 131 128 121 115 113 115 118 119 117 116 116 118 121 123 123 120 116 90 78 69 101 112 121 120 114 107 98 107 119 132 137 143 140 137 131 134 138 146 115 94 61 87 103 131 143 151 163 182 191 191 163 153 198 229 250 247 247 247 247 247 247 
247 247 247 247 247 247 252 227 189 110 98 94 106 115 128 130 128 122 117 115 115 113 111 106 107 107 109 112 114 114 108 102 75 73 72 92 93 94 89 85 80 77 88 101 117 123 130 125 120 114 125 133 146 128 108 70 75 85 113 131 141 155 174 184 189 168 161 202 231 250 247 247 247 247 247 247 
247 247 247 247 247 247 252 232 202 118 104 100 109 116 126 130 129 123 119 117 115 108 103 94 96 97 100 103 104 103 93 84 58 68 76 79 69 60 52 50 48 54 65 79 98 106 115 108 103 95 118 129 145 143 125 83 62 64 93 117 130 147 166 177 187 174 172 208 233 250 247 247 247 247 247 247 
247 247 247 247 247 247 249 241 229 136 120 113 113 114 116 125 126 124 121 117 110 95 88 83 84 85 86 87 86 80 65 55 63 72 80 79 70 62 50 48 45 41 48 58 77 89 105 127 134 141 143 145 147 146 139 121 78 63 60 90 108 135 153 164 180 185 193 224 239 249 247 247 247 247 247 247 
247 247 247 247 247 247 248 245 239 161 140 122 122 120 117 128 128 123 121 118 110 92 84 78 80 81 79 79 78 68 60 56 69 77 82 82 76 71 62 61 59 58 64 73 87 96 107 130 138 147 147 147 147 145 141 129 94 77 58 81 98 133 149 160 178 188 199 233 242 248 247 247 247 247 247 247 
247 247 247 247 247 247 247 249 251 196 169 135 134 130 121 133 132 122 122 119 110 89 79 73 75 75 71 70 67 53 57 61 78 82 85 87 86 85 81 81 80 84 91 99 105 109 113 133 141 149 149 148 147 143 141 138 117 98 60 71 86 132 146 157 175 192 206 243 246 248 247 247 247 247 247 247 
247 247 247 247 247 247 247 248 249 232 199 143 121 139 184 175 157 117 122 120 109 92 82 70 74 74 70 65 63 61 66 70 80 85 89 94 96 97 97 99 101 105 111 119 122 125 128 138 141 143 140 139 140 139 139 139 130 117 88 83 91 131 148 158 164 173 186 242 246 248 247 247 247 247 247 247 
247 247 247 247 247 247 247 247 248 241 212 162 143 164 214 191 166 115 120 119 108 94 85 70 74 75 73 67 63 65 70 73 81 84 86 88 89 90 89 89 91 94 100 108 114 117 120 127 129 130 125 120 110 109 113 124 122 116 96 94 101 132 153 167 188 191 199 244 246 247 247 247 247 247 247 247 
247 247 247 247 247 247 247 247 247 248 229 194 186 206 252 210 175 112 117 115 107 98 89 70 75 78 79 70 66 72 75 77 82 81 81 76 74 73 69 68 67 69 75 82 96 99 102 106 107 109 102 87 58 56 67 97 107 108 103 109 116 133 161 184 234 228 227 247 247 247 247 247 247 247 247 247 
247 247 247 247 247 247 247 247 247 247 245 241 240 244 251 225 190 119 116 112 104 101 94 72 75 79 91 81 74 69 62 57 45 40 36 46 55 64 62 64 65 80 82 84 105 117 133 145 148 152 154 125 63 25 26 54 97 110 109 126 133 135 173 200 249 247 246 247 247 247 247 247 247 247 247 247 
247 247 247 247 247 247 247 247 247 247 247 249 249 250 250 234 202 131 117 110 103 102 97 78 75 77 95 87 81 69 54 42 28 30 32 55 69 82 84 87 90 111 113 114 131 143 160 166 169 173 175 143 74 31 34 68 104 116 115 132 139 138 181 209 251 250 249 247 247 247 247 247 247 247 247 247 
247 247 247 247 247 247 247 247 247 247 247 247 247 247 248 246 219 151 121 109 101 104 102 90 76 74 98 95 91 71 41 20 6 25 42 86 107 126 134 139 145 173 176 178 183 191 204 197 198 201 198 164 95 57 66 115 124 126 123 137 143 141 193 222 250 248 247 247 247 247 247 247 247 247 247 247 
247 247 247 247 247 247 247 247 247 247 247 247 247 247 247 250 233 188 130 109 101 97 98 106 81 73 91 99 101 83 69 57 27 44 59 109 125 140 150 156 162 177 184 193 190 194 201 194 192 190 167 142 100 106 119 148 130 126 132 136 140 151 206 234 249 248 247 247 247 247 247 247 247 247 247 247 
247 247 247 247 247 247 247 247 247 247 247 247 247 247 247 250 239 209 140 114 100 95 96 109 86 76 86 100 105 87 82 77 49 57 64 101 115 128 134 139 144 160 169 180 178 179 181 175 173 172 150 135 111 128 139 156 132 127 136 135 140 161 213 240 248 247 247 247 247 247 247 247 247 247 247 247 
247 247 247 247 247 247 247 247 247 247 247 247 247 247 247 249 246 238 161 127 100 91 92 106 93 85 75 99 110 89 100 106 94 79 67 67 77 86 83 86 89 113 123 135 141 138 133 126 128 133 127 130 138 154 158 158 133 128 138 134 141 178 225 247 247 247 247 247 247 247 247 247 247 247 247 247 
247 247 247 247 247 247 247 247 247 247 247 247 247 247 247 247 248 248 195 159 98 91 89 93 95 91 67 92 104 96 102 106 106 96 87 81 82 84 88 94 101 116 120 123 126 128 132 147 150 152 147 149 156 162 162 156 137 133 138 137 151 205 235 249 247 247 247 247 247 247 247 247 247 247 247 247 
247 247 247 247 247 247 247 247 247 247 247 247 247 247 247 247 248 251 215 181 105 92 87 87 94 92 67 87 99 101 103 104 111 103 97 88 86 85 90 96 103 116 118 119 121 125 132 151 155 156 154 157 164 166 162 154 140 136 137 143 161 221 240 249 247 247 247 247 247 247 247 247 247 247 247 247 
247 247 247 247 247 247 247 247 247 247 247 247 247 247 247 247 248 249 244 217 133 98 84 83 90 90 75 81 88 110 102 98 113 110 107 97 94 92 89 93 98 110 114 118 120 124 131 142 147 151 160 165 171 167 160 146 144 142 136 159 183 244 247 248 247 247 247 247 247 247 247 247 247 247 247 247 
247 247 247 247 247 247 247 247 247 247 247 247 247 247 247 247 247 247 249 235 188 120 91 81 84 85 83 78 80 111 100 93 106 109 111 103 99 95 88 87 86 93 99 105 111 115 119 132 139 149 162 166 169 162 157 147 147 146 144 189 215 248 248 247 247 247 247 247 247 247 247 247 247 247 247 247 
247 247 247 247 247 247 247 247 247 247 247 247 247 247 247 247 247 247 250 243 218 142 106 81 82 83 87 77 76 109 99 94 100 107 112 106 102 99 89 86 83 86 91 98 107 110 114 128 137 150 163 166 167 159 155 150 148 150 157 208 232 249 248 247 247 247 247 247 247 247 247 247 247 247 247 247 
247 247 247 247 247 247 247 247 247 247 247 247 247 247 247 247 247 247 247 248 252 195 155 82 81 81 87 78 76 95 101 104 91 101 109 110 107 105 96 91 85 85 87 90 100 106 113 131 140 153 164 165 163 158 157 157 150 160 199 236 249 247 247 247 247 247 247 247 247 247 247 247 247 247 247 247 
247 247 247 247 247 247 247 247 247 247 247 247 247 247 247 247 247 247 247 248 250 229 201 119 90 77 83 81 80 81 99 109 93 99 104 107 106 104 101 100 98 99 100 102 110 116 125 139 146 156 164 165 164 162 160 160 165 182 229 243 248 247 247 247 247 247 247 247 247 247 247 247 247 247 247 247 
247 247 247 247 247 247 247 247 247 247 247 247 247 247 247 247 247 247 247 247 249 246 226 151 102 80 80 83 83 75 96 108 97 99 101 106 105 104 103 104 106 107 109 110 117 124 133 143 149 158 164 164 163 164 163 162 179 198 245 247 248 247 247 247 247 247 247 247 247 247 247 247 247 247 247 247 
247 247 247 247 247 247 247 247 247 247 247 247 247 247 247 247 247 247 247 247 247 250 246 228 145 101 74 83 86 75 85 93 113 106 101 105 104 104 103 106 110 116 119 123 132 137 144 149 153 158 160 161 162 167 169 170 211 230 250 248 247 247 247 247 247 247 247 247 247 247 247 247 247 247 247 247 
247 247 247 247 247 247 247 247 247 247 247 247 247 247 247 247 247 247 247 247 247 248 247 244 193 155 82 83 82 80 81 84 111 108 107 108 108 107 107 111 114 120 123 126 134 138 144 152 156 160 157 159 164 170 176 190 228 242 248 247 247 247 247 247 247 247 247 247 247 247 247 247 247 247 247 247 
247 247 247 247 247 247 247 247 247 247 247 247 247 247 247 247 247 247 247 247 247 247 248 252 223 192 98 86 80 82 78 78 107 109 110 111 110 110 111 113 117 122 124 127 134 138 143 153 156 160 155 158 165 172 183 206 239 248 247 247 247 247 247 247 247 247 247 247 247 247 247 247 247 247 247 247 
247 247 247 247 247 247 247 247 247 247 247 247 247 247 247 247 247 247 247 247 247 247 247 247 251 241 177 113 77 79 76 75 89 100 109 115 119 122 115 115 116 119 120 122 127 131 137 146 150 156 156 160 170 180 198 235 246 249 247 247 247 247 247 247 247 247 247 247 247 247 247 247 247 247 247 247 
247 247 247 247 247 247 247 247 247 247 247 247 247 247 247 247 247 247 247 247 247 247 247 247 249 245 221 162 122 74 72 71 79 89 97 105 109 114 117 117 118 120 121 122 124 129 136 141 146 152 155 158 164 192 212 244 247 247 247 247 247 247 247 247 247 247 247 247 247 247 247 247 247 247 247 247 
247 247 247 247 247 247 247 247 247 247 247 247 247 247 247 247 247 247 247 247 247 247 247 247 248 248 250 199 159 77 72 69 71 80 87 96 102 107 116 117 119 121 121 122 122 127 134 137 141 147 151 155 160 203 224 250 248 247 247 247 247 247 247 247 247 247 247 247 247 247 247 247 247 247 247 247 
247 247 247 247 247 247 247 247 247 247 247 247 247 247 247 247 247 247 247 247 247 247 247 247 247 247 249 249 238 161 110 74 57 61 64 74 80 85 96 101 107 116 118 121 118 120 122 125 126 127 124 137 166 229 246 248 247 247 247 247 247 247 247 247 247 247 247 247 247 247 247 247 247 247 247 247 
247 247 247 247 247 247 247 247 247 247 247 247 247 247 247 247 247 247 247 247 247 247 247 247 247 247 248 248 244 211 176 149 102 85 70 65 67 69 77 82 88 99 102 105 103 104 106 106 107 109 131 157 204 239 248 247 247 247 247 247 247 247 247 247 247 247 247 247 247 247 247 247 247 247 247 247 
247 247 247 247 247 247 247 247 247 247 247 247 247 247 247 247 247 247 247 247 247 247 247 247 247 247 247 247 248 250 229 209 142 109 81 63 62 60 64 68 73 84 88 92 90 91 92 93 95 98 141 176 235 247 249 247 247 247 247 247 247 247 247 247 247 247 247 247 247 247 247 247 247 247 247 247 
247 247 247 247 247 247 247 247 247 247 247 247 247 247 247 247 247 247 247 247 247 247 247 247 247 247 247 247 247 247 250 252 251 239 229 198 175 154 99 82 63 56 59 62 63 67 74 108 138 183 233 245 250 248 247 247 247 247 247 247 247 247 247 247 247 247 247 247 247 247 247 247 247 247 247 247 
247 247 247 247 247 247 247 247 247 247 247 247 247 247 247 247 247 247 247 247 247 247 247 247 247 247 247 247 247 247 248 249 249 244 240 227 216 206 175 160 145 133 132 132 135 141 150 178 195 219 241 246 248 247 247 247 247 247 247 247 247 247 247 247 247 247 247 247 247 247 247 247 247 247 247 247 
247 247 247 247 247 247 247 247 247 247 247 247 247 247 247 247 247 247 247 247 247 247 247 247 247 247 247 247 247 247 247 247 247 249 250 253 254 254 245 233 221 204 200 197 202 210 221 242 248 252 249 248 247 247 247 247 247 247 247 247 247 247 247 247 247 247 247 247 247 247 247 247 247 247 247 247 
