247 247 247 247 247 247 247 247 248 243 209 157 130 121 114 110 94 86 84 92 95 101 109 106 119 142 177 232 247 247 247 247 247 247 247 247 247 
247 247 247 247 247 247 247 248 243 197 151 131 108 103 100 94 86 95 102 101 104 121 121 109 112 123 143 181 241 248 247 247 247 247 247 247 247 
247 247 247 247 247 247 247 246 196 139 107 101 103 112 128 129 133 134 142 146 150 161 164 162 172 168 163 159 186 233 248 247 247 247 247 247 247 
247 247 247 247 247 247 245 193 123 108 93 117 146 155 155 155 155 154 153 156 168 173 175 178 188 205 210 197 162 187 238 247 247 247 247 247 247 
247 247 247 247 247 247 216 134 101 97 103 135 149 151 151 152 154 153 153 155 164 167 170 173 180 193 206 210 186 152 201 247 247 247 247 247 247 
247 247 247 247 247 246 170 103 100 93 105 133 141 143 145 150 154 156 155 159 164 168 175 177 181 188 197 204 196 158 172 239 248 247 247 247 247 
247 247 247 247 247 237 122 94 104 97 100 123 131 131 133 139 148 155 154 159 163 170 184 182 185 190 191 196 197 168 166 210 248 247 247 247 247 
247 247 247 247 249 220 96 96 102 100 101 115 124 123 125 126 133 145 147 154 160 167 180 178 178 183 185 187 195 172 174 193 246 247 247 247 247 
247 247 247 247 250 204 92 101 116 101 104 114 118 123 128 135 141 150 153 158 161 162 172 175 178 184 186 185 191 181 176 183 240 248 247 247 247 
247 247 247 247 250 187 94 110 120 106 112 121 118 122 136 144 149 154 159 164 166 164 166 176 180 187 189 185 188 191 181 181 230 248 247 247 247 
247 247 247 247 249 175 101 103 106 107 116 120 121 127 135 140 141 142 149 155 160 160 158 171 170 176 183 190 194 195 193 186 227 248 247 247 247 
247 247 247 247 248 154 86 88 94 110 118 120 129 133 128 117 106 107 115 126 136 143 137 132 111 105 120 140 177 199 197 184 226 248 247 247 247 
247 247 247 247 246 141 70 80 101 117 122 124 121 90 65 53 48 49 63 84 116 137 123 83 58 50 65 85 114 181 205 183 223 248 247 247 247 
247 247 247 248 248 141 71 77 107 123 122 115 73 54 61 68 60 56 61 67 113 150 128 81 67 55 66 87 111 153 204 183 222 249 247 247 247 
247 247 247 227 197 131 76 76 115 127 124 91 64 55 41 39 60 58 58 66 124 162 141 82 65 59 72 82 79 132 194 177 176 219 248 247 247 
247 247 249 163 96 93 74 85 122 122 115 83 57 51 69 79 93 80 69 78 128 156 152 120 101 95 113 132 125 122 183 188 150 183 249 247 247 
247 247 249 153 101 103 95 90 122 118 103 81 76 79 81 87 96 103 102 105 135 153 166 154 147 137 130 133 147 162 183 199 162 180 249 247 247 
247 247 249 155 115 117 101 104 122 119 117 123 128 126 128 132 129 125 115 124 145 158 175 170 158 158 163 162 167 189 195 191 168 181 248 247 247 
247 247 249 183 117 96 81 122 120 122 125 141 147 147 147 140 132 113 108 122 148 156 170 174 144 129 152 169 178 190 205 179 165 207 248 247 247 
247 247 247 217 122 86 94 127 118 118 127 137 138 143 145 134 109 99 131 133 142 152 169 182 178 137 92 134 170 182 198 180 165 229 247 247 247 
247 247 247 233 136 95 115 130 122 115 115 110 111 115 115 96 73 97 102 92 91 116 132 126 125 140 100 76 118 148 176 183 174 235 247 247 247 
247 247 247 241 161 110 115 125 124 117 102 89 91 94 85 65 73 75 56 47 52 78 105 121 130 144 130 77 77 123 158 181 196 240 247 247 247 
247 247 247 247 209 140 127 132 124 117 93 76 76 73 59 66 82 85 79 75 81 97 111 139 148 146 140 115 69 101 147 178 216 246 247 247 247 
247 247 247 247 244 173 163 196 126 117 96 73 75 66 66 76 85 89 90 92 99 113 121 130 128 115 117 124 98 108 152 184 214 246 247 247 247 
247 247 247 247 247 230 233 228 130 112 101 75 81 77 69 60 52 58 65 66 79 94 120 135 138 70 42 94 111 130 168 239 243 247 247 247 247 
247 247 247 247 247 247 248 245 159 108 103 88 81 94 65 23 33 89 121 132 161 169 189 190 190 102 70 118 125 141 190 247 247 247 247 247 247 
247 247 247 247 247 247 247 249 207 113 95 102 80 101 87 70 61 103 126 136 161 174 175 168 154 121 143 137 134 146 213 247 247 247 247 247 247 
247 247 247 247 247 247 247 247 238 143 92 94 83 95 98 105 89 80 86 96 119 127 132 146 145 152 161 140 137 162 232 247 247 247 247 247 247 
247 247 247 247 247 247 247 247 247 201 105 85 85 82 105 104 108 96 90 95 111 117 128 146 157 168 159 145 143 200 246 247 247 247 247 247 247 
247 247 247 247 247 247 247 247 247 241 163 86 84 77 101 97 108 105 96 85 89 101 113 137 160 165 155 149 175 239 248 247 247 247 247 247 247 
247 247 247 247 247 247 247 247 247 248 231 121 79 81 87 102 101 107 102 99 100 106 123 145 162 164 160 164 224 248 247 247 247 247 247 247 247 
247 247 247 247 247 247 247 247 247 247 249 211 103 83 80 100 105 106 105 109 118 128 141 153 159 163 171 206 246 247 247 247 247 247 247 247 247 
247 247 247 247 247 247 247 247 247 247 247 246 184 94 80 87 107 113 113 116 122 129 140 154 157 166 191 237 247 247 247 247 247 247 247 247 247 
247 247 247 247 247 247 247 247 247 247 247 247 241 167 76 73 90 105 115 118 121 123 134 145 154 166 218 247 247 247 247 247 247 247 247 247 247 
247 247 247 247 247 247 247 247 247 247 247 247 248 246 167 92 70 73 85 98 111 113 115 119 126 179 246 247 247 247 247 247 247 247 247 247 247 
247 247 247 247 247 247 247 247 247 247 247 247 247 247 245 214 162 120 92 71 73 78 84 113 169 234 248 247 247 247 247 247 247 247 247 247 247 
247 247 247 247 247 247 247 247 247 247 247 247 247 247 247 248 246 236 218 186 164 164 181 218 241 247 247 247 247 247 247 247 247 247 247 247 247 
