247 247 247 247 247 247 248 207 149 121 113 103 87 84 93 101 109 109 133 180 244 247 247 247 247 247 247 
247 247 247 247 247 246 196 129 109 103 111 109 114 127 125 141 143 140 145 150 192 240 247 247 247 247 247 
247 247 247 247 246 196 123 95 119 145 151 152 153 152 160 171 174 181 199 202 174 192 243 247 247 247 247 
247 247 247 247 225 122 99 100 137 148 149 152 154 154 159 166 171 176 189 204 202 155 214 248 247 247 247 
247 247 247 247 180 96 101 98 128 135 137 146 155 155 161 168 181 182 189 194 201 167 185 242 247 247 247 
247 247 247 244 137 96 103 99 117 124 125 128 142 148 158 165 179 178 182 185 194 174 177 231 247 247 247 
247 247 247 238 124 106 113 105 116 120 131 141 150 156 163 163 170 177 185 188 187 185 174 219 248 247 247 
247 247 247 232 122 105 108 113 121 123 134 142 144 152 159 162 163 172 178 185 191 194 187 212 248 247 247 
247 247 247 223 100 86 101 118 123 130 119 102 94 106 124 140 134 111 90 108 147 196 191 210 248 247 247 
247 247 248 219 86 80 113 122 117 79 56 53 47 57 86 137 117 73 58 76 101 162 197 207 248 247 247 
247 247 230 185 90 78 123 124 90 57 49 54 64 60 85 152 130 76 60 75 85 132 194 179 226 248 247 
247 249 168 97 85 88 124 114 77 58 73 86 89 77 102 148 151 122 104 116 133 133 192 166 190 249 247 
247 249 166 113 108 98 123 112 106 107 105 113 120 113 128 153 172 164 157 153 154 180 194 178 188 249 247 
247 249 190 111 81 122 120 124 143 146 147 138 122 108 133 154 172 160 131 156 174 190 198 167 212 248 247 
247 247 224 110 96 128 116 121 127 130 134 114 90 130 122 137 158 162 146 86 138 168 192 166 232 247 247 
247 247 238 133 111 126 120 108 94 97 94 70 79 64 54 80 112 120 140 114 74 127 172 185 238 247 247 
247 247 247 190 130 141 122 99 76 73 63 72 86 82 80 98 119 143 145 138 88 101 158 199 245 247 247 
247 247 247 233 189 208 117 101 75 75 68 73 74 77 79 97 117 126 95 87 109 118 181 223 247 247 247 
247 247 247 247 248 237 128 102 82 90 69 28 59 107 128 149 176 183 115 71 120 139 214 248 247 247 247 
247 247 247 247 247 247 172 97 96 89 94 75 79 113 131 160 161 153 130 150 130 148 233 247 247 247 247 
247 247 247 247 247 247 233 104 90 81 101 107 95 88 107 119 134 154 163 157 138 182 245 247 247 247 247 
247 247 247 247 247 247 248 181 86 82 95 99 108 96 86 99 118 148 165 154 157 234 247 247 247 247 247 
247 247 247 247 247 247 247 243 140 82 85 102 104 103 105 113 133 155 164 164 212 247 247 247 247 247 247 
247 247 247 247 247 247 247 247 228 115 80 97 109 110 117 127 143 157 163 191 245 247 247 247 247 247 247 
247 247 247 247 247 247 247 247 248 210 101 75 96 111 118 122 133 146 163 229 247 247 247 247 247 247 247 
247 247 247 247 247 247 247 247 247 248 214 129 79 77 89 100 103 117 190 248 247 247 247 247 247 247 247 
247 247 247 247 247 247 247 247 247 247 247 248 232 193 144 136 158 215 247 247 247 247 247 247 247 247 247 
