247 247 247 247 247 247 247 247 247 247 247 247 249 249 219 174 147 130 124 120 119 112 100 90 84 84 90 95 94 97 105 107 108 120 139 153 180 233 250 247 247 247 247 247 247 247 247 247 247 247 247 
247 247 247 247 247 247 247 247 247 247 247 248 246 211 166 149 131 115 111 106 100 98 85 82 86 85 86 92 98 107 114 109 102 103 110 134 152 182 235 248 247 247 247 247 247 247 247 247 247 247 247 
247 247 247 247 247 247 247 247 247 247 248 246 200 156 135 124 108 98 96 99 96 90 88 95 104 116 116 105 112 130 133 121 114 120 121 124 134 148 191 246 248 247 247 247 247 247 247 247 247 247 247 
247 247 247 247 247 247 247 247 247 248 247 200 154 123 99 96 96 105 113 127 135 136 141 141 141 147 153 154 159 166 170 170 171 180 183 174 168 161 158 183 225 249 247 247 247 247 247 247 247 247 247 
247 247 247 247 247 247 247 247 248 249 201 141 126 105 91 101 124 145 152 153 154 153 154 155 153 152 156 163 170 173 175 176 180 188 200 208 207 197 173 155 190 243 248 247 247 247 247 247 247 247 247 
247 247 247 247 247 247 247 247 250 217 141 108 103 93 98 122 143 153 154 153 153 154 155 154 152 152 153 159 166 170 172 172 174 180 190 203 210 210 199 168 153 195 243 248 247 247 247 247 247 247 247 
247 247 247 247 247 247 247 248 238 161 115 100 100 94 107 130 143 148 149 150 150 152 154 154 154 154 155 159 164 166 168 170 172 177 185 193 203 209 207 185 150 160 218 250 247 247 247 247 247 247 247 
247 247 247 247 247 247 247 251 211 127 101 100 94 92 106 128 139 141 143 144 147 151 153 155 156 155 158 161 164 167 172 175 176 180 184 190 196 202 204 193 161 154 194 245 248 247 247 247 247 247 247 
247 247 247 247 247 247 247 250 174 104 95 106 101 93 101 121 132 134 134 136 139 145 153 157 157 156 159 162 164 170 179 184 183 185 190 193 194 196 201 193 166 162 176 224 249 247 247 247 247 247 247 
247 247 247 247 247 247 248 238 135 98 96 100 101 93 101 116 126 128 127 128 129 132 139 147 150 151 155 160 162 167 178 183 180 179 183 187 187 190 197 195 171 167 172 198 248 247 247 247 247 247 247 
247 247 247 247 247 247 250 227 114 92 97 103 103 98 101 110 120 123 122 123 124 125 130 139 144 146 151 157 160 165 175 181 178 177 180 183 184 185 189 194 176 167 181 190 244 248 247 247 247 247 247 
247 247 247 247 247 247 251 214 111 91 102 115 105 99 103 111 115 119 123 125 129 133 138 145 149 151 155 159 161 162 168 175 175 177 180 184 185 185 187 191 182 172 178 181 237 249 247 247 247 247 247 
247 247 247 247 247 247 252 198 106 93 113 123 110 102 110 118 117 117 122 130 137 142 147 151 155 158 161 164 164 163 165 171 175 179 183 189 189 186 185 190 190 179 174 178 226 249 247 247 247 247 247 
247 247 247 247 247 247 252 189 110 96 112 118 110 105 115 122 122 119 121 130 139 144 148 150 154 158 162 166 166 164 163 170 176 178 182 187 188 187 186 188 192 189 182 181 214 250 247 247 247 247 247 
247 247 247 247 247 247 251 175 113 98 104 105 105 109 116 119 119 122 127 132 137 140 140 139 142 148 152 156 160 160 156 162 169 169 172 177 182 188 193 194 194 195 190 184 214 250 247 247 247 247 247 
247 247 247 247 247 248 249 159 101 88 93 93 103 112 117 118 121 129 134 137 135 128 120 118 121 126 133 137 144 147 143 145 145 133 128 131 143 155 172 192 200 196 192 182 213 250 247 247 247 247 247 
247 247 247 247 247 248 246 146 86 76 85 93 107 116 120 121 129 132 122 109 96 84 77 75 79 90 103 114 129 138 132 123 104 78 61 60 72 90 112 152 196 201 196 180 210 250 247 247 247 247 247 
247 247 247 247 247 248 245 140 75 72 83 99 113 120 122 123 124 107 77 58 50 45 42 41 46 56 71 92 119 138 133 107 79 64 57 60 74 89 98 114 163 203 203 179 207 250 247 247 247 247 247 
247 247 247 247 247 250 246 140 78 71 79 103 119 123 122 121 98 67 54 56 62 66 60 54 57 60 63 83 119 147 143 108 81 71 58 56 66 82 98 114 143 190 207 179 205 250 248 247 247 247 247 
247 247 247 247 247 235 228 141 86 71 77 107 125 125 123 107 77 61 58 52 47 50 57 56 59 60 62 86 127 158 154 114 78 66 55 50 57 70 73 89 132 177 207 174 182 223 241 248 247 247 247 
247 247 247 250 227 154 151 111 80 69 82 115 126 126 123 101 78 58 46 44 45 52 73 78 67 59 62 90 131 158 157 125 92 77 71 78 96 112 108 94 109 160 206 177 156 169 220 250 247 247 247 
247 247 247 252 197 95 100 94 81 70 92 121 123 121 112 89 68 52 54 68 77 83 91 87 76 71 76 100 132 153 160 143 123 109 97 97 109 124 133 125 120 153 201 190 160 141 206 252 247 247 247 
247 247 247 252 185 96 105 101 100 80 95 121 122 116 102 84 73 71 76 81 84 89 94 96 98 97 98 116 136 151 163 161 150 143 134 126 123 127 135 146 155 166 195 200 173 144 202 251 247 247 247 
247 247 247 252 182 106 116 114 112 93 97 120 122 116 109 103 105 105 103 101 105 110 114 119 119 113 115 128 143 155 167 173 166 162 159 154 152 151 151 161 179 186 193 199 179 151 196 252 247 247 247 
247 247 247 253 186 114 121 115 95 100 113 121 120 120 118 125 134 134 134 134 136 134 130 129 121 113 118 133 148 157 168 177 169 152 149 159 166 166 165 171 186 198 197 185 171 162 201 251 247 247 247 
247 247 247 251 213 129 115 97 70 103 126 121 120 123 125 137 146 146 146 148 146 139 133 122 110 108 118 134 149 155 163 176 173 149 132 131 150 166 173 179 188 199 204 178 159 180 223 250 247 247 247 
247 247 247 248 240 153 106 86 73 110 129 119 118 121 128 138 141 141 144 147 144 136 122 103 105 121 129 135 146 153 161 176 181 171 151 114 104 135 162 178 184 191 204 180 152 194 242 248 247 247 247 
247 247 247 247 250 176 104 87 94 121 130 121 115 117 123 126 126 127 132 134 131 118 93 87 112 130 126 120 126 139 150 160 161 161 158 128 85 90 127 154 166 177 196 182 150 201 249 247 247 247 247 
247 247 247 247 252 195 110 95 106 124 130 124 117 115 113 108 107 109 112 114 108 87 73 82 93 92 85 79 88 108 123 128 120 119 133 139 108 72 85 118 141 160 184 185 161 207 250 247 247 247 247 
247 247 247 247 250 218 126 107 111 120 128 125 120 114 102 91 91 93 95 94 80 65 70 78 69 56 49 47 57 78 98 113 117 121 136 145 132 89 63 86 120 146 171 183 181 219 249 247 247 247 247 
247 247 247 247 248 240 161 126 122 118 128 125 121 113 92 80 80 80 79 72 60 63 77 82 76 67 61 58 64 80 96 117 138 147 147 146 141 117 77 65 98 137 160 180 199 234 248 247 247 247 247 
247 247 247 247 247 250 211 148 128 144 151 127 122 113 90 75 74 72 68 60 60 72 83 88 90 89 88 91 99 110 115 126 140 146 145 143 140 133 106 73 88 136 157 173 198 243 248 247 247 247 247 
247 247 247 247 247 248 241 173 143 201 191 130 120 112 94 76 74 74 67 64 70 77 84 87 89 89 89 92 100 111 117 123 129 128 120 109 113 123 116 95 101 137 167 188 199 244 247 247 247 247 247 
247 247 247 247 247 247 247 218 208 244 216 135 116 109 99 78 75 82 74 70 70 68 65 63 66 68 66 70 78 90 106 117 124 125 103 54 51 88 109 109 123 142 190 239 234 247 247 247 247 247 247 
247 247 247 247 247 247 247 249 249 250 234 152 117 106 102 85 75 88 87 74 54 34 30 44 69 83 87 100 113 122 143 163 169 174 143 58 34 81 116 120 139 149 209 251 249 247 247 247 247 247 247 
247 247 247 247 247 247 247 247 247 248 248 183 124 104 101 98 78 86 97 84 51 23 32 72 114 136 145 162 179 184 193 200 195 192 156 89 86 127 126 130 142 159 227 249 247 247 247 247 247 247 247 
247 247 247 247 247 247 247 247 247 247 250 218 140 105 95 104 86 82 100 95 82 62 57 83 115 131 139 152 169 179 179 178 173 163 135 118 139 148 127 135 140 175 240 248 247 247 247 247 247 247 247 
247 247 247 247 247 247 247 247 247 247 248 243 172 112 91 97 93 78 97 98 100 102 84 73 79 85 89 103 122 133 135 133 135 137 136 149 159 149 130 137 145 198 248 247 247 247 247 247 247 247 247 
247 247 247 247 247 247 247 247 247 247 247 250 215 131 92 87 94 77 87 100 103 108 103 92 86 87 96 109 118 120 125 140 155 155 157 164 162 149 136 139 161 226 249 247 247 247 247 247 247 247 247 
247 247 247 247 247 247 247 247 247 247 247 248 246 174 104 84 88 82 80 100 101 104 109 103 96 91 91 100 109 115 121 132 144 155 165 168 159 146 143 148 193 246 248 247 247 247 247 247 247 247 247 
247 247 247 247 247 247 247 247 247 247 247 247 250 227 142 90 82 85 77 95 99 97 107 109 102 94 86 84 91 102 110 120 137 155 166 164 155 149 150 173 232 249 247 247 247 247 247 247 247 247 247 
247 247 247 247 247 247 247 247 247 247 247 247 247 250 204 120 83 83 79 85 100 98 100 108 107 101 93 89 91 97 108 123 142 158 165 161 158 156 166 216 249 247 247 247 247 247 247 247 247 247 247 
247 247 247 247 247 247 247 247 247 247 247 247 247 248 246 179 102 80 83 79 96 102 99 104 105 103 104 107 109 113 124 137 149 160 164 163 163 168 198 245 248 247 247 247 247 247 247 247 247 247 247 
247 247 247 247 247 247 247 247 247 247 247 247 247 247 249 237 155 91 83 80 84 102 107 104 105 104 107 114 120 128 138 147 153 158 160 164 170 188 233 249 247 247 247 247 247 247 247 247 247 247 247 
247 247 247 247 247 247 247 247 247 247 247 247 247 247 247 251 223 136 86 81 78 94 109 110 110 110 113 119 124 130 138 147 156 158 158 168 183 217 248 247 247 247 247 247 247 247 247 247 247 247 247 
247 247 247 247 247 247 247 247 247 247 247 247 247 247 247 247 251 207 121 81 75 81 98 110 117 118 116 118 120 124 131 140 149 155 160 174 200 239 248 247 247 247 247 247 247 247 247 247 247 247 247 
247 247 247 247 247 247 247 247 247 247 247 247 247 247 247 247 248 249 199 113 72 70 80 92 102 111 117 120 121 122 127 135 141 149 155 176 224 249 247 247 247 247 247 247 247 247 247 247 247 247 247 
247 247 247 247 247 247 247 247 247 247 247 247 247 247 247 247 247 248 249 198 117 71 63 69 78 89 99 109 116 118 118 121 124 125 139 193 246 248 247 247 247 247 247 247 247 247 247 247 247 247 247 
247 247 247 247 247 247 247 247 247 247 247 247 247 247 247 247 247 247 247 249 229 173 109 72 62 62 68 78 88 91 91 92 95 116 176 239 249 247 247 247 247 247 247 247 247 247 247 247 247 247 247 
247 247 247 247 247 247 247 247 247 247 247 247 247 247 247 247 247 247 247 247 250 251 239 213 177 129 85 63 61 65 70 92 140 204 244 249 247 247 247 247 247 247 247 247 247 247 247 247 247 247 247 
247 247 247 247 247 247 247 247 247 247 247 247 247 247 247 247 247 247 247 247 247 247 249 252 254 250 233 213 200 199 210 230 248 251 248 247 247 247 247 247 247 247 247 247 247 247 247 247 247 247 247 
