247 247 247 247 247 247 247 247 247 247 247 247 247 247 247 247 247 249 249 244 208 174 155 141 126 124 124 118 119 118 107 97 92 87 82 84 87 95 94 94 93 100 105 109 105 109 116 134 145 153 162 219 238 251 247 247 247 247 247 247 247 247 247 247 247 247 247 247 247 247 247 
247 247 247 247 247 247 247 247 247 247 247 247 247 247 247 247 248 247 232 214 175 159 146 130 118 116 117 109 108 106 100 88 85 87 84 85 85 91 93 95 99 107 110 112 103 105 108 115 131 141 153 186 212 239 248 247 247 247 247 247 247 247 247 247 247 247 247 247 247 247 247 
247 247 247 247 247 247 247 247 247 247 247 247 247 247 247 248 248 236 210 184 148 144 136 119 109 108 109 102 99 97 95 82 82 89 89 90 91 92 95 99 107 116 117 116 104 105 106 104 120 132 144 158 188 222 248 248 247 247 247 247 247 247 247 247 247 247 247 247 247 247 247 
247 247 247 247 247 247 247 247 247 247 247 247 247 247 249 247 245 186 162 142 130 124 115 101 97 96 96 100 96 92 88 89 93 102 108 117 125 109 105 109 126 136 134 128 112 116 120 122 121 124 132 137 154 175 245 247 249 247 247 247 247 247 247 247 247 247 247 247 247 247 247 
247 247 247 247 247 247 247 247 247 247 247 247 247 248 247 229 199 155 136 118 101 102 101 97 105 108 112 126 126 126 126 131 132 131 134 141 146 144 144 147 156 161 162 162 156 161 166 172 166 163 162 158 158 159 188 211 230 249 247 247 247 247 247 247 247 247 247 247 247 247 247 
247 247 247 247 247 247 247 247 247 247 247 247 247 248 231 203 164 137 121 105 90 97 102 108 122 126 129 142 143 144 144 148 149 146 147 150 154 157 160 163 169 172 173 175 174 178 183 192 190 188 185 179 171 162 162 187 212 247 247 247 247 247 247 247 247 247 247 247 247 247 247 
247 247 247 247 247 247 247 247 247 247 247 248 248 250 197 161 123 124 109 95 88 102 116 135 152 155 155 156 156 156 154 156 156 155 153 153 153 159 166 170 173 175 175 176 178 181 186 197 207 211 212 207 195 182 148 164 187 242 247 248 247 247 247 247 247 247 247 247 247 247 247 
247 247 247 247 247 247 247 247 247 247 247 249 242 209 141 116 104 103 96 91 101 122 136 149 154 154 153 152 153 154 155 155 154 153 152 152 151 154 160 165 168 171 172 172 173 175 178 185 196 203 209 211 209 205 175 156 153 185 229 244 248 247 247 247 247 247 247 247 247 247 247 
247 247 247 247 247 247 247 247 247 247 248 245 227 172 124 107 100 101 95 92 109 127 139 149 151 151 151 151 151 152 154 154 154 153 153 153 153 155 160 164 166 168 170 171 171 173 176 183 191 197 204 209 210 209 188 162 149 163 211 234 249 247 247 247 247 247 247 247 247 247 247 
247 247 247 247 247 247 247 247 247 247 249 238 210 135 112 103 97 100 96 95 115 131 140 145 147 148 149 149 150 150 153 154 154 154 154 154 154 157 161 163 164 166 168 170 171 173 175 182 187 192 199 206 209 210 198 169 151 145 193 222 250 247 247 247 247 247 247 247 247 247 247 
247 247 247 247 247 247 247 247 247 247 252 217 178 106 99 99 101 90 92 95 111 127 136 140 141 142 143 144 146 149 152 154 155 157 155 156 156 160 162 163 165 170 173 176 176 178 180 183 187 190 194 198 202 205 201 180 163 148 173 203 244 248 247 247 247 247 247 247 247 247 247 
247 247 247 247 247 247 247 247 247 247 251 198 152 96 96 100 107 97 94 93 106 122 131 136 136 136 136 138 141 144 149 154 156 158 156 156 156 161 162 164 166 173 178 183 181 182 183 187 190 192 193 195 198 202 201 180 165 158 168 191 225 248 248 247 247 247 247 247 247 247 247 
247 247 247 247 247 247 247 247 247 247 246 180 131 91 95 100 108 101 96 92 104 119 127 132 132 131 131 133 136 139 144 150 154 157 155 155 155 161 162 163 165 174 180 186 183 183 183 188 191 192 191 192 195 199 201 181 168 164 166 182 208 247 248 247 247 247 247 247 247 247 247 
247 247 247 247 247 247 247 247 248 248 234 153 105 95 97 98 99 101 96 93 106 116 122 127 127 127 126 127 128 128 130 138 144 149 148 150 152 158 160 161 162 172 178 184 180 178 177 180 184 185 186 187 190 194 202 185 173 167 169 175 184 244 247 247 247 247 247 247 247 247 247 
247 247 247 247 247 247 247 247 249 249 223 140 93 92 97 100 105 102 99 97 103 110 115 123 123 122 122 124 124 124 125 132 137 143 145 146 148 155 158 160 161 169 175 182 179 177 177 179 182 183 183 184 186 187 199 186 176 164 177 181 182 240 246 248 247 247 247 247 247 247 247 
247 247 247 247 247 247 247 247 249 249 214 135 91 91 99 105 111 102 100 99 104 110 114 119 121 122 123 124 126 127 129 134 139 145 147 148 149 156 159 160 161 166 171 178 177 176 176 179 182 183 184 185 185 185 196 187 179 167 178 180 176 236 244 248 247 247 247 247 247 247 247 
247 247 247 247 247 247 247 247 249 249 205 133 93 91 104 112 121 102 99 99 107 112 114 115 119 122 125 127 131 134 138 142 145 150 152 153 154 159 160 161 161 162 166 173 174 175 176 178 182 185 186 186 186 185 192 188 183 173 177 175 169 230 242 249 247 247 247 247 247 247 247 
247 247 247 247 247 247 247 247 250 249 185 124 91 94 116 123 126 107 104 103 116 119 119 116 117 120 124 135 138 142 147 149 151 155 157 159 160 166 165 165 165 162 164 168 174 176 178 182 187 190 192 187 185 183 189 193 192 181 176 173 171 216 235 249 247 247 247 247 247 247 247 
247 247 247 247 247 247 247 247 249 248 180 125 95 95 114 119 120 107 105 106 118 121 122 120 118 120 124 135 139 142 146 149 150 152 156 158 160 165 166 166 166 162 163 166 175 176 177 181 186 188 189 187 186 185 187 191 192 188 182 178 175 210 232 250 247 247 247 247 247 247 247 
247 247 247 247 247 247 247 247 249 247 174 127 99 97 110 114 114 107 107 108 120 123 123 122 120 122 124 135 139 142 145 147 148 148 154 156 159 163 165 165 166 161 161 163 176 175 175 178 182 185 186 187 187 188 187 190 193 194 188 184 178 205 229 249 247 247 247 247 247 247 247 
247 247 247 247 247 247 247 247 249 245 157 124 103 98 102 102 100 105 109 113 118 117 117 118 125 128 131 135 137 138 139 137 136 135 141 144 147 150 153 156 162 155 153 154 168 166 165 166 170 173 177 185 190 195 198 196 195 197 195 190 181 208 231 250 247 247 247 247 247 247 247 
247 247 247 247 247 247 247 248 248 243 144 111 92 87 93 94 93 105 110 115 119 118 119 122 131 134 136 137 135 131 124 119 118 119 122 126 131 136 138 142 151 144 143 142 150 142 135 128 128 131 139 150 159 168 190 197 200 197 195 188 177 206 230 250 247 247 247 247 247 247 247 
247 247 247 247 247 247 247 248 247 240 135 102 83 79 87 90 92 107 112 117 120 119 121 127 133 132 129 124 118 112 102 97 96 96 101 107 113 122 125 131 144 138 136 133 131 118 106 92 89 91 100 114 124 135 168 187 199 199 198 190 176 204 229 250 247 247 247 247 247 247 247 
247 247 247 247 247 247 247 248 247 238 126 92 73 73 83 90 97 112 117 120 122 123 127 136 133 121 106 88 78 69 61 59 58 57 66 76 86 101 109 119 138 134 129 124 101 83 64 40 35 35 41 59 69 80 119 163 193 203 203 193 176 202 228 250 247 247 247 247 247 247 247 
247 247 247 247 247 247 247 248 246 237 122 85 66 74 83 93 106 117 120 122 123 123 123 120 92 73 54 43 41 40 39 36 36 36 44 50 57 73 93 111 135 142 134 120 80 73 68 61 63 68 77 92 98 103 97 125 154 201 208 198 176 199 226 249 247 247 247 247 247 247 247 
247 247 247 247 247 247 247 249 248 238 122 87 68 72 80 92 108 120 122 123 122 122 115 97 69 58 51 51 54 56 57 50 47 46 54 55 57 68 90 111 139 150 140 122 82 77 72 61 60 62 68 83 91 98 104 122 145 190 208 199 175 198 226 250 248 247 247 247 247 247 247 
247 247 247 247 247 247 247 251 249 239 124 91 73 71 77 90 110 123 124 123 121 119 104 71 48 50 57 70 77 82 85 72 66 63 72 67 62 68 90 112 145 159 148 127 88 83 77 57 49 47 50 64 75 87 117 125 140 177 206 200 175 196 225 250 249 247 247 247 247 247 247 
247 247 247 247 247 247 247 225 219 210 130 99 79 68 78 94 118 130 127 125 124 100 83 64 67 63 57 37 29 26 33 50 52 47 57 56 55 68 97 122 155 169 158 136 82 71 62 58 53 52 53 70 67 62 56 94 127 165 202 198 174 164 184 206 236 244 248 247 247 247 247 
247 247 247 247 249 242 225 154 148 148 104 86 74 67 82 100 123 127 126 124 122 101 86 71 54 48 43 45 45 47 58 78 80 73 62 59 57 68 99 123 151 165 157 141 100 89 79 70 72 78 90 109 112 113 93 97 109 149 198 200 181 157 159 169 217 240 249 247 247 247 247 
247 247 247 247 251 237 204 103 99 106 89 79 73 67 87 106 127 124 124 123 117 98 84 71 46 42 42 58 62 67 78 96 96 87 68 64 63 73 103 125 147 162 158 147 117 107 98 85 89 96 112 130 138 143 121 105 104 140 193 201 188 156 145 143 204 237 251 247 247 247 247 
247 247 247 247 251 229 179 87 87 98 97 89 81 69 96 112 128 119 118 116 99 81 67 51 54 64 76 91 92 93 94 89 84 75 78 79 81 92 114 129 142 159 162 160 139 135 128 113 103 98 97 106 115 125 136 135 137 144 185 199 202 176 153 140 201 236 251 247 247 247 247 
247 247 247 247 251 229 180 99 100 110 102 104 99 78 94 109 126 121 117 112 97 85 79 77 78 79 80 79 81 84 92 96 100 104 107 103 99 108 124 135 145 158 164 169 156 154 151 146 140 136 131 132 134 136 147 156 162 166 187 197 205 181 159 145 196 234 250 247 247 247 247 
247 247 247 247 251 229 178 105 107 117 109 111 106 86 96 109 126 121 117 113 102 97 95 98 98 96 94 91 95 98 104 109 113 118 117 112 108 118 130 139 149 159 166 175 166 163 161 160 155 152 148 147 146 145 155 167 175 181 189 195 203 184 163 150 192 233 250 247 247 247 247 
247 247 247 247 251 227 173 109 112 123 122 115 107 95 101 111 126 120 118 117 115 117 120 125 121 120 120 122 127 131 130 129 129 129 117 116 116 128 136 143 154 161 170 180 174 169 165 165 161 160 160 162 160 157 162 176 186 196 192 194 199 185 167 155 187 231 251 247 247 247 247 
247 247 247 247 251 232 187 118 116 122 107 87 83 109 122 123 121 119 121 122 120 132 139 146 143 144 145 143 143 141 132 130 129 128 115 112 111 123 137 147 155 159 167 176 177 161 146 132 147 158 169 171 171 170 172 179 186 200 203 195 179 165 164 169 204 236 250 247 247 247 247 
247 247 247 247 250 238 210 129 117 113 95 76 76 112 126 125 119 121 122 124 126 137 144 148 145 146 147 148 146 143 135 132 126 115 106 108 113 125 139 147 154 157 163 173 183 168 153 135 128 131 145 162 168 172 178 182 188 197 206 198 181 159 167 180 221 241 249 247 247 247 247 
247 247 247 247 249 244 232 142 119 103 84 69 72 115 128 126 116 122 123 124 130 140 146 147 145 146 148 150 147 143 137 131 120 101 99 107 116 127 139 147 153 155 160 169 187 176 163 144 115 107 115 147 160 170 181 185 188 192 207 202 185 154 169 190 237 245 248 247 247 247 247 
247 247 247 247 247 248 249 168 129 95 83 85 94 123 129 125 115 115 118 121 130 134 135 134 137 141 144 145 141 136 127 100 90 86 133 140 141 134 136 140 150 153 162 173 183 184 185 192 159 123 69 93 118 144 170 176 179 181 199 198 186 145 169 199 248 247 247 247 247 247 247 
247 247 247 247 247 248 252 180 135 94 87 95 106 128 130 126 119 114 115 117 123 123 122 121 124 126 129 130 127 120 102 82 83 96 124 126 126 115 112 114 129 137 145 152 153 150 148 152 148 131 95 75 89 111 143 152 160 168 189 193 189 148 172 202 249 248 247 247 247 247 247 
247 247 247 247 247 249 253 191 142 97 92 102 112 129 130 127 121 114 114 115 115 112 111 111 112 115 117 117 113 105 81 72 78 96 106 104 102 92 88 91 108 121 129 135 130 125 122 130 141 137 117 72 74 85 120 134 145 158 180 188 190 154 177 205 250 248 247 247 247 247 247 
247 247 247 247 247 249 252 207 156 107 100 107 114 126 130 128 123 118 116 114 105 97 95 97 100 102 104 103 93 81 58 72 77 79 62 56 52 48 52 60 79 96 106 115 107 100 99 122 139 144 142 90 70 57 93 113 130 147 169 179 187 168 188 212 250 248 247 247 247 247 247 
247 247 247 247 247 248 249 229 176 121 111 113 114 117 125 126 124 120 115 109 91 86 85 86 87 88 89 82 68 59 63 75 79 79 63 56 50 45 43 47 60 77 91 106 127 132 137 141 145 146 146 120 92 63 63 88 110 136 157 169 181 186 205 225 249 248 247 247 247 247 247 
247 247 247 247 247 247 248 240 197 148 122 122 121 117 128 128 123 121 115 107 85 80 79 81 79 79 79 68 60 57 69 79 82 82 72 67 62 59 58 61 73 86 96 107 133 141 147 147 147 146 145 131 108 82 58 77 98 133 152 165 178 193 214 234 248 247 247 247 247 247 247 
247 247 247 247 247 247 247 251 221 185 135 134 131 121 133 131 122 122 116 107 81 75 74 76 72 70 69 53 57 62 78 83 86 87 85 83 81 80 83 88 99 105 109 113 136 143 149 149 148 146 142 138 125 108 60 69 86 132 148 161 175 199 223 244 248 247 247 247 247 247 247 
247 247 247 247 247 247 247 249 242 229 144 125 132 191 180 154 117 123 116 106 86 75 71 75 71 66 62 62 66 71 80 87 91 95 98 99 100 103 106 111 121 124 126 130 139 141 141 138 139 139 139 139 134 127 91 85 91 131 151 159 162 175 210 242 248 247 247 247 247 247 247 
247 247 247 247 247 247 247 248 245 238 172 160 169 226 197 161 114 120 114 106 90 76 72 76 75 70 64 68 71 75 81 83 84 84 84 84 83 83 85 89 99 108 111 114 121 122 122 117 100 93 92 113 117 117 98 98 105 132 159 179 202 203 225 245 247 247 247 247 247 247 247 
247 247 247 247 247 247 247 247 247 245 202 196 206 252 212 168 113 117 111 105 95 78 72 78 81 75 67 71 73 74 76 74 72 71 71 70 68 67 69 74 82 96 102 107 113 115 115 110 73 56 49 85 99 110 104 111 119 133 167 198 236 228 238 247 247 247 247 247 247 247 247 
247 247 247 247 247 247 247 247 247 247 250 251 251 251 228 184 121 114 109 104 101 81 74 76 91 87 77 68 60 51 38 30 31 40 60 62 61 65 77 83 84 104 121 139 154 157 161 165 92 47 8 41 76 111 111 127 137 136 181 215 252 250 248 247 247 247 247 247 247 247 247 
247 247 247 247 247 247 247 247 247 247 248 248 248 249 241 202 143 113 106 102 104 91 81 71 93 93 89 70 46 27 15 31 49 73 105 111 114 122 140 149 152 160 172 186 184 187 189 188 115 71 36 88 108 122 120 133 141 140 195 225 251 248 247 247 247 247 247 247 247 247 247 
247 247 247 247 247 247 247 247 247 247 247 247 247 248 248 216 165 113 106 101 102 98 88 69 92 96 97 75 51 31 14 38 63 94 128 136 141 151 167 177 184 185 193 203 195 196 195 184 121 89 70 120 127 126 126 135 142 145 205 232 250 247 247 247 247 247 247 247 247 247 247 
247 247 247 247 247 247 247 247 247 247 247 247 247 247 251 231 198 115 106 100 94 105 99 70 87 97 106 86 76 62 32 54 79 115 142 149 155 166 175 183 197 193 195 200 193 190 182 154 116 108 123 152 141 124 135 136 140 154 217 240 249 247 247 247 247 247 247 247 247 247 247 
247 247 247 247 247 247 247 247 247 247 247 247 247 247 249 243 233 137 115 99 89 101 100 85 78 92 112 89 97 99 86 71 68 73 91 92 92 98 114 127 142 146 144 141 133 137 138 129 132 139 154 157 142 125 137 134 141 175 230 246 247 247 247 247 247 247 247 247 247 247 247 
247 247 247 247 247 247 247 247 247 247 247 247 247 247 248 246 244 165 127 97 88 95 96 92 73 87 108 93 101 106 101 85 78 75 84 85 87 96 109 119 128 131 132 132 139 142 144 138 146 153 162 158 144 129 138 136 147 194 236 248 247 247 247 247 247 247 247 247 247 247 247 
247 247 247 247 247 247 247 247 247 247 247 247 247 247 247 249 252 196 142 97 88 88 91 98 70 81 102 98 103 106 110 98 91 85 83 87 91 105 113 118 120 121 125 132 156 157 157 152 159 163 166 157 145 134 138 139 155 215 242 249 247 247 247 247 247 247 247 247 247 247 247 
247 247 247 247 247 247 247 247 247 247 247 247 247 247 247 248 249 243 184 127 84 83 86 93 78 79 86 110 102 100 113 108 104 97 92 91 90 98 107 113 118 120 124 131 144 148 153 162 168 170 166 148 145 144 136 156 183 244 247 248 247 247 247 247 247 247 247 247 247 247 247 
247 247 247 247 247 247 247 247 247 247 247 247 247 247 247 247 248 248 212 170 92 85 83 87 83 80 77 111 100 95 107 110 108 102 96 92 88 88 93 99 107 112 116 120 135 143 152 164 168 167 161 149 147 146 143 179 211 248 247 247 247 247 247 247 247 247 247 247 247 247 247 
247 247 247 247 247 247 247 247 247 247 247 247 247 247 247 247 247 251 233 206 112 90 81 82 86 80 73 109 99 94 100 109 110 106 99 94 89 83 85 89 98 106 110 114 130 141 152 166 167 164 158 151 149 148 157 201 232 249 247 247 247 247 247 247 247 247 247 247 247 247 247 
247 247 247 247 247 247 247 247 247 247 247 247 247 247 247 247 247 247 250 243 173 109 81 80 86 81 73 95 101 102 91 105 109 110 105 101 95 85 85 86 90 99 106 113 133 144 155 166 164 161 157 157 153 150 199 231 249 247 247 247 247 247 247 247 247 247 247 247 247 247 247 
247 247 247 247 247 247 247 247 247 247 247 247 247 247 247 247 247 247 248 247 228 155 110 76 81 82 81 79 98 108 93 100 104 107 104 103 101 100 101 102 104 110 118 127 141 150 158 166 164 163 162 160 164 172 234 243 248 247 247 247 247 247 247 247 247 247 247 247 247 247 247 
247 247 247 247 247 247 247 247 247 247 247 247 247 247 247 247 247 247 248 248 246 192 146 86 79 81 85 75 93 104 101 101 102 106 104 103 103 107 109 110 113 120 127 136 146 153 159 164 163 164 165 164 177 195 246 247 247 247 247 247 247 247 247 247 247 247 247 247 247 247 247 
247 247 247 247 247 247 247 247 247 247 247 247 247 247 247 247 247 247 247 247 251 235 194 106 78 80 88 75 85 95 113 104 102 105 104 104 104 110 114 118 123 131 137 144 150 154 158 160 161 164 168 170 195 225 250 248 247 247 247 247 247 247 247 247 247 247 247 247 247 247 247 
247 247 247 247 247 247 247 247 247 247 247 247 247 247 247 247 247 247 247 247 247 250 236 198 102 84 80 83 79 83 110 109 109 110 109 109 110 116 120 124 128 134 139 144 154 158 160 154 162 167 173 197 222 247 247 247 247 247 247 247 247 247 247 247 247 247 247 247 247 247 247 
247 247 247 247 247 247 247 247 247 247 247 247 247 247 247 247 247 247 247 247 247 249 244 229 147 109 78 81 77 79 99 107 110 113 115 114 113 116 119 122 125 130 135 140 151 155 158 155 164 171 178 214 233 249 247 247 247 247 247 247 247 247 247 247 247 247 247 247 247 247 247 
247 247 247 247 247 247 247 247 247 247 247 247 247 247 247 247 247 247 247 247 247 247 249 252 194 141 85 78 75 76 87 102 109 113 120 118 115 116 118 120 122 126 131 137 146 151 155 156 165 174 186 230 242 248 247 247 247 247 247 247 247 247 247 247 247 247 247 247 247 247 247 
247 247 247 247 247 247 247 247 247 247 247 247 247 247 247 247 247 247 247 247 247 247 247 248 250 212 162 70 69 69 72 85 92 98 108 114 118 120 121 121 122 123 128 135 139 145 150 155 159 175 211 245 249 247 247 247 247 247 247 247 247 247 247 247 247 247 247 247 247 247 247 
247 247 247 247 247 247 247 247 247 247 247 247 247 247 247 247 247 247 247 247 247 247 247 247 249 237 220 132 97 71 62 69 75 82 92 98 104 111 115 118 121 120 122 126 129 132 134 133 155 185 234 247 248 247 247 247 247 247 247 247 247 247 247 247 247 247 247 247 247 247 247 
247 247 247 247 247 247 247 247 247 247 247 247 247 247 247 247 247 247 247 247 247 247 247 247 248 249 247 184 140 105 78 70 68 70 77 82 88 98 105 110 114 111 112 114 116 118 120 129 168 202 246 248 247 247 247 247 247 247 247 247 247 247 247 247 247 247 247 247 247 247 247 
247 247 247 247 247 247 247 247 247 247 247 247 247 247 247 247 247 247 247 247 247 247 247 247 247 247 248 250 228 199 138 91 70 58 56 60 64 73 82 88 93 91 92 93 92 94 102 145 209 239 250 247 247 247 247 247 247 247 247 247 247 247 247 247 247 247 247 247 247 247 247 
247 247 247 247 247 247 247 247 247 247 247 247 247 247 247 247 247 247 247 247 247 247 247 247 247 247 247 247 246 243 233 212 195 176 141 116 91 64 62 62 67 67 71 77 109 143 177 226 241 247 247 247 247 247 247 247 247 247 247 247 247 247 247 247 247 247 247 247 247 247 247 
247 247 247 247 247 247 247 247 247 247 247 247 247 247 247 247 247 247 247 247 247 247 247 247 247 247 247 247 249 250 249 241 232 221 198 178 158 129 122 118 118 121 127 136 168 193 216 244 247 248 247 247 247 247 247 247 247 247 247 247 247 247 247 247 247 247 247 247 247 247 247 
247 247 247 247 247 247 247 247 247 247 247 247 247 247 247 247 247 247 247 247 247 247 247 247 247 247 247 247 247 247 247 249 251 253 254 250 243 221 209 202 197 201 210 221 245 249 251 248 247 247 247 247 247 247 247 247 247 247 247 247 247 247 247 247 247 247 247 247 247 247 247 
