58 61 68 84 106 119 110 105 109 119 119 117 118 116 112 104 99 91 82 74 76 83 106 124 118 130 125 103 87 76 80 104 124 129 110 83 79 93 106 87 66 69 88 98 97 98 98 102 102 102 99 79 62 41 40 31 29 31 28 28 36 43 47 47 51 57 79 97 99 115 123 135 137 145 146 146 148 143 132 129 122 113 105 96 62 46 52 54 54 70 69 71 80 95 94 98 104 106 120 140 143 139 135 137 123 86 55 43 34 30 25 23 26 25 19 19 20 20 19 18 19 27 30 21 25 20 20 22 20 20 20 23 19 20 22 21 21 22 22 21 20 20 21 22 20 23 19 22 20 23 
63 66 85 108 117 117 107 101 106 122 126 123 124 120 115 103 95 84 74 67 80 102 116 121 125 126 122 93 74 65 91 120 131 123 90 72 87 95 103 81 66 88 108 102 97 94 98 106 106 90 71 56 48 39 36 37 35 32 32 32 40 45 48 49 58 72 97 106 100 102 98 97 98 103 105 110 125 129 127 125 119 108 101 97 85 59 52 53 53 64 74 84 85 96 105 105 99 98 112 127 132 133 141 146 134 100 71 44 32 25 24 27 25 24 20 20 20 21 20 18 18 21 23 18 22 20 21 24 23 22 22 19 23 25 23 18 19 23 22 23 23 23 22 21 21 22 19 23 20 22 
64 80 105 120 118 113 105 104 108 122 127 124 113 112 113 98 89 77 69 66 80 102 113 122 117 112 112 91 72 67 95 124 134 117 77 80 106 97 79 70 82 106 117 106 92 90 104 105 91 67 42 40 47 43 34 38 39 36 40 44 54 61 67 73 87 103 105 97 80 73 73 73 68 70 86 99 112 116 108 111 111 101 91 89 93 78 62 50 47 54 78 93 95 97 109 119 115 109 114 117 122 132 132 138 136 111 82 41 27 29 23 22 22 22 20 19 20 20 20 20 20 21 20 14 17 23 20 24 21 21 27 23 18 20 22 25 24 22 22 20 22 26 26 22 22 22 18 23 20 20 
76 100 118 115 111 105 107 115 122 127 130 129 113 114 110 89 77 72 69 79 98 120 129 140 135 105 89 70 77 91 116 136 128 101 84 102 122 98 79 103 121 117 99 98 97 96 96 82 62 52 38 38 57 57 52 48 53 57 64 72 78 86 94 96 95 95 97 87 73 61 60 58 53 72 87 95 110 115 115 121 127 128 125 124 117 96 83 64 44 46 70 84 87 94 110 123 125 117 114 112 115 124 134 131 137 122 101 60 32 25 21 21 23 23 22 20 20 22 24 26 28 22 21 26 23 20 24 26 22 20 29 24 23 22 22 24 23 22 22 25 24 19 20 25 25 22 16 22 20 19 
97 110 118 111 109 104 117 126 130 131 128 120 119 118 105 83 67 68 75 84 99 124 133 140 136 104 85 75 90 104 136 145 117 89 94 109 117 94 92 121 120 107 103 108 114 101 75 58 44 52 61 58 62 62 53 54 68 80 93 102 110 106 102 94 86 80 78 75 68 60 63 68 79 80 89 95 103 110 119 128 139 149 146 134 117 97 104 85 47 46 63 73 74 90 109 117 122 126 122 111 109 119 140 138 138 137 128 100 54 24 23 23 22 22 22 20 20 22 22 23 22 25 25 28 24 22 20 22 23 18 26 22 19 24 26 23 20 22 22 22 22 21 22 24 25 22 17 22 20 20 
113 115 116 106 106 112 126 131 132 133 127 110 110 112 100 86 69 72 83 95 105 126 133 137 114 88 66 84 109 129 128 125 102 84 91 108 107 102 110 128 115 103 110 117 111 86 58 47 56 57 72 75 62 60 57 68 84 93 107 113 110 105 98 87 77 69 65 69 69 71 85 99 94 88 84 78 78 80 88 98 108 125 124 106 78 61 82 89 63 53 60 65 72 84 94 113 142 139 128 122 115 113 130 137 130 138 135 116 66 32 27 21 25 24 23 22 22 22 20 19 17 20 17 23 22 23 23 23 23 14 21 18 19 20 20 20 20 21 22 24 25 23 22 21 22 22 20 24 21 21 
112 109 106 110 112 121 130 132 128 128 105 98 119 115 98 87 78 80 91 104 119 131 138 131 103 83 76 89 112 144 154 121 97 94 114 111 98 112 123 122 118 110 114 106 91 70 66 75 81 78 67 64 63 69 90 97 103 105 105 107 114 114 96 66 66 74 78 83 84 81 74 79 69 57 59 55 66 82 91 98 101 105 107 103 80 63 66 90 71 56 54 58 64 77 78 99 143 157 150 139 132 119 113 115 113 139 140 128 91 55 31 25 23 24 23 23 22 23 23 22 20 19 19 22 23 23 18 19 21 22 22 23 21 19 19 23 24 20 32 30 26 22 21 22 23 21 24 22 22 21 
106 105 102 120 119 130 131 136 129 114 101 108 117 101 84 73 73 86 100 114 124 138 139 122 96 90 89 97 120 139 140 114 93 115 124 105 112 131 126 118 114 116 106 85 70 68 80 85 78 68 57 73 90 104 123 116 110 110 110 109 111 100 85 70 77 91 93 88 79 64 52 51 45 38 43 54 71 88 98 106 113 121 127 126 116 99 81 86 69 47 49 49 58 72 72 80 104 124 136 147 139 132 117 110 124 124 143 138 113 81 41 23 26 22 24 22 21 23 24 23 21 22 22 20 18 16 20 21 23 26 27 27 21 23 26 25 22 21 26 27 26 22 22 24 22 20 23 22 22 21 
101 100 109 121 134 139 133 124 121 111 103 112 105 92 83 73 75 86 111 125 131 139 122 95 77 77 87 107 130 133 108 97 105 122 126 112 126 135 128 123 112 102 95 84 80 86 91 81 58 59 65 97 115 120 123 118 109 111 113 104 87 74 72 82 91 94 85 71 56 43 38 43 39 45 56 68 83 97 95 112 129 143 149 152 137 124 101 85 62 42 38 46 67 75 72 71 96 121 139 134 140 133 120 121 121 111 128 139 126 101 66 32 22 22 22 23 25 26 25 23 24 24 22 20 20 22 20 20 23 25 27 26 23 23 27 24 21 27 22 24 26 24 23 24 23 21 24 22 22 21 
103 111 112 132 138 137 129 120 112 106 109 107 94 82 70 69 85 103 111 127 140 137 107 81 74 80 101 126 138 131 105 97 110 126 116 126 133 127 122 115 106 97 95 93 94 101 86 57 62 86 104 121 124 116 116 120 109 102 100 84 76 84 94 97 87 65 45 42 37 38 40 50 73 73 81 90 97 95 97 108 117 119 122 131 117 122 106 83 63 52 48 59 82 87 77 63 90 102 125 145 165 161 141 134 126 135 136 150 145 120 92 55 33 30 28 29 29 25 25 27 25 24 21 18 18 21 25 22 24 23 25 23 25 21 24 23 20 26 24 20 20 21 22 24 22 20 23 21 21 21 
111 123 114 150 135 131 121 125 109 101 110 104 90 78 70 80 93 106 125 139 147 128 102 87 83 94 113 122 132 132 105 95 115 130 123 121 132 130 118 105 95 98 95 92 87 83 82 76 90 122 130 123 129 140 140 136 116 94 86 78 86 97 98 78 63 48 34 37 49 59 69 80 88 91 100 99 98 95 94 100 103 95 88 91 72 91 95 89 76 64 63 60 70 81 86 82 100 108 122 152 159 166 167 157 156 158 153 163 173 149 119 91 74 61 43 42 38 32 27 24 23 22 20 20 21 22 22 22 24 21 25 25 26 23 25 24 21 23 27 23 22 22 22 26 22 20 22 21 21 20 
112 117 124 153 137 126 120 114 103 109 114 106 91 71 65 89 100 117 141 150 145 109 91 83 86 104 125 118 124 117 110 115 118 134 124 116 136 131 104 108 100 105 99 86 80 75 102 120 123 131 125 128 144 152 144 129 112 90 84 92 85 76 62 44 46 55 65 70 88 86 88 84 88 98 114 120 106 96 91 93 96 87 74 70 75 79 89 92 78 73 74 70 71 79 89 95 114 122 126 135 144 150 162 160 154 165 164 159 174 162 148 129 116 107 87 76 65 62 64 65 57 49 40 35 34 34 34 32 33 25 28 27 26 25 26 24 23 26 22 25 30 26 21 24 26 23 25 22 21 19 
109 110 126 133 126 120 117 110 103 116 117 114 89 69 75 90 110 130 148 150 130 96 80 84 87 104 127 116 123 114 111 122 119 126 125 124 117 112 113 113 116 117 108 93 90 101 117 131 133 126 132 150 144 144 127 108 99 85 83 93 83 64 57 64 88 104 107 97 95 98 90 111 132 118 109 103 94 88 84 83 81 83 80 83 91 95 100 89 75 74 76 76 88 94 98 100 107 115 119 119 135 151 162 164 157 158 163 154 156 156 152 135 123 129 127 132 130 119 113 106 97 92 93 97 89 78 79 76 55 47 33 30 30 26 29 25 17 21 16 20 25 28 26 21 27 24 16 30 24 26 
110 116 132 131 123 120 117 103 105 116 110 102 93 79 84 96 118 138 150 142 121 85 78 87 95 110 128 114 124 113 114 120 122 111 116 115 108 113 123 117 121 106 101 97 103 123 133 129 131 126 152 155 134 118 108 99 96 84 78 80 82 85 86 95 112 111 102 95 86 110 117 134 130 106 90 87 87 87 85 88 93 96 100 104 112 109 104 88 78 75 76 78 91 106 116 114 113 124 131 131 146 160 168 174 163 154 164 168 158 154 156 136 111 98 91 86 91 98 103 96 86 83 74 59 46 49 48 58 73 70 57 44 34 41 38 31 30 30 24 28 26 25 24 21 27 27 23 23 24 23 
117 122 132 128 120 117 113 105 110 113 102 94 82 84 99 102 115 141 158 140 104 81 75 82 102 126 122 111 118 108 115 134 122 105 105 103 105 116 124 113 109 90 91 108 126 139 139 134 138 148 157 136 117 106 99 94 94 80 77 92 100 108 115 109 99 89 86 99 116 148 144 127 103 87 78 81 84 86 89 96 108 114 124 130 130 127 122 98 80 69 75 80 89 100 111 115 122 129 138 144 150 150 170 168 164 163 161 154 149 147 156 141 119 103 84 66 52 36 52 64 71 67 69 62 37 28 23 21 34 39 50 55 43 37 31 35 37 30 32 37 32 26 25 21 23 27 29 32 34 26 
129 123 125 123 118 110 107 111 111 112 104 92 78 99 105 108 127 139 154 134 98 81 78 83 113 131 115 118 103 98 105 125 105 89 92 98 114 120 119 112 96 89 108 132 149 146 137 140 162 167 146 122 108 104 98 99 95 89 100 114 116 109 106 96 86 90 117 140 157 144 124 109 90 86 83 84 88 92 99 109 123 131 140 145 150 149 152 122 98 85 66 61 61 66 70 80 90 99 110 120 134 141 159 156 165 168 159 157 148 144 154 156 138 115 76 48 54 40 29 38 49 59 56 60 63 46 35 28 22 19 21 24 33 40 39 35 32 27 23 29 29 29 28 24 22 29 26 32 28 23 
133 126 125 124 117 104 106 116 114 110 104 90 92 102 113 124 137 146 136 107 81 64 73 92 121 124 115 126 106 106 115 114 95 76 89 103 106 114 111 101 98 120 146 153 157 154 151 154 166 161 142 114 99 98 106 108 102 105 122 120 113 114 103 94 105 134 163 154 137 110 91 89 85 88 89 91 97 105 113 124 133 143 148 149 157 162 169 141 116 92 79 66 56 58 55 60 70 80 94 108 121 127 151 153 168 171 159 156 147 138 144 166 155 127 94 60 49 48 44 34 36 43 47 54 55 48 39 32 30 32 28 29 29 29 30 41 46 40 28 25 24 28 27 24 22 28 26 24 22 25 
125 125 126 121 110 95 103 118 118 97 91 81 89 104 123 136 142 148 125 91 73 69 72 100 127 126 112 116 109 113 123 113 79 68 86 101 110 103 98 96 116 146 167 162 155 156 168 170 158 146 130 108 104 105 100 108 118 120 119 111 98 101 106 120 138 166 163 133 103 91 86 87 90 101 109 108 105 104 119 130 137 148 150 151 157 162 166 145 132 103 93 85 67 57 50 51 57 74 88 95 112 128 137 149 165 170 167 167 163 149 137 160 155 133 128 113 88 66 57 42 24 26 29 39 43 57 49 34 40 42 35 31 29 21 23 26 28 38 44 31 26 30 30 28 26 23 29 23 26 24 
125 125 122 116 99 95 104 110 118 83 85 76 85 108 124 136 146 141 109 81 67 78 88 115 135 129 121 111 113 118 119 105 76 69 92 107 102 85 90 109 140 160 168 164 162 163 166 159 142 125 114 119 122 118 117 120 124 118 112 108 105 114 139 159 164 155 126 101 87 88 95 97 101 110 116 119 120 127 133 134 138 150 152 150 158 165 166 156 152 134 118 113 84 62 49 38 58 68 63 79 88 105 130 145 160 173 178 179 174 179 165 145 142 138 130 117 93 85 83 81 65 45 40 44 42 43 49 51 37 22 30 28 29 28 19 26 19 26 33 32 39 40 30 24 28 27 26 25 23 23 
121 123 122 111 96 98 107 107 108 80 82 75 85 108 126 136 140 131 95 68 65 84 102 130 138 131 126 122 120 123 113 100 74 68 88 103 106 90 100 128 150 164 165 166 171 169 161 146 128 116 114 122 123 128 137 139 132 110 107 111 118 134 162 171 150 122 94 84 89 96 100 103 104 111 120 118 129 134 132 134 132 139 145 148 161 170 172 161 153 135 125 121 106 85 62 48 52 50 48 64 78 96 111 135 152 168 180 183 181 186 187 165 154 143 127 111 83 61 72 77 82 71 52 40 46 40 38 56 55 38 25 23 24 25 18 26 20 24 24 26 32 39 36 26 26 26 27 26 24 22 
119 120 120 105 97 109 118 107 102 80 76 80 94 108 127 145 143 122 88 70 76 94 116 137 138 133 130 130 122 124 118 90 64 69 89 100 84 95 107 132 154 164 155 164 163 156 149 126 123 116 119 131 132 136 138 135 126 106 114 134 156 168 168 142 110 94 79 77 90 106 110 107 109 120 128 125 132 132 135 138 138 149 153 147 154 170 175 164 153 137 130 120 113 106 80 58 45 40 40 49 68 92 102 116 136 156 166 172 178 183 183 190 174 160 137 120 88 56 53 44 68 77 53 48 42 36 31 45 62 51 27 27 28 23 19 22 21 22 26 25 23 26 32 33 23 24 27 28 27 27 
122 118 113 102 107 124 114 101 95 78 68 87 109 117 134 146 136 109 78 76 83 99 128 139 132 127 126 128 127 138 126 84 53 59 79 90 86 121 139 136 137 152 164 168 157 135 132 124 124 134 141 149 151 141 122 106 104 111 136 169 181 162 135 103 90 95 99 105 110 118 124 116 119 134 134 136 134 137 140 145 143 145 145 142 154 170 174 164 152 143 141 130 118 113 97 74 57 44 39 36 46 64 89 104 130 153 160 165 174 178 189 178 190 181 160 142 128 90 42 32 35 41 53 42 56 62 48 49 59 50 51 36 23 24 24 24 27 26 26 24 24 23 24 30 29 29 28 29 29 30 
127 117 106 97 107 118 117 102 86 70 68 94 118 127 139 138 120 94 76 79 83 99 130 139 129 122 118 117 127 141 114 74 45 51 74 96 108 134 140 139 148 162 163 149 142 129 122 123 122 145 152 139 144 135 110 99 112 139 159 173 148 116 98 95 96 94 104 118 120 119 126 123 124 134 132 135 136 144 148 142 138 149 151 150 147 165 172 165 146 134 142 142 129 112 102 91 73 53 41 37 37 41 59 84 113 141 157 165 177 178 176 183 190 190 178 159 138 118 79 45 36 32 30 32 34 47 64 59 42 58 58 69 60 34 32 32 28 27 26 22 21 22 23 26 34 32 30 28 28 29 
125 112 102 98 112 115 113 105 86 73 76 97 123 129 141 136 114 85 79 81 87 107 134 141 127 120 118 114 128 138 106 65 40 51 80 110 129 126 128 140 145 149 139 136 135 122 119 129 139 139 137 131 136 116 93 103 134 166 163 139 110 90 92 101 108 106 118 126 126 123 129 129 129 133 136 132 137 145 150 143 141 148 146 146 148 159 164 164 148 137 144 151 141 115 101 96 86 69 54 44 39 40 45 56 85 124 148 169 179 176 174 175 184 196 184 167 141 130 119 74 36 33 33 35 35 35 40 47 40 46 52 65 90 69 60 37 50 41 30 34 29 22 25 27 30 29 28 28 30 31 
118 112 100 100 115 116 106 108 92 70 79 94 118 132 138 132 108 82 90 85 98 119 140 140 126 121 117 117 124 130 104 61 36 57 97 119 126 130 132 133 133 130 127 125 118 128 128 135 135 136 143 114 110 104 117 139 159 165 139 109 90 91 103 123 123 122 128 129 130 131 132 133 135 135 132 138 136 146 150 144 144 145 142 143 152 152 150 151 151 144 140 142 140 115 100 99 91 79 67 50 42 43 42 46 63 91 121 154 172 172 174 173 176 179 188 192 179 141 117 108 86 57 36 36 31 27 28 28 34 32 32 36 57 64 66 61 72 72 65 57 60 52 42 48 44 43 38 38 35 37 
115 110 101 102 116 114 107 96 83 83 90 91 115 130 131 122 98 76 93 92 105 127 140 136 126 121 115 115 130 132 86 44 36 67 107 122 129 136 135 124 118 117 122 124 122 126 130 129 133 134 131 103 101 118 154 171 169 140 110 96 102 108 117 130 130 129 128 128 129 132 135 138 138 139 137 136 136 146 149 143 143 145 144 144 152 155 155 156 155 150 137 144 147 127 108 100 93 82 70 54 45 44 44 48 54 61 90 133 157 166 175 172 172 168 185 195 192 160 125 96 95 92 56 34 38 42 44 42 40 39 48 57 46 56 67 81 75 76 74 63 63 74 76 71 72 63 57 56 50 42 
115 109 103 109 119 113 104 93 86 90 92 92 119 131 125 117 89 75 91 99 114 124 138 132 130 121 109 109 132 131 72 39 46 72 108 122 128 134 129 114 106 105 116 118 120 122 132 132 143 128 112 105 120 150 177 166 139 111 96 99 113 122 127 132 130 127 127 127 132 142 143 138 135 133 136 136 137 140 146 143 144 145 144 146 149 151 157 161 155 154 147 142 139 129 113 100 95 85 75 60 48 42 42 47 48 51 71 98 138 164 174 178 168 158 179 192 196 178 142 102 85 94 82 62 54 59 56 52 50 51 57 64 66 67 66 77 72 69 66 74 76 72 70 68 69 74 78 69 60 48 
117 120 116 106 109 111 102 96 93 90 93 107 125 130 126 112 85 84 93 109 132 130 146 124 131 125 113 119 139 126 70 42 54 74 103 116 124 120 116 117 121 122 113 113 116 125 135 145 136 118 107 122 154 174 150 120 94 91 95 108 128 128 122 123 126 127 129 128 128 131 133 134 141 139 138 136 136 136 142 144 145 144 145 149 150 144 155 163 150 147 154 144 133 128 120 108 97 90 83 73 59 48 47 50 45 54 71 76 106 140 163 179 173 163 167 179 188 187 166 135 90 71 82 84 69 64 64 61 59 50 42 44 52 60 60 59 65 79 78 71 73 85 84 76 73 71 71 67 68 62 
116 114 113 110 112 108 98 90 92 93 99 117 128 132 132 104 90 92 100 110 126 125 140 120 128 118 102 119 140 126 70 42 52 76 102 111 116 113 113 120 119 112 112 112 115 128 129 132 103 98 116 151 166 153 116 96 95 110 112 115 127 129 126 127 126 127 128 137 139 134 136 144 146 143 138 136 134 134 140 142 144 145 147 150 152 146 154 163 156 151 144 148 146 140 126 112 99 93 88 80 67 54 54 54 46 54 74 84 88 112 143 167 179 173 162 158 167 190 182 154 110 76 69 74 73 63 61 56 52 53 50 44 55 57 57 61 67 82 84 80 80 82 85 89 90 80 73 80 82 74 
115 110 112 114 115 108 93 88 98 102 106 123 130 135 130 98 91 91 102 115 124 121 125 122 126 114 96 122 140 126 70 45 53 76 100 110 111 108 108 115 114 108 110 114 115 124 115 99 91 108 145 168 150 116 93 98 115 118 114 121 124 130 132 133 130 133 135 139 140 138 142 150 146 140 137 153 147 138 146 146 148 153 155 154 154 152 151 156 158 147 146 143 133 130 124 115 108 100 92 84 72 58 57 54 50 54 65 75 88 102 126 157 175 178 161 153 159 183 186 173 125 91 64 65 81 84 65 73 61 50 51 50 54 64 64 63 72 74 74 92 96 83 82 88 93 94 83 76 71 71 
114 110 118 110 116 108 89 86 99 111 109 124 131 127 106 101 100 91 100 120 126 125 124 123 122 114 100 120 142 123 70 48 53 75 99 108 107 105 108 108 110 111 113 117 118 105 101 104 121 138 154 143 120 108 110 113 124 127 127 130 128 132 136 136 137 140 147 149 154 152 152 149 147 150 152 144 148 156 155 150 152 161 160 161 160 159 159 154 153 150 150 146 135 135 130 120 115 103 91 90 82 63 54 52 52 54 60 71 90 93 99 128 157 177 172 157 158 168 184 187 144 116 82 67 71 92 89 73 56 62 70 69 68 72 67 68 71 74 74 84 95 93 92 85 81 80 86 88 78 66 
112 110 117 110 114 107 88 84 102 110 111 124 135 123 102 99 96 92 101 120 126 126 124 124 125 112 99 122 143 122 72 48 54 77 94 101 99 102 109 107 109 116 116 106 102 107 115 131 141 141 129 109 100 101 115 124 134 138 135 138 140 140 140 142 144 144 147 146 148 148 147 151 148 151 150 147 146 148 152 158 155 156 158 158 159 159 160 157 155 154 154 143 143 144 132 125 120 116 100 86 80 72 56 53 53 56 57 71 90 94 98 120 148 172 177 163 152 162 180 193 161 137 104 77 71 73 106 91 70 54 64 59 60 65 67 70 70 77 78 79 87 93 96 90 81 78 80 82 75 67 
107 109 114 110 113 107 89 86 102 126 115 133 131 116 103 92 93 90 105 120 125 125 123 124 129 113 103 122 137 112 69 48 57 72 82 97 101 100 105 107 110 113 109 101 96 102 118 144 150 122 91 96 105 117 126 133 137 140 140 146 147 144 143 145 146 146 145 148 145 147 146 149 143 137 143 153 143 152 164 159 150 161 168 164 160 158 159 161 159 164 159 151 139 129 131 130 124 111 94 89 88 77 62 58 55 57 52 63 83 92 99 110 131 168 174 169 154 160 176 190 181 160 121 82 72 70 91 108 91 64 63 62 65 67 69 71 71 78 78 76 82 95 102 100 87 84 83 82 75 67 
108 114 113 112 111 107 94 95 111 117 117 124 127 121 95 96 87 91 107 120 126 126 121 117 128 101 97 129 138 102 66 59 51 65 87 93 90 101 107 107 113 113 96 98 118 154 164 149 124 104 106 130 131 127 135 140 145 146 148 146 150 150 150 147 149 152 154 158 148 149 153 150 147 138 141 157 147 156 157 158 157 160 159 159 161 156 154 163 163 171 161 153 163 149 134 131 126 114 99 91 87 77 63 61 56 56 54 53 80 95 97 106 128 157 163 166 159 151 160 166 186 175 139 96 70 68 76 103 120 90 69 63 64 66 65 73 76 77 78 77 79 91 102 111 98 87 75 69 68 67 
113 120 113 111 106 102 93 91 111 109 131 121 127 112 94 92 88 90 109 118 123 126 118 110 120 101 103 126 129 100 74 59 55 68 78 87 97 102 108 106 104 99 104 118 145 170 159 127 108 103 121 132 135 134 143 146 148 150 151 145 149 152 153 151 153 157 156 154 148 151 157 155 146 144 140 153 150 151 154 154 158 165 164 168 165 160 155 167 166 168 161 145 144 139 138 135 129 119 105 97 91 78 63 58 57 56 58 51 75 100 103 108 120 122 166 179 156 141 153 159 170 174 169 137 89 65 69 86 115 120 81 64 64 65 66 74 77 77 75 79 82 89 88 92 95 90 80 72 66 61 
114 122 111 108 100 97 92 97 109 111 121 132 127 107 97 107 100 100 118 122 124 128 123 116 114 104 112 126 121 92 60 47 50 60 63 81 101 100 106 98 93 100 124 146 160 150 128 116 121 129 142 145 146 149 149 157 158 160 153 141 143 147 150 150 152 155 152 145 147 149 150 147 148 149 146 155 149 149 155 154 157 165 165 165 173 170 164 176 172 166 158 153 145 138 145 135 132 123 106 95 91 83 70 56 59 55 57 50 56 84 101 106 111 117 150 171 161 155 145 166 153 153 170 158 112 79 69 72 93 115 101 74 67 64 66 72 73 80 79 78 79 89 86 87 91 94 92 83 72 60 
116 118 100 92 96 93 92 111 121 122 124 131 129 111 107 111 106 107 108 102 111 124 116 116 107 99 110 134 118 87 54 44 50 58 65 78 90 92 96 96 107 129 164 174 159 130 112 124 140 145 146 149 150 152 151 148 153 142 155 160 158 150 147 150 151 150 149 147 150 151 148 145 140 140 147 150 148 154 156 157 163 174 177 175 175 174 170 176 184 180 172 164 157 148 145 140 134 128 114 101 96 93 79 61 59 53 56 52 45 60 85 92 103 122 137 166 167 165 142 152 156 149 153 162 144 104 75 66 70 89 120 109 63 60 70 72 77 74 76 83 84 83 87 88 90 87 93 91 77 70 
116 110 107 98 96 92 98 111 116 113 122 131 131 114 113 115 109 109 110 105 112 122 116 117 107 95 108 136 123 87 55 50 48 59 65 84 90 80 83 108 134 152 161 158 139 124 124 132 144 148 146 152 156 153 152 147 150 146 152 159 159 158 151 147 148 144 150 155 154 153 149 145 148 150 158 156 148 152 152 157 160 168 174 172 173 174 173 177 182 182 174 164 166 157 145 145 136 127 120 107 92 91 79 61 57 56 55 53 42 50 79 92 104 120 137 163 166 170 149 135 157 157 158 162 151 127 81 64 65 72 94 116 90 70 70 73 74 79 80 83 84 85 87 87 89 88 84 82 78 71 
117 114 110 107 92 82 98 117 127 114 124 130 123 111 116 118 110 107 110 113 122 128 121 121 120 99 107 142 127 82 51 49 49 67 71 80 80 88 105 132 152 161 150 142 138 138 144 151 157 154 157 162 160 154 162 156 161 158 153 156 154 153 150 153 155 148 150 158 155 150 141 141 150 155 161 160 156 159 152 161 162 160 165 169 172 171 173 179 180 178 179 174 175 165 148 130 128 131 124 108 101 104 91 70 59 56 49 54 46 40 56 82 98 119 135 152 173 181 156 133 153 168 167 154 148 144 101 68 60 73 78 94 117 91 68 67 77 83 81 81 83 86 87 87 87 82 78 72 69 68 
115 114 113 103 104 86 88 117 125 122 126 134 115 106 114 116 105 100 103 112 123 129 124 125 121 97 116 148 111 76 52 48 54 57 61 65 79 111 142 156 147 136 135 139 150 150 154 155 160 172 174 168 171 160 169 160 165 156 150 156 160 157 158 160 158 155 155 156 158 152 141 147 157 159 153 150 156 157 159 156 160 166 166 168 170 178 181 174 174 182 181 185 183 176 167 148 137 138 131 113 102 90 81 69 62 57 46 52 52 41 48 73 87 107 126 138 174 184 165 147 143 156 156 145 144 139 117 85 62 70 71 66 89 96 89 77 73 80 83 81 83 87 87 86 80 79 75 67 64 65 
114 118 109 107 102 94 103 126 117 128 122 124 124 114 117 117 102 94 105 114 122 128 128 132 114 94 122 145 94 64 48 50 52 44 56 80 106 131 150 144 132 129 137 150 159 159 164 162 166 166 171 169 170 159 170 166 173 161 154 158 156 156 158 157 156 158 157 152 157 152 144 145 146 152 153 154 156 152 159 156 159 162 162 167 169 174 176 175 177 181 181 186 190 180 168 154 142 136 138 114 98 94 81 70 62 56 46 49 51 40 42 56 74 96 121 133 162 176 172 155 140 156 162 151 145 129 122 107 78 60 64 64 76 100 104 85 70 75 85 84 84 87 88 84 85 79 67 61 64 64 
120 121 123 113 100 96 114 129 119 140 130 120 119 112 119 122 103 92 105 114 121 127 128 132 110 94 117 144 102 61 53 55 50 46 60 102 135 131 132 134 136 144 151 158 168 169 168 171 169 174 170 154 162 158 168 164 167 153 145 150 159 158 153 152 153 148 152 146 155 154 154 151 151 150 152 155 155 156 158 155 156 164 168 168 166 173 174 176 181 184 198 195 192 186 176 156 143 135 146 127 110 99 86 75 68 60 47 39 45 42 37 53 69 92 113 121 150 177 186 174 146 150 156 156 153 127 116 113 92 63 64 68 72 81 100 94 69 76 83 85 84 86 88 84 88 76 71 65 53 47 
118 110 119 110 94 87 104 118 127 136 126 124 111 108 125 123 101 97 109 112 119 123 128 129 109 103 129 131 90 57 50 52 58 59 78 113 132 127 131 135 148 154 158 164 169 171 174 169 170 166 157 163 168 157 163 157 156 163 163 163 164 164 152 152 151 149 155 156 147 156 151 149 150 150 148 152 152 159 159 153 156 160 161 162 178 170 174 172 179 188 186 189 188 189 185 168 150 154 160 146 116 105 92 80 68 57 47 40 42 42 40 46 61 87 104 110 130 170 186 179 151 141 152 154 155 138 121 108 110 76 63 61 69 62 78 100 90 80 82 84 84 87 86 77 86 78 68 58 58 44 
114 110 114 104 92 92 110 126 120 123 122 118 113 118 131 117 97 103 113 116 119 123 128 129 110 106 130 129 86 47 42 54 64 81 95 110 119 128 137 149 154 157 162 165 170 168 168 166 170 165 157 164 169 158 162 156 158 163 165 162 153 152 155 158 152 159 154 158 151 156 152 157 157 155 152 150 148 157 157 152 157 163 168 168 165 170 173 169 179 190 195 195 191 192 190 178 155 150 152 148 128 115 97 87 78 68 53 41 39 42 41 43 55 78 97 106 116 161 180 179 152 141 149 155 155 145 128 106 111 93 69 60 61 63 72 95 98 87 88 88 86 86 81 72 81 74 69 60 55 46 
110 107 106 99 94 109 119 121 117 124 123 120 116 113 130 112 83 93 110 115 122 125 123 126 106 103 128 125 80 42 49 65 80 94 96 113 120 133 147 158 160 159 172 170 174 169 164 164 167 165 159 158 160 155 161 158 162 157 157 151 149 158 159 148 149 163 155 159 149 154 156 154 151 150 155 154 148 154 156 153 162 164 164 165 155 164 172 173 172 169 185 189 190 196 196 184 165 152 145 144 134 123 103 91 81 72 58 45 40 44 42 41 48 67 92 110 116 153 172 179 163 147 146 155 154 152 140 106 109 116 85 60 60 66 68 85 96 89 91 88 88 87 82 78 81 74 73 68 58 43 
111 108 108 98 90 114 120 120 125 127 125 125 119 117 121 102 80 82 100 126 123 119 125 127 108 101 127 118 72 46 54 72 81 90 98 120 135 137 148 151 167 169 171 164 168 168 165 163 163 162 158 156 156 155 157 157 160 148 150 152 154 155 157 160 160 153 153 153 150 154 153 154 156 152 157 156 152 155 154 150 162 158 152 160 162 157 160 170 170 170 178 185 193 201 201 192 181 167 154 147 139 125 105 95 87 78 62 46 41 44 44 42 45 60 96 111 116 143 166 183 169 152 144 154 152 149 135 123 102 115 100 66 63 67 68 78 90 92 92 89 88 89 89 89 89 77 69 70 62 40 
103 108 108 98 89 108 115 116 121 122 128 118 113 112 118 95 74 86 106 119 120 125 124 124 105 102 129 118 74 59 67 76 74 86 110 130 150 152 158 156 165 162 174 167 169 171 170 168 161 156 155 158 156 155 154 154 151 139 143 153 156 147 151 154 153 150 150 149 154 154 149 154 153 151 157 152 150 151 153 148 155 152 150 159 159 157 157 164 164 170 179 186 193 201 203 199 188 180 167 152 144 126 108 97 88 77 62 50 44 46 45 42 41 50 81 96 115 142 162 181 168 155 145 149 148 143 137 132 98 98 108 77 65 66 69 74 85 92 93 91 88 89 92 92 96 83 72 68 58 40 
104 113 109 98 94 108 119 120 125 112 120 115 104 111 117 98 83 91 107 124 126 127 120 125 102 106 133 117 77 64 70 78 87 99 119 138 153 158 157 164 167 166 166 162 163 165 168 167 163 160 160 157 154 156 154 154 148 139 140 151 152 148 154 150 150 150 151 152 150 153 152 143 151 151 154 150 157 166 149 144 146 145 146 147 148 155 155 162 161 160 164 172 180 191 197 196 196 190 173 158 152 135 109 103 97 83 64 50 38 41 43 43 40 45 75 94 117 134 148 179 178 164 149 141 143 139 145 135 117 79 103 98 76 76 75 74 82 89 89 90 87 89 94 92 84 78 75 70 57 47 
108 112 117 92 96 108 121 132 126 105 104 112 118 120 123 84 72 80 99 117 123 123 121 126 95 110 130 117 75 62 74 85 99 112 126 145 151 152 151 153 150 143 134 127 126 124 132 143 144 145 146 144 142 140 138 137 135 134 137 140 141 140 152 143 150 145 142 146 145 154 150 156 161 152 151 145 145 145 136 141 150 149 147 147 145 142 135 134 132 129 130 126 130 139 147 158 176 188 182 168 167 151 123 110 101 86 67 52 40 37 42 41 37 42 72 87 112 137 146 164 182 172 151 138 146 138 148 131 125 92 102 119 96 80 74 70 77 84 84 87 88 90 89 88 81 74 80 70 57 48 
110 110 112 93 98 104 120 134 128 116 117 115 120 117 110 81 74 84 104 117 116 115 119 123 95 112 136 111 71 55 79 97 104 114 127 150 152 144 135 126 114 102 96 90 88 88 95 100 101 102 103 104 104 103 102 103 106 116 126 134 132 137 145 137 146 148 146 150 145 155 149 156 148 153 149 140 139 140 139 136 137 132 128 125 122 107 93 94 94 88 86 87 89 96 107 118 128 139 151 160 162 159 136 120 106 88 73 58 42 42 40 42 36 37 62 93 110 126 150 164 193 184 155 138 145 141 147 132 124 111 97 108 97 77 69 62 74 79 78 83 90 92 89 88 78 76 80 70 56 45 
109 108 107 97 106 109 120 126 119 115 122 120 122 118 102 80 75 87 112 115 122 115 115 119 94 121 139 108 70 62 83 103 105 110 121 140 138 115 96 86 82 80 79 78 82 72 63 64 62 63 66 67 64 61 59 66 77 92 104 114 130 129 138 143 137 144 151 150 153 158 152 146 142 151 147 141 136 133 134 130 128 117 106 95 88 71 60 64 66 61 53 58 58 71 85 86 87 96 110 125 132 146 144 127 110 93 80 64 44 41 40 40 37 37 61 88 116 131 144 152 179 182 156 141 144 142 144 132 118 111 90 107 120 85 65 64 71 77 78 80 85 92 95 90 76 76 77 62 47 40 
103 104 102 97 108 114 122 120 115 116 122 124 111 115 99 75 70 90 108 110 127 116 123 123 90 112 126 112 81 72 91 105 109 110 116 115 97 88 88 99 108 114 115 116 106 96 92 72 59 56 53 50 54 64 62 59 59 67 82 99 118 127 126 146 139 141 147 148 142 149 140 143 145 148 144 137 129 130 119 114 107 89 76 64 55 50 49 51 53 56 55 63 79 89 93 106 124 129 123 107 104 112 122 123 114 94 82 68 40 33 45 39 41 41 60 86 104 124 148 150 176 185 163 142 142 140 143 137 123 106 88 94 109 108 76 72 77 77 80 91 87 82 89 87 77 83 76 70 57 32 
100 105 106 99 100 103 121 118 110 109 118 124 119 114 98 80 78 95 104 110 121 109 124 119 94 124 134 99 72 72 94 98 95 98 100 92 81 95 115 134 139 138 138 139 139 131 123 113 104 87 78 78 74 71 70 68 64 60 72 94 113 121 123 140 129 135 141 147 134 141 134 149 133 142 146 135 126 121 118 109 98 83 74 64 55 56 64 65 67 74 81 98 116 127 130 132 141 151 153 136 128 119 106 114 108 92 83 69 39 30 38 41 40 41 57 81 100 121 140 150 178 186 168 142 142 143 142 135 122 104 90 86 102 110 86 72 70 71 80 86 84 85 88 81 80 79 65 68 59 32 
107 104 100 96 101 113 115 122 114 110 119 120 122 117 98 65 67 96 102 106 118 108 118 114 102 122 130 108 86 79 90 84 72 83 89 91 101 120 138 152 158 157 152 145 144 140 134 127 121 111 107 104 99 98 96 81 74 76 83 93 113 121 125 140 134 126 142 143 150 145 148 149 141 144 142 132 126 111 103 96 90 82 74 60 69 72 84 84 80 82 101 117 124 126 137 146 145 156 173 171 161 135 114 106 94 91 89 68 44 33 24 39 38 41 58 74 93 121 136 151 168 179 173 147 143 142 140 137 126 105 83 78 90 111 100 70 75 79 81 83 85 87 84 80 79 70 67 65 43 35 
111 103 95 96 102 112 114 116 115 117 110 121 123 120 112 78 71 93 102 103 118 107 114 115 106 120 125 105 90 89 78 70 72 80 102 117 137 153 153 153 156 155 148 137 130 132 129 124 115 108 104 103 99 96 92 89 91 94 95 97 116 122 125 136 140 145 138 143 143 143 143 138 143 144 141 131 122 113 100 90 87 81 81 82 87 86 86 86 90 99 112 117 121 122 127 137 142 158 169 169 163 161 143 113 98 88 86 70 49 38 26 30 37 39 56 73 88 122 128 134 161 179 180 152 141 142 141 139 137 110 78 71 80 98 104 81 68 65 65 73 84 80 79 79 77 69 64 56 40 35 
108 106 101 101 106 102 121 125 116 112 110 125 117 111 102 78 70 91 97 107 116 108 112 112 111 117 118 94 74 61 63 62 88 105 115 138 147 153 153 152 150 150 140 127 116 115 116 114 102 96 95 95 90 87 84 87 90 96 106 104 116 124 124 133 140 143 148 149 145 144 146 144 144 145 142 132 119 108 104 94 88 79 78 91 82 87 88 88 92 97 99 101 102 100 104 117 133 147 156 168 176 167 153 135 116 90 72 75 54 32 30 36 34 39 54 72 90 121 130 135 150 171 180 149 134 141 144 138 143 116 78 64 71 82 103 97 66 65 65 70 76 78 76 76 77 70 62 54 42 35 
107 103 98 100 109 106 116 128 118 118 119 132 110 107 100 77 68 86 90 105 114 106 106 101 105 121 119 81 60 58 63 78 101 123 138 147 146 147 147 146 136 127 118 112 106 102 97 90 78 71 68 68 69 70 76 83 87 91 106 109 114 128 121 130 144 142 150 151 149 149 150 149 148 147 141 132 122 111 105 94 85 84 81 89 78 82 83 78 74 74 71 70 79 78 76 93 113 123 140 160 168 162 159 152 135 97 77 77 58 34 27 34 38 41 51 70 94 120 133 139 141 162 178 154 135 136 138 137 140 121 87 64 60 77 104 109 74 64 65 60 65 78 73 72 70 65 59 51 42 34 
99 93 88 95 102 109 112 115 104 117 120 118 120 108 95 73 71 84 85 101 115 108 111 111 119 131 116 82 62 67 84 106 115 124 140 151 152 146 136 128 114 99 88 80 68 60 56 51 43 36 31 31 34 39 48 66 84 89 100 110 113 121 128 136 141 148 152 152 151 149 148 148 151 146 140 132 122 110 99 94 83 83 80 78 71 64 60 52 43 43 44 46 39 40 54 66 90 100 114 139 155 165 156 159 152 115 88 79 59 38 25 29 40 43 52 66 89 108 127 142 146 164 176 156 139 135 135 136 133 122 92 70 58 69 93 111 92 65 60 64 58 68 73 67 62 56 56 48 35 30 
103 100 94 99 105 109 116 122 116 121 120 112 111 97 78 65 73 83 86 104 115 110 113 114 122 134 114 80 65 80 100 105 119 131 126 131 129 122 111 102 87 73 63 52 39 32 32 28 21 19 19 20 22 25 34 52 78 91 100 110 114 129 137 144 150 151 150 150 150 150 151 152 148 146 141 132 118 103 93 87 82 84 77 61 54 54 52 44 37 35 35 30 27 24 26 34 55 70 83 106 127 141 149 157 158 128 93 80 60 42 29 27 35 47 53 60 82 107 124 145 152 165 177 157 139 134 134 134 134 126 90 67 57 56 76 109 108 73 62 63 66 64 62 68 58 51 50 41 30 25 
107 103 92 91 104 105 113 109 104 117 118 104 98 98 80 65 70 78 80 108 116 113 112 107 121 134 115 81 73 91 107 107 111 127 128 130 118 99 81 65 48 42 36 28 19 20 24 21 29 28 29 25 23 23 23 31 52 78 96 108 112 129 141 147 149 147 149 151 154 155 152 151 150 147 143 134 120 103 94 85 80 72 69 63 55 58 44 29 30 29 25 23 26 25 20 22 28 33 54 78 100 125 144 150 155 132 109 77 62 49 29 21 34 51 53 56 81 110 118 133 146 151 170 159 134 124 123 132 136 130 96 62 64 54 54 93 122 101 69 63 69 63 59 63 59 52 47 38 34 29 
108 95 95 106 107 107 112 112 109 109 112 106 97 102 82 62 68 64 86 106 108 106 117 115 115 127 114 81 80 96 102 102 108 107 108 100 84 71 54 32 24 23 17 24 46 42 24 23 24 33 32 30 28 28 29 30 41 71 90 101 112 117 135 146 149 151 151 152 155 156 155 154 160 155 141 125 116 108 96 87 78 65 55 51 54 54 52 52 42 31 27 27 25 26 26 26 24 23 29 47 74 97 118 142 146 133 109 93 72 44 29 22 34 51 52 55 82 115 124 136 155 153 169 174 145 126 125 134 141 131 113 75 65 44 51 69 101 118 85 67 70 64 64 65 58 46 48 42 37 27 
96 99 87 94 103 106 111 110 106 112 114 107 102 106 84 59 65 70 81 107 113 106 114 111 119 130 110 79 86 100 97 96 98 88 87 79 64 50 37 25 20 35 63 89 117 100 75 78 70 46 29 33 34 34 35 36 40 60 84 97 108 120 133 136 142 150 151 153 157 156 155 156 172 173 160 133 116 108 97 89 74 71 53 54 76 91 102 95 69 51 39 36 35 27 25 27 25 25 27 36 52 76 103 125 141 142 115 93 71 44 28 24 38 51 52 54 82 115 122 129 148 156 170 183 158 132 130 138 141 133 113 78 76 54 50 59 82 117 102 78 68 67 62 59 64 54 46 45 37 24 
105 94 77 91 100 106 107 105 103 115 115 106 104 102 76 61 59 66 70 97 110 111 115 115 125 127 104 83 91 97 88 87 91 75 69 52 36 26 21 25 34 66 117 153 168 132 114 130 125 88 53 40 41 47 47 45 47 64 93 100 112 120 123 130 140 149 154 153 157 163 166 170 182 181 172 152 130 109 100 85 74 74 58 68 128 162 179 160 133 121 77 32 27 38 35 30 24 26 26 31 35 59 102 118 133 141 122 97 70 45 28 22 37 48 52 56 75 106 122 130 138 156 163 180 164 135 128 139 140 138 119 88 83 67 58 60 71 99 116 98 82 71 60 64 74 66 56 48 42 40 
108 88 80 103 100 99 99 97 99 107 107 98 99 98 76 62 54 60 74 90 104 116 113 116 122 118 104 88 85 89 88 84 87 69 58 32 20 20 20 32 51 86 131 154 151 102 73 68 69 55 38 45 54 50 49 48 52 64 99 111 124 134 130 130 137 150 161 167 169 163 166 176 183 194 189 158 130 110 99 85 76 69 80 92 123 162 202 181 128 111 89 57 47 40 39 36 33 28 23 26 28 48 87 110 119 129 122 98 74 54 37 23 35 49 54 56 73 102 123 141 156 162 153 177 168 134 123 136 139 140 124 96 81 75 69 71 75 71 94 119 104 81 73 70 72 69 68 57 54 44 
101 85 78 96 100 102 102 94 98 102 104 93 92 96 80 58 55 61 84 95 105 113 108 107 114 113 106 88 80 85 92 89 80 62 48 28 29 31 32 37 54 82 108 115 123 97 68 48 47 52 43 50 57 48 50 55 58 61 98 121 129 135 132 137 140 148 163 167 172 173 172 176 184 196 194 166 135 112 101 84 67 76 102 98 112 130 149 133 92 68 42 32 42 46 40 41 38 34 31 28 27 37 72 103 116 126 126 108 83 64 46 26 33 50 52 53 74 101 116 135 158 158 147 177 172 136 123 136 143 141 128 98 85 80 80 80 80 74 76 100 115 103 83 76 69 72 70 63 59 56 
98 79 76 89 96 106 108 93 97 98 104 89 94 96 79 64 64 65 81 96 106 108 110 103 112 109 104 91 82 83 84 91 77 67 52 46 45 59 78 78 78 89 92 81 94 88 78 77 84 82 63 60 66 63 62 66 69 71 103 126 135 140 135 136 138 153 173 175 178 177 174 176 183 192 191 169 139 111 100 87 66 82 100 103 91 107 125 121 88 65 55 55 57 58 52 48 47 42 36 27 32 42 67 94 108 117 122 113 91 69 51 26 28 44 58 65 78 102 119 125 151 157 151 175 170 142 122 136 146 143 132 101 88 81 88 84 78 86 78 79 111 122 96 79 68 62 70 82 60 68 
94 81 79 86 85 98 99 83 99 116 113 88 92 90 70 62 55 59 80 92 91 112 102 103 111 107 102 87 84 90 90 89 96 78 81 85 91 104 120 123 118 124 122 108 109 107 110 109 102 102 97 93 93 84 84 89 86 96 110 128 135 137 136 138 145 158 172 178 174 178 174 175 182 194 201 182 160 129 113 104 86 87 94 92 109 101 110 109 94 87 78 76 76 84 86 86 85 89 85 59 61 70 83 104 114 128 124 117 96 74 57 35 27 41 59 64 73 99 116 127 152 150 158 173 170 143 122 136 146 146 134 106 92 85 88 90 73 76 83 87 100 121 115 84 78 92 86 88 70 76 
94 80 81 85 88 102 103 85 95 108 102 86 87 82 65 54 48 48 76 95 102 111 105 104 109 108 102 84 86 100 97 95 98 95 93 102 117 126 136 137 135 140 140 130 121 121 126 120 120 116 102 98 98 94 96 98 96 105 117 129 137 136 137 136 138 153 176 179 177 177 175 175 184 193 196 185 175 151 127 113 95 103 111 106 108 108 114 115 111 108 101 90 94 109 118 119 119 121 124 104 97 89 92 111 124 135 129 114 98 77 63 45 34 40 56 61 68 90 111 129 154 148 156 170 172 145 121 136 150 146 138 108 93 86 87 92 82 73 77 83 90 99 114 114 92 85 71 83 79 85 
92 83 81 83 95 104 97 88 90 102 101 84 82 73 56 43 46 48 73 90 93 108 100 94 112 107 99 86 89 102 101 104 110 120 112 122 134 137 141 142 144 146 147 145 133 129 127 116 123 122 105 102 100 99 96 97 103 122 132 134 137 137 127 132 149 163 167 171 176 176 177 177 186 194 195 188 183 161 136 126 112 110 111 112 106 110 119 114 117 117 115 110 122 119 136 140 137 135 139 135 136 130 117 120 123 132 123 116 99 83 70 47 33 40 55 57 66 94 114 128 158 153 157 169 172 152 126 129 152 140 143 115 94 94 92 79 79 79 81 89 85 99 99 107 112 88 77 81 84 79 
99 87 86 84 93 105 96 88 89 100 99 86 81 69 50 40 50 54 72 87 99 102 104 99 104 104 101 94 93 103 111 117 126 132 124 134 139 137 136 139 141 139 134 138 136 130 123 117 111 114 109 110 99 90 93 101 117 133 139 138 138 138 124 136 159 164 170 171 176 177 180 184 193 198 199 193 191 172 150 144 138 118 100 104 104 104 115 102 110 112 108 116 121 113 132 147 143 147 150 154 156 160 160 154 135 133 136 123 104 90 78 53 36 39 53 54 65 95 113 127 160 159 155 166 171 164 133 121 147 145 147 120 89 76 78 78 80 72 82 89 72 91 98 88 103 97 102 88 83 77 
95 83 84 85 89 107 101 88 95 98 94 88 79 68 48 42 50 52 70 84 103 98 105 108 94 99 100 96 96 108 126 128 135 135 133 140 139 141 144 143 137 131 135 132 132 124 118 114 106 106 104 101 98 106 106 118 134 135 136 138 140 138 138 152 160 163 175 173 174 178 179 188 193 194 195 190 191 180 159 153 151 136 113 110 113 108 112 101 112 112 112 109 116 105 120 128 135 143 145 146 148 156 164 165 166 143 138 134 113 96 81 58 40 38 51 54 66 96 119 140 144 151 154 165 168 161 132 125 143 151 145 118 80 66 70 75 76 66 73 82 77 70 99 80 84 94 100 80 74 83 
98 96 86 88 96 106 91 85 95 91 89 81 73 64 43 41 49 53 78 82 98 96 105 111 103 99 97 100 105 117 130 130 137 140 142 145 147 145 142 136 134 139 141 135 135 128 129 122 128 111 110 115 118 124 123 130 143 141 142 141 142 141 144 157 160 163 176 175 174 179 174 182 196 195 198 191 191 185 171 169 166 152 133 126 121 116 111 105 114 105 107 102 118 116 115 116 134 148 156 153 152 155 157 164 183 170 155 141 121 102 80 50 35 40 53 51 63 97 120 139 140 143 150 161 173 165 130 132 144 147 143 119 81 70 62 56 62 63 66 69 64 64 74 70 68 85 97 76 64 69 
94 87 83 86 93 99 83 79 94 92 74 65 73 64 44 40 51 52 79 81 96 97 102 103 104 100 93 101 114 119 126 130 131 148 148 149 148 147 149 148 142 140 137 136 131 132 132 138 138 136 128 126 135 141 141 146 147 146 146 144 142 143 147 155 161 162 166 176 177 174 181 189 187 191 199 196 191 186 185 177 172 151 149 141 134 130 127 118 115 110 112 115 121 114 132 144 137 140 162 163 160 163 165 169 180 177 168 149 129 104 85 70 49 40 51 48 56 91 114 131 144 142 149 160 171 173 145 131 142 151 146 118 73 58 56 53 41 44 43 50 43 42 55 60 57 69 78 77 66 62 
85 80 79 75 89 92 77 78 93 92 76 64 62 60 44 39 51 54 79 80 92 95 100 99 96 98 90 108 120 115 125 132 136 144 148 148 150 152 150 151 148 139 135 136 136 133 136 136 131 137 143 143 142 142 141 146 147 147 147 146 146 146 148 154 159 162 165 176 175 172 180 183 190 194 198 197 195 189 188 181 174 154 146 145 145 144 140 131 132 130 131 128 135 135 146 154 144 152 170 176 172 172 171 179 175 177 174 157 137 110 90 68 46 40 50 45 49 88 114 136 141 138 146 162 169 174 156 134 138 154 151 116 58 49 48 44 37 34 35 38 35 35 42 45 44 38 38 57 58 48 
88 73 84 81 82 90 79 82 93 91 85 81 55 48 44 42 47 59 82 84 88 93 102 101 97 96 91 109 121 122 121 133 148 140 147 152 155 154 154 155 149 140 136 134 145 141 135 138 139 138 143 150 147 143 144 146 148 149 150 149 151 149 150 154 158 161 163 176 178 175 179 178 189 196 198 197 198 191 192 190 180 163 149 147 150 148 146 150 158 153 159 147 146 149 146 149 157 168 175 182 180 181 182 183 179 181 177 164 143 114 89 65 45 46 53 45 50 84 110 124 139 146 147 161 169 172 158 135 141 162 155 111 53 39 37 34 34 32 29 27 24 25 28 32 34 33 26 31 40 46 
87 84 77 83 88 90 79 78 89 88 75 63 70 51 36 32 42 59 82 88 85 89 104 105 97 93 95 112 122 122 130 135 159 151 152 154 155 156 148 149 154 145 140 140 146 151 148 154 146 148 146 145 148 148 148 148 148 149 151 152 154 153 154 156 157 161 165 172 177 176 175 177 184 193 197 198 200 192 192 198 189 181 166 152 145 149 150 155 166 167 177 168 160 170 162 167 174 170 168 187 190 184 185 191 191 171 175 172 152 121 96 73 53 50 57 43 55 79 113 124 136 142 144 162 171 171 157 135 139 159 153 116 56 34 29 30 28 24 22 17 16 16 16 17 24 26 18 17 24 31 
86 78 69 86 95 92 82 80 92 93 79 68 68 57 39 37 49 56 80 90 84 91 106 104 96 93 95 112 119 115 135 144 166 154 154 155 154 155 156 152 146 143 144 148 141 143 150 151 146 145 144 145 147 147 151 148 148 150 152 154 158 156 157 156 156 161 164 167 170 170 171 176 180 189 196 199 202 196 191 198 193 190 178 164 151 147 148 156 165 162 171 172 163 174 168 171 178 176 173 181 186 186 186 190 188 177 184 179 160 128 102 83 59 45 51 51 49 86 104 127 141 136 146 165 170 171 157 132 129 152 156 124 64 39 22 22 21 20 19 18 18 17 15 13 16 17 14 16 18 22 
87 85 85 80 88 90 77 82 96 86 68 67 57 52 40 39 48 54 74 88 83 92 104 96 92 88 92 108 115 132 136 148 161 155 157 153 154 157 157 152 150 151 159 162 152 144 146 142 145 143 144 141 141 151 154 150 150 154 156 159 162 158 157 156 156 162 166 173 173 173 176 176 179 187 196 200 204 199 195 196 195 191 182 173 164 156 152 152 155 154 155 164 163 174 174 172 174 177 178 180 184 185 186 186 186 185 177 175 166 131 102 87 66 46 49 46 48 68 98 128 136 138 149 158 168 172 161 138 126 148 156 114 64 46 23 23 21 20 19 18 17 16 15 14 13 13 12 15 15 19 
83 82 79 76 85 87 77 81 93 69 65 64 56 49 39 37 46 52 73 84 84 91 98 97 98 91 94 105 109 128 145 162 154 159 157 158 159 159 163 159 157 156 157 146 138 147 148 149 145 143 139 137 139 150 152 147 152 152 159 162 164 167 163 164 168 163 166 167 175 175 171 176 179 188 195 202 205 206 199 194 192 190 184 178 173 163 156 148 152 153 153 164 168 160 161 172 172 173 176 182 188 190 190 190 189 186 180 176 170 138 106 86 64 47 51 40 39 69 94 118 140 143 139 147 158 173 168 140 128 150 163 128 63 40 27 24 22 20 20 18 17 17 16 15 17 14 14 15 15 17 
83 80 62 69 91 86 79 86 98 71 64 64 58 46 36 37 44 54 70 83 84 91 94 104 95 96 93 103 107 138 144 149 156 159 162 163 165 161 163 161 160 156 149 141 151 152 141 144 146 145 143 143 142 149 150 145 154 153 158 161 167 164 162 162 163 166 167 168 168 167 170 175 180 186 192 198 204 208 202 197 195 192 186 182 180 172 156 149 148 156 156 154 158 157 158 167 173 173 178 184 188 192 194 192 190 188 183 178 170 143 110 80 58 50 48 45 45 65 91 122 138 140 144 153 157 169 170 140 127 157 152 136 78 46 24 22 21 20 20 18 18 18 17 16 17 16 15 15 15 17 
78 80 64 72 89 91 85 82 87 71 67 67 56 43 33 39 46 55 65 83 85 93 88 98 92 92 90 110 112 133 142 146 158 158 165 169 169 164 164 162 162 158 151 148 154 146 141 142 146 148 144 139 141 156 156 147 151 151 158 166 167 165 166 163 161 165 170 172 171 169 172 174 178 182 187 194 202 208 204 198 197 199 192 183 176 169 155 150 148 154 144 144 150 153 154 163 170 175 184 189 192 194 195 194 191 187 182 179 164 149 115 81 61 50 51 43 45 70 97 121 132 142 155 157 156 165 162 144 129 151 141 130 78 50 27 18 20 21 19 18 19 19 18 17 15 15 16 16 17 18 
78 81 69 71 83 94 80 87 92 69 59 68 55 45 35 41 51 50 65 83 89 89 90 89 91 93 94 101 108 129 146 154 155 164 168 170 168 166 164 164 163 162 154 153 151 142 143 143 144 146 145 143 142 151 150 150 157 159 154 154 157 161 162 162 162 162 168 172 175 173 170 171 178 180 185 191 198 204 208 203 198 190 179 170 162 150 152 152 152 146 158 151 153 155 157 168 167 169 168 174 188 198 197 198 195 188 181 178 173 150 122 94 66 49 47 46 51 64 91 119 134 140 147 150 152 150 175 152 134 144 148 133 87 65 43 23 26 20 19 19 19 19 18 17 15 16 15 16 18 18 
84 80 66 70 87 92 82 86 89 72 58 63 60 46 37 40 52 45 66 82 89 86 90 91 89 88 91 98 116 137 154 158 153 168 169 166 167 167 163 166 162 160 153 152 152 145 139 143 143 142 146 154 149 144 145 142 145 145 151 156 164 166 163 163 164 162 167 172 176 174 172 171 176 178 183 189 196 203 206 206 199 178 160 152 143 144 152 151 155 160 158 164 157 159 169 164 166 166 168 174 186 199 198 199 197 190 181 175 172 157 138 100 63 51 48 45 51 65 93 119 134 137 143 145 154 157 168 148 132 145 144 123 90 61 51 25 25 19 19 19 19 19 18 16 16 17 16 16 19 19 
78 72 66 70 85 87 80 78 83 80 62 59 65 43 38 37 51 46 62 79 83 88 81 90 83 85 94 106 124 140 157 159 158 164 167 166 168 168 161 168 161 155 151 153 150 146 142 151 150 143 142 147 141 136 130 131 139 138 153 158 166 166 163 164 163 160 164 175 177 176 177 170 170 172 179 187 195 204 211 210 204 180 150 129 132 134 136 145 147 155 153 157 158 154 157 165 165 165 174 179 183 198 201 200 199 195 185 175 173 157 128 96 72 54 48 40 45 57 85 109 132 129 140 147 155 158 160 159 136 150 141 121 84 56 61 24 19 21 19 19 19 19 17 15 16 16 16 18 23 24 
75 72 69 77 78 78 77 78 91 76 69 60 64 43 28 32 42 54 64 72 85 84 89 97 82 75 84 97 117 136 150 158 160 166 167 164 172 171 167 160 156 150 151 152 152 145 143 135 136 139 136 137 134 130 122 120 132 131 155 158 162 165 160 162 166 158 162 172 174 175 166 163 166 169 172 174 181 189 195 199 202 194 147 118 112 122 127 127 133 144 145 132 138 145 158 161 164 166 174 178 184 199 207 204 199 200 193 178 170 161 129 100 77 56 43 42 48 64 88 110 118 136 137 149 159 153 160 166 137 147 144 118 87 54 49 39 25 20 19 19 19 18 16 16 16 17 13 19 29 31 
79 79 64 74 87 76 75 78 86 76 66 60 58 45 28 38 46 52 60 74 84 85 92 93 94 80 92 101 120 142 155 162 162 165 166 164 170 169 168 166 156 152 151 156 152 142 144 143 143 138 130 130 126 122 114 116 131 138 162 165 163 165 162 163 165 158 159 168 168 166 160 153 156 166 170 161 162 173 180 185 197 198 162 128 114 119 124 120 119 137 136 139 148 148 153 159 159 168 171 174 180 185 199 201 198 200 196 183 174 164 135 106 80 54 42 40 42 58 84 108 124 132 139 148 157 154 161 169 134 141 142 114 91 66 42 42 25 19 19 19 19 18 16 15 15 16 14 22 33 36 
83 68 62 77 87 86 68 79 83 74 58 53 63 46 28 43 52 54 61 78 82 85 92 94 82 84 88 98 117 130 147 155 160 164 167 164 166 166 166 168 160 158 150 149 148 142 137 138 138 133 127 121 112 103 107 108 124 140 164 166 170 171 166 161 159 155 146 147 149 154 156 154 152 150 157 153 151 166 168 171 190 208 190 143 114 121 122 120 119 130 133 138 142 143 145 152 157 165 166 172 184 188 201 198 194 196 196 190 181 166 144 114 80 53 41 40 45 64 87 108 126 127 139 155 156 144 155 168 139 143 141 110 92 73 52 46 32 20 18 18 18 18 17 16 15 17 17 25 34 37 
78 63 57 75 84 77 67 79 80 69 56 59 60 50 35 33 38 50 78 93 88 84 86 96 76 78 85 103 109 139 153 154 158 164 176 176 176 175 168 159 161 156 154 154 148 139 140 136 132 127 122 115 111 113 110 114 132 156 169 161 160 162 161 152 145 142 139 134 140 148 146 142 139 139 143 145 147 153 155 160 176 202 207 163 119 113 115 116 116 120 130 134 135 141 142 148 151 160 166 170 171 170 188 193 197 188 185 195 187 164 150 117 76 50 37 38 45 63 81 97 106 123 139 159 158 151 154 166 144 144 143 119 93 68 61 40 35 21 16 17 18 18 18 17 16 20 24 31 37 38 
84 69 62 78 80 72 66 78 83 72 63 61 52 44 31 34 37 44 67 87 86 83 89 97 74 80 85 102 110 134 149 153 161 162 171 170 170 168 161 155 160 158 151 153 148 135 146 141 125 120 117 105 100 104 109 113 126 150 162 159 155 154 153 145 134 129 136 132 131 139 138 138 137 140 133 131 137 139 145 152 164 186 206 188 135 108 109 106 108 113 121 130 134 140 140 144 152 159 166 170 171 171 185 188 193 194 191 192 185 164 150 116 77 48 36 39 47 62 83 103 115 127 137 159 156 145 138 157 145 144 147 124 101 71 60 44 40 28 17 18 19 19 18 18 16 22 28 36 41 41 
84 69 58 75 81 73 72 75 80 68 64 58 54 52 33 36 40 45 62 88 93 84 93 88 75 78 79 91 118 133 144 151 160 155 165 166 167 163 156 156 156 155 154 143 146 131 135 128 116 111 110 101 97 103 106 112 123 145 158 160 148 137 132 128 119 115 126 132 123 126 126 122 121 119 120 120 117 116 139 136 142 163 186 186 133 102 102 101 115 116 122 124 127 136 138 139 151 160 163 163 166 165 189 187 181 185 191 188 182 168 152 116 84 48 29 38 46 56 77 103 122 131 142 159 153 144 138 160 147 143 155 132 95 73 59 51 42 26 20 20 21 20 19 19 18 22 29 36 41 42 
81 69 63 79 88 78 73 82 71 71 70 59 47 49 32 32 40 49 62 86 99 83 94 84 78 82 82 98 123 139 140 148 156 156 159 160 160 158 158 158 162 154 157 142 136 128 125 118 108 98 95 91 99 107 118 121 122 126 135 138 137 124 105 86 86 96 115 124 117 121 122 122 121 116 116 111 113 111 123 112 125 145 167 167 121 90 85 86 92 97 103 113 121 129 132 134 142 154 153 157 165 169 171 171 175 185 180 189 181 162 150 120 82 50 27 35 45 59 76 95 117 126 143 150 153 145 131 152 154 143 139 124 108 71 56 47 34 31 27 20 20 20 18 20 18 23 34 41 42 45 
78 66 63 76 84 75 70 77 74 74 71 59 58 52 38 29 40 48 62 82 96 86 92 89 78 80 81 92 117 132 143 150 156 155 156 154 155 154 158 157 150 148 150 132 132 125 118 111 100 94 95 101 108 116 123 131 129 122 126 130 120 102 80 57 46 44 77 104 111 111 111 110 108 107 105 105 106 92 82 74 90 112 138 150 116 88 92 90 87 94 94 100 117 121 123 132 133 137 154 152 154 163 163 168 175 185 178 181 171 162 150 121 82 50 25 31 40 64 76 89 112 124 136 147 150 142 122 140 162 144 135 119 102 74 55 48 36 27 23 22 23 22 20 19 20 29 37 45 48 43 
86 61 56 83 92 85 80 77 75 71 69 61 53 48 36 33 39 46 60 83 88 85 89 85 75 73 77 90 119 134 139 144 150 150 152 150 150 155 158 153 144 153 145 126 129 121 113 104 95 98 103 115 117 124 136 148 143 132 123 116 106 87 69 62 61 62 69 93 107 106 104 101 99 98 92 91 89 69 51 51 76 102 120 126 98 90 98 101 97 92 94 99 114 115 122 126 129 137 146 150 156 147 155 167 169 179 180 174 168 165 147 112 76 50 28 30 41 71 78 82 109 128 132 143 152 140 122 142 173 137 136 116 100 87 61 44 38 32 26 27 25 22 23 23 21 27 40 50 52 55 
90 68 62 77 77 88 67 68 76 71 67 58 52 48 33 32 34 43 58 80 82 83 83 80 75 70 77 92 116 124 133 142 146 140 142 146 147 151 148 142 136 142 139 126 124 113 104 96 100 107 111 117 119 128 139 144 140 155 146 138 119 105 98 101 103 103 110 108 112 106 102 100 102 99 95 94 81 63 66 77 103 117 116 110 86 86 90 104 110 104 86 83 96 107 118 116 127 129 125 138 144 146 156 158 160 171 177 176 168 165 152 120 82 47 27 34 48 62 74 88 117 131 138 143 147 141 125 136 153 159 141 116 102 93 61 40 37 29 28 24 21 23 23 19 26 40 61 72 69 68 
82 73 59 72 88 89 80 74 73 61 61 60 53 47 30 24 33 42 57 74 84 87 82 82 74 71 76 92 111 119 126 130 136 138 144 146 146 146 144 142 140 136 130 122 118 108 98 99 107 112 117 122 131 142 144 142 138 154 148 147 147 136 129 128 128 129 129 126 119 98 95 100 100 111 109 94 79 79 90 116 144 149 138 126 100 94 95 104 103 102 89 90 100 104 108 116 118 128 125 134 142 150 158 151 155 165 172 176 169 157 146 117 84 46 25 26 38 58 72 84 113 123 140 148 142 145 128 131 154 157 142 116 100 94 64 37 36 33 28 26 25 24 27 33 48 57 63 68 67 62 
84 72 70 82 94 85 79 80 82 67 64 60 59 51 30 24 34 38 54 74 84 88 86 81 76 74 73 89 108 122 129 138 140 130 134 143 137 136 138 134 136 138 133 125 118 107 91 100 115 119 126 129 140 147 148 151 155 160 151 154 165 159 152 146 142 143 144 132 120 113 110 97 97 110 112 114 113 121 132 153 170 170 157 140 123 111 100 100 99 104 113 102 85 89 104 110 117 122 126 131 142 145 155 153 151 160 172 171 168 154 143 102 71 39 23 25 36 62 70 80 106 122 136 147 139 138 130 140 158 152 147 126 115 96 63 37 36 30 24 22 38 61 61 55 52 47 51 62 66 70 
74 69 70 82 83 70 76 72 85 66 63 58 51 44 32 29 35 38 55 76 81 89 89 83 80 74 72 85 101 109 119 124 140 135 130 133 140 139 134 135 135 136 128 119 116 102 105 127 144 136 132 136 145 147 147 146 148 147 152 158 160 151 149 155 154 146 146 132 121 120 115 103 101 112 119 128 135 143 153 175 182 165 156 149 139 124 110 104 110 113 114 111 101 84 92 107 117 121 130 135 131 127 141 150 153 155 155 162 157 134 114 108 71 34 21 28 36 59 71 81 106 117 118 147 151 136 119 128 150 164 153 128 117 105 76 34 30 33 30 41 72 86 61 40 31 38 49 60 67 70 
71 72 73 84 88 80 81 76 77 62 64 62 54 46 33 30 35 38 56 76 80 87 88 84 80 74 72 86 100 112 119 129 130 132 142 136 137 134 131 136 134 130 120 117 107 104 127 142 140 131 137 143 148 148 146 149 155 154 162 161 151 153 154 153 149 146 143 132 122 121 118 109 108 120 126 135 146 159 170 178 176 168 163 157 146 134 120 114 119 115 108 108 110 97 89 102 112 118 120 129 131 135 137 140 143 156 148 154 150 144 135 101 68 32 20 30 34 58 74 80 106 118 119 135 146 134 109 120 154 165 153 138 109 96 79 47 35 32 42 44 52 43 30 32 35 40 48 59 66 69 
74 72 70 84 96 94 78 79 85 68 62 73 52 44 31 29 35 39 62 77 83 87 84 85 81 79 71 85 98 111 118 119 124 131 135 135 130 131 125 141 131 129 124 116 106 114 138 141 135 137 140 143 143 149 144 151 154 157 160 156 159 163 162 151 142 140 138 131 124 120 117 112 117 126 132 143 154 165 170 177 178 176 164 150 150 144 132 122 120 109 106 109 108 106 97 94 113 115 121 119 122 133 132 143 132 155 143 150 151 142 133 95 67 28 20 31 32 58 75 80 106 121 125 128 146 138 104 119 146 161 150 145 122 104 90 51 43 45 48 41 36 34 32 32 37 38 44 55 62 66 
78 77 76 92 99 84 71 75 85 65 51 59 58 50 34 29 34 40 67 86 78 79 87 85 85 86 74 83 95 103 118 121 120 127 132 133 135 133 134 133 134 127 110 99 115 140 148 143 135 136 122 136 136 146 152 163 151 158 154 162 161 160 158 155 151 147 143 140 136 132 129 128 136 140 145 160 164 163 172 177 179 181 175 165 157 151 146 134 122 108 109 120 113 109 103 93 99 116 125 121 122 122 124 129 136 143 148 144 143 145 132 98 62 29 23 27 31 60 73 81 105 117 124 130 150 140 103 111 136 156 145 136 123 111 91 60 47 49 50 48 39 37 44 42 42 42 46 55 62 65 
75 75 72 88 96 80 86 79 78 62 60 66 53 49 34 29 34 43 66 82 85 85 83 87 86 84 76 85 98 106 120 122 120 127 129 132 134 132 143 126 138 121 97 100 122 148 152 145 132 140 134 141 142 148 148 150 144 164 160 161 158 155 155 159 160 156 154 152 151 149 148 150 157 156 156 172 181 184 185 183 180 181 184 184 169 158 152 146 135 117 108 111 113 116 111 97 95 116 121 126 133 129 129 125 140 141 146 139 139 141 127 99 59 32 24 24 30 59 71 79 106 121 127 126 144 144 111 104 130 146 146 142 122 100 87 61 52 49 48 49 48 47 44 37 38 39 44 52 59 63 
75 78 73 83 93 82 84 76 85 65 56 65 45 46 35 30 34 45 68 80 84 86 85 96 95 84 80 85 95 106 120 122 122 130 127 125 130 136 138 129 130 110 99 121 131 144 152 141 126 124 133 142 152 154 146 157 166 176 168 166 159 156 157 161 162 158 161 158 158 157 158 162 166 174 177 185 188 190 191 193 197 199 199 194 181 164 151 151 147 124 107 112 114 114 115 101 95 110 127 127 127 124 125 126 131 128 139 136 135 138 129 99 58 33 24 22 27 56 71 76 109 114 117 130 147 148 104 106 124 144 152 151 128 103 95 71 53 52 53 52 58 52 40 37 38 39 41 44 47 50 
73 74 77 88 83 82 80 86 84 69 61 58 68 48 35 31 35 46 67 84 85 84 86 97 92 86 89 89 93 104 115 122 125 134 138 137 129 130 134 133 128 108 108 127 137 138 132 127 126 124 123 145 150 153 161 160 159 159 158 153 146 138 134 134 134 136 136 135 133 133 146 161 162 155 149 149 152 152 153 161 178 195 194 191 189 182 167 153 142 128 111 114 112 114 117 107 95 113 108 112 130 130 131 132 135 135 135 136 137 135 111 91 52 30 23 19 29 55 75 83 105 113 128 138 147 149 103 106 118 145 154 151 126 101 89 83 59 57 57 53 49 60 52 43 42 43 42 44 42 45 
70 78 78 96 95 84 78 84 92 77 66 71 65 55 38 29 37 48 69 85 86 84 86 95 98 96 93 94 96 102 109 120 128 137 136 139 135 136 132 133 124 112 111 128 140 134 128 119 112 114 122 142 146 144 146 138 132 133 126 113 106 100 96 95 94 94 94 94 96 97 108 118 118 118 116 114 111 109 107 115 131 146 147 146 155 154 147 143 139 128 112 114 110 113 117 111 100 113 117 122 132 137 136 137 143 142 136 138 136 135 118 96 54 31 23 22 31 51 72 77 108 121 127 127 144 147 103 105 118 142 158 150 124 106 99 75 62 64 64 59 54 57 53 49 48 46 44 44 42 45 
77 73 70 93 92 84 82 89 96 73 65 81 70 54 40 30 35 47 67 85 90 86 89 97 106 104 96 99 98 106 111 118 124 134 130 139 136 137 133 133 123 118 117 129 136 128 121 111 102 112 124 129 124 118 110 101 93 90 87 82 81 80 80 82 83 84 82 80 76 77 81 86 86 87 87 84 83 83 90 88 90 95 96 100 104 103 102 110 115 112 99 98 104 112 108 102 103 115 130 135 134 138 139 140 148 144 136 138 137 131 121 86 46 26 22 24 29 46 73 78 112 123 128 130 151 149 104 105 117 137 161 149 117 101 99 78 76 77 72 65 60 56 55 53 52 50 46 45 42 46 
73 78 84 102 96 84 82 86 93 75 72 76 71 58 41 29 35 47 67 86 91 82 91 106 106 101 98 101 96 107 119 120 124 136 129 137 134 129 133 132 134 135 135 138 132 125 113 102 85 90 101 101 97 92 82 76 72 69 69 70 67 70 73 74 76 77 78 73 76 66 74 74 73 72 71 72 75 78 70 70 73 72 67 66 63 65 64 66 70 70 74 90 103 113 115 109 112 121 130 135 137 139 138 138 145 141 134 138 143 133 114 82 41 29 22 24 26 50 81 87 102 115 127 139 155 152 107 102 112 130 157 146 124 114 110 93 80 75 65 61 59 58 58 56 53 50 48 47 42 46 
73 78 87 109 106 88 74 84 94 73 72 76 66 63 42 26 36 45 66 81 86 79 93 109 106 103 105 106 100 107 115 117 124 136 130 133 139 128 133 134 135 136 139 138 131 125 115 104 75 67 69 69 70 69 62 58 57 59 59 58 61 65 67 68 70 71 72 71 73 73 76 77 77 78 76 74 73 73 73 66 64 60 54 51 47 43 42 47 46 40 63 93 102 109 121 117 112 124 130 136 140 138 139 138 142 140 136 140 137 130 120 80 41 25 22 22 21 53 78 82 108 121 126 137 150 156 112 101 112 132 156 152 120 108 105 87 78 78 69 65 60 61 57 54 52 49 49 48 42 46 
70 78 92 99 94 96 81 81 86 64 67 74 67 58 41 29 33 38 60 75 85 82 96 108 109 107 108 105 106 109 108 111 122 132 132 135 135 128 131 142 132 130 130 131 130 122 115 104 79 69 61 45 42 46 47 47 51 55 60 67 74 80 81 80 82 82 78 76 73 73 76 78 78 86 92 93 96 102 109 107 108 94 72 54 39 45 49 49 54 61 77 97 109 117 122 119 116 123 126 134 141 143 142 141 143 142 141 142 139 129 114 67 35 22 23 23 20 56 72 73 100 120 125 140 148 147 118 100 108 125 143 144 115 100 110 95 88 81 74 70 61 61 54 54 50 48 49 48 41 44 
69 74 92 97 90 85 70 79 90 67 65 77 70 56 41 34 32 41 61 75 88 92 96 102 107 107 109 106 108 110 111 110 119 125 129 128 130 142 137 126 136 134 135 135 132 124 117 112 104 99 98 87 77 70 67 70 81 86 88 99 116 125 121 114 113 110 104 102 104 100 108 114 114 114 118 127 134 151 167 175 187 170 139 115 94 87 94 109 124 123 110 111 122 128 126 123 122 129 127 132 142 139 140 142 143 143 149 146 137 125 102 61 27 23 24 23 24 51 72 78 101 127 129 137 146 146 122 99 101 118 143 158 133 106 107 104 89 87 78 68 66 60 59 56 53 52 55 49 46 50 
73 74 87 101 97 92 78 85 94 76 69 74 67 53 45 34 32 48 67 76 90 97 94 95 100 105 107 107 110 113 115 120 120 131 127 123 126 133 138 136 138 140 141 142 140 133 123 115 109 123 134 132 126 116 98 100 106 102 101 113 142 150 142 139 130 126 117 118 124 123 128 130 132 127 130 148 154 163 192 211 216 196 180 170 154 136 133 142 150 148 132 118 115 122 127 129 128 132 128 131 138 134 133 136 142 145 143 134 124 117 99 51 24 23 23 22 24 53 80 94 103 122 140 127 145 143 121 98 96 110 139 161 134 104 102 111 96 84 75 73 69 62 65 64 60 61 49 47 60 52 
70 66 91 104 100 92 82 88 97 78 73 76 68 44 47 39 35 46 66 78 89 100 94 94 106 118 116 106 108 114 117 122 124 128 120 123 124 130 127 135 139 133 145 135 131 136 134 127 126 132 139 147 149 143 130 125 121 117 118 127 149 156 147 142 131 128 128 113 117 128 124 119 123 123 122 136 143 156 188 207 198 182 182 175 176 161 161 161 156 156 146 130 123 132 131 127 128 130 127 132 139 134 131 143 145 146 155 146 131 116 96 43 25 22 22 22 24 51 76 88 105 122 136 131 146 155 122 100 99 114 140 160 145 95 103 116 105 84 64 72 74 66 65 64 63 66 50 60 56 51 
66 76 90 112 95 87 82 84 87 89 81 75 67 52 41 37 46 39 60 83 86 96 96 98 110 115 112 117 117 115 122 122 124 125 135 125 119 124 131 133 128 144 126 124 128 136 137 136 137 134 140 150 149 147 144 142 134 121 122 133 147 143 139 126 134 137 134 135 119 119 125 124 129 132 121 126 124 131 143 154 155 155 157 166 164 172 180 165 149 158 153 141 130 134 130 127 126 126 125 130 134 131 136 146 149 148 151 144 126 108 86 31 22 21 21 21 23 52 75 83 97 124 138 134 141 160 127 104 102 116 134 144 137 92 82 104 95 94 66 70 73 68 62 66 65 62 60 63 52 57 
60 81 83 118 95 91 84 82 85 91 86 77 68 52 44 38 42 43 61 86 84 98 98 100 106 114 114 119 114 113 119 128 126 118 136 125 122 125 127 132 128 137 135 126 127 136 136 134 135 134 140 149 150 151 158 154 145 134 129 128 131 128 126 113 116 112 113 120 120 116 117 116 112 122 113 109 106 111 114 118 128 138 140 165 181 182 186 179 158 156 158 150 138 140 131 127 127 128 129 133 137 136 132 136 153 154 142 135 118 104 81 24 18 21 23 22 23 52 76 85 101 124 140 126 139 159 125 105 103 115 132 145 149 107 84 92 97 99 74 74 72 72 64 65 69 59 64 54 62 67 
57 69 87 113 91 88 85 87 84 82 81 84 65 48 44 42 39 41 66 85 83 103 100 100 100 107 111 123 114 110 111 119 124 122 131 128 126 133 126 129 129 129 135 128 128 132 133 136 133 134 137 153 156 150 157 156 151 143 141 141 134 126 116 109 105 100 95 96 97 85 91 88 86 88 84 87 93 91 95 110 124 150 159 174 182 182 186 185 166 161 144 142 136 143 136 132 131 131 131 132 134 134 140 146 160 151 134 128 117 96 70 21 18 19 21 22 25 52 77 89 103 120 134 133 142 151 128 111 104 105 117 133 164 117 87 106 101 100 83 77 64 67 66 66 68 60 62 59 62 71 
56 63 83 104 87 87 84 82 83 87 82 87 65 48 43 42 39 41 66 86 90 101 101 98 96 105 105 114 116 116 115 110 116 115 127 134 133 132 133 129 129 131 130 129 127 131 132 134 135 134 141 152 154 151 151 152 151 145 145 146 138 137 140 134 121 123 107 93 90 82 86 82 80 86 78 88 97 98 125 142 146 168 180 174 173 187 186 179 179 176 155 144 139 138 135 135 131 133 133 134 138 142 137 141 153 146 127 121 106 81 52 27 20 20 21 21 24 52 82 90 96 117 132 137 144 153 132 112 109 118 108 125 163 129 93 100 97 98 92 86 72 64 70 65 67 66 61 59 65 65 
54 60 80 97 86 85 82 84 87 87 84 83 66 51 44 42 40 39 63 85 90 97 103 97 89 95 104 112 112 119 117 114 120 119 128 130 129 128 128 128 129 130 133 130 127 132 133 134 137 142 145 148 149 148 150 152 154 141 145 147 139 139 152 144 124 128 134 122 108 102 103 103 101 104 100 111 125 121 134 146 152 164 171 174 174 184 186 179 173 165 169 155 144 137 133 135 134 134 132 131 134 139 142 142 147 138 129 119 91 76 51 27 18 21 21 22 26 53 82 97 98 112 132 137 142 156 134 107 108 118 111 112 153 132 90 100 101 97 89 85 76 70 73 66 66 67 61 62 60 71 
54 57 81 95 84 80 80 88 93 85 81 83 69 56 44 42 41 37 63 80 91 95 98 95 84 84 92 112 118 117 111 113 112 124 130 133 133 120 136 123 128 130 140 130 128 140 140 133 144 151 150 156 158 156 150 142 151 151 148 151 141 147 144 136 135 132 124 127 122 117 114 119 115 120 117 121 133 137 131 141 151 160 168 180 178 173 178 181 172 165 166 157 148 140 137 139 134 134 132 134 140 146 144 142 136 126 126 114 93 66 43 29 24 20 20 24 23 44 78 99 103 112 135 136 148 157 132 102 111 126 114 104 137 134 94 102 96 83 86 83 78 75 77 70 66 66 61 59 54 68 
61 52 74 92 84 83 82 80 90 94 87 87 65 52 40 40 42 38 60 84 99 108 110 104 89 82 91 106 113 116 108 105 113 115 127 126 131 127 137 128 136 133 135 136 136 139 136 135 141 153 148 148 148 154 155 151 143 151 147 143 150 148 150 138 135 137 130 123 126 125 125 126 134 138 137 135 127 130 146 152 158 162 172 178 176 181 175 172 176 171 162 157 151 143 139 139 134 133 132 134 138 142 146 139 124 123 123 105 78 52 32 23 21 22 21 25 32 46 73 104 87 126 129 139 144 154 135 112 99 121 119 98 129 137 104 100 93 82 81 78 77 77 79 74 67 63 62 56 56 56 
57 47 66 92 86 78 81 82 89 93 82 87 72 55 42 41 42 39 57 84 89 95 109 99 83 71 87 101 106 116 109 106 110 121 121 123 140 132 149 134 142 139 133 128 130 146 145 135 145 149 142 147 143 145 155 152 149 146 140 141 153 146 146 137 140 143 135 134 135 133 135 140 137 138 137 139 131 128 146 151 158 163 174 177 179 176 176 176 173 171 163 158 151 144 140 138 133 132 132 133 134 135 137 136 126 116 112 100 60 38 24 26 22 22 22 24 41 58 73 104 97 117 136 140 147 154 131 103 96 114 108 90 124 137 107 93 97 94 79 75 76 78 78 74 71 64 64 61 56 52 
59 48 58 93 93 80 82 86 88 97 85 86 76 56 44 42 42 40 54 80 91 90 102 90 71 72 86 89 99 116 113 104 105 114 112 116 127 131 138 137 141 140 134 138 140 143 142 141 145 148 142 149 144 150 140 143 156 151 155 148 153 145 146 136 140 141 139 142 126 130 132 137 145 143 132 132 141 144 147 150 160 164 173 177 178 174 172 166 159 159 164 159 153 146 139 133 131 132 133 133 132 130 130 123 118 113 107 87 52 32 24 24 22 22 22 25 37 55 72 89 97 118 132 120 144 159 142 107 103 111 110 89 108 131 107 86 98 95 78 74 76 78 78 72 76 66 63 66 50 51 
61 46 58 94 98 92 92 84 98 94 86 88 75 55 44 43 41 40 50 72 89 96 99 91 70 66 74 89 102 106 108 102 101 110 111 113 122 126 136 138 135 138 140 141 141 145 144 143 147 151 154 147 146 145 148 150 154 151 153 150 147 143 147 149 142 146 146 141 132 143 141 142 143 145 145 146 149 150 149 154 159 165 174 179 179 180 177 177 180 174 164 163 156 148 142 134 133 135 134 134 140 138 120 109 116 110 86 59 41 32 25 23 22 21 21 24 30 52 76 99 106 128 127 147 151 166 138 105 101 110 111 90 104 131 110 91 98 93 87 76 77 77 77 73 76 71 66 64 64 62 
61 48 56 90 95 89 86 90 92 93 82 82 80 64 47 40 41 40 50 66 84 94 96 91 68 66 71 79 92 98 97 101 105 110 110 114 121 123 140 140 129 140 140 142 142 143 143 144 146 149 148 144 147 147 158 146 146 151 151 147 144 152 157 152 143 142 142 144 150 137 157 149 148 146 152 152 146 151 152 152 159 166 176 179 180 173 166 173 176 173 162 158 160 152 140 137 138 134 134 134 136 132 123 116 114 98 70 34 31 26 23 22 22 21 22 28 32 51 75 94 102 120 137 132 142 162 141 108 102 114 113 88 103 136 116 98 107 96 84 80 77 77 73 82 72 79 66 61 70 65 
56 46 53 88 95 89 88 81 93 93 91 93 79 65 48 39 38 36 51 62 79 92 97 91 61 56 69 76 80 94 99 102 104 108 110 114 122 124 133 139 136 140 139 142 145 144 144 145 143 144 144 147 154 146 150 147 146 151 153 153 147 142 154 154 139 142 142 144 151 152 149 155 160 155 152 150 149 152 151 154 160 167 180 176 177 176 174 176 167 168 165 162 160 152 142 136 133 130 130 127 126 124 115 110 105 77 45 23 22 22 22 22 22 22 24 25 32 47 71 101 101 108 126 133 138 153 146 118 106 117 122 97 93 135 138 101 104 100 85 78 74 83 80 81 69 67 65 64 62 63 
53 48 52 87 94 85 85 89 100 90 87 91 93 70 50 38 37 39 48 66 83 98 102 88 56 49 59 65 69 80 96 99 98 100 102 109 117 122 127 136 142 139 142 140 146 150 151 144 145 155 156 147 154 151 158 163 153 162 145 154 154 152 148 150 151 144 148 146 154 150 144 147 152 149 151 155 154 151 153 154 161 167 170 165 163 169 172 177 173 182 178 167 158 149 140 134 131 128 128 122 120 117 106 110 95 56 30 24 21 22 22 21 22 23 22 29 29 41 76 109 104 115 127 133 141 157 144 112 89 101 114 84 70 113 150 110 108 99 86 86 84 74 77 74 66 66 66 66 63 60 
52 49 50 84 88 74 82 92 91 94 93 92 86 69 51 40 36 36 47 63 78 90 97 88 54 51 51 56 70 74 82 93 95 93 95 103 110 117 128 137 140 140 142 144 149 143 149 152 150 154 149 149 152 149 155 152 152 154 143 148 153 153 150 150 154 149 149 158 146 155 150 149 158 153 155 157 153 153 152 154 161 171 168 174 176 166 176 180 167 176 177 163 155 145 135 134 132 138 134 117 115 118 107 100 64 29 19 20 22 22 22 22 22 22 22 26 32 44 73 106 103 113 128 132 147 161 154 114 90 104 116 88 62 99 144 120 110 100 85 80 80 77 80 78 68 67 67 64 61 62 
52 50 51 86 88 71 79 88 100 95 96 93 85 74 53 38 38 35 46 63 84 94 95 88 53 51 50 53 63 67 77 86 90 94 96 99 104 109 117 133 140 136 149 142 144 141 151 153 152 157 147 158 156 158 153 156 158 152 155 145 158 150 150 153 152 150 159 156 154 148 145 148 155 159 157 158 163 161 168 175 165 172 173 176 178 174 173 173 173 172 168 165 154 142 139 137 133 130 122 111 108 99 90 69 37 22 18 22 21 20 21 22 22 20 21 24 28 42 73 99 103 117 125 134 138 160 164 120 100 102 111 95 66 77 122 134 110 102 95 78 72 80 73 75 73 65 61 62 62 61 
57 53 50 84 91 78 68 85 86 86 90 88 82 74 51 40 36 35 45 57 76 86 88 84 52 46 47 48 53 62 70 82 88 90 93 94 98 99 110 127 134 130 150 134 129 150 159 149 149 159 162 145 157 158 159 156 152 157 163 162 151 154 155 156 153 163 156 159 155 157 154 151 144 150 156 160 157 170 179 174 171 172 171 175 176 178 171 181 179 176 169 165 157 147 140 137 135 131 122 98 98 104 78 39 22 26 22 20 20 20 21 21 21 21 21 26 26 40 75 96 104 114 125 134 141 155 163 119 98 105 110 89 70 72 102 142 124 105 92 84 79 79 76 71 70 67 65 62 61 63 
49 46 55 78 94 84 83 88 81 91 84 85 80 68 51 39 32 36 44 54 67 81 86 84 51 44 41 41 46 54 64 75 81 83 86 87 94 93 100 121 128 123 144 136 133 147 154 150 149 153 153 156 155 156 159 158 153 154 160 162 160 159 164 159 162 158 156 160 158 155 155 149 148 152 156 161 160 169 178 178 173 172 175 176 177 179 184 183 180 178 172 161 155 144 141 137 134 126 115 101 92 72 46 30 25 25 21 20 20 20 21 21 21 21 22 28 26 42 73 96 107 118 124 134 144 153 164 120 94 107 109 86 74 75 94 143 138 107 84 84 85 80 74 72 70 65 66 62 63 63 
47 41 50 73 92 72 79 80 78 90 83 94 83 71 50 33 32 40 48 63 87 84 89 89 54 48 36 37 44 45 55 60 69 82 87 84 91 95 98 103 125 126 139 138 133 145 144 143 147 158 153 161 160 161 164 168 166 163 162 160 160 161 167 159 166 164 160 155 159 151 145 142 139 147 154 162 165 169 176 182 176 174 176 182 185 184 190 182 183 180 170 160 150 142 141 139 127 115 105 94 76 38 26 24 24 22 21 22 20 20 21 21 21 21 23 29 26 46 71 96 107 117 128 133 137 147 164 122 96 109 109 82 73 83 93 137 148 112 93 86 84 82 74 68 67 64 66 61 65 65 
49 48 45 71 94 79 72 71 87 81 76 78 90 81 50 29 36 31 41 71 79 78 84 79 64 46 43 44 36 39 45 49 55 68 82 93 86 86 93 96 114 124 137 134 135 144 144 139 149 156 158 159 163 162 162 160 157 158 160 160 161 159 162 169 168 167 154 150 158 161 160 159 154 156 160 162 166 168 178 183 180 190 184 187 189 188 187 184 187 179 170 158 139 154 150 137 110 104 93 60 42 31 24 23 21 22 22 21 20 20 21 21 21 21 22 27 26 49 71 95 111 110 121 139 150 154 161 124 100 108 107 76 57 78 86 118 140 110 102 88 82 82 75 68 66 64 65 61 64 68 
50 46 44 76 94 74 75 73 87 84 84 88 89 83 60 38 41 35 47 55 72 76 90 85 60 48 41 40 37 35 40 42 48 60 71 78 86 78 95 94 104 113 127 134 142 135 141 145 152 150 157 161 162 163 165 162 161 162 162 160 163 167 165 166 158 160 161 160 156 156 156 151 158 150 154 160 167 170 178 184 184 197 192 191 187 188 185 188 185 178 169 158 145 150 144 132 114 92 73 41 28 24 22 21 21 22 22 19 20 20 21 21 21 21 21 25 25 50 71 94 106 116 124 135 147 147 163 128 102 106 104 71 56 75 84 108 133 115 97 86 83 82 75 70 67 65 61 63 63 68 
56 46 47 69 90 81 73 84 92 90 84 92 83 82 71 34 30 40 48 51 66 77 86 83 55 47 43 40 41 43 40 40 41 46 57 70 74 77 85 91 102 112 124 128 134 134 136 138 146 151 151 159 164 167 167 167 167 168 166 165 164 167 163 165 166 164 159 158 154 152 148 150 160 146 151 158 160 158 174 188 187 186 192 199 188 188 185 186 180 180 175 154 151 142 133 118 88 58 41 29 27 22 21 20 22 22 20 22 20 20 21 21 21 21 21 23 25 51 71 92 117 121 128 134 140 142 169 134 102 108 102 70 55 72 82 94 119 117 96 82 80 81 74 68 67 62 55 67 66 71 
55 44 44 68 80 76 72 88 94 92 86 93 84 85 78 44 31 40 48 56 66 68 78 85 59 38 45 41 37 33 36 35 39 40 44 44 61 76 77 82 87 98 116 127 132 134 131 137 145 148 149 158 163 163 166 165 165 166 167 167 166 167 164 156 158 165 158 151 152 153 150 151 146 145 149 154 159 158 171 176 180 181 183 190 190 184 188 179 185 170 166 151 145 132 107 80 46 32 26 26 23 22 21 21 21 21 21 21 21 21 21 21 21 21 20 25 29 48 69 93 107 116 127 136 141 151 169 135 106 107 98 73 58 69 82 90 107 132 96 95 92 72 68 69 65 66 64 58 60 74 
57 45 46 69 86 86 79 88 95 90 87 90 85 83 82 54 35 40 47 55 75 73 68 84 57 37 39 46 46 44 41 38 34 36 41 44 48 52 58 67 71 83 109 121 138 137 128 138 144 146 149 155 159 160 161 162 164 167 167 166 168 171 167 160 162 155 149 153 152 151 148 138 151 137 145 154 156 170 168 168 172 175 174 182 186 183 185 179 181 167 158 148 140 114 80 51 29 26 26 25 21 20 21 21 21 21 21 21 21 21 21 21 21 21 22 24 29 49 68 94 112 122 128 135 150 153 164 138 106 106 96 70 57 69 82 90 106 131 114 94 87 79 72 67 63 62 64 62 67 75 
58 47 48 68 86 84 71 78 91 91 88 86 85 79 75 52 35 39 44 55 66 71 72 74 56 44 42 50 51 53 54 50 46 46 42 45 49 45 52 62 68 81 101 108 112 118 126 137 133 142 145 154 155 159 161 160 161 164 166 167 166 160 161 154 153 149 154 145 147 148 143 149 161 152 154 153 152 159 165 165 168 172 171 178 185 182 179 176 176 164 150 140 127 91 56 30 23 23 24 22 20 21 21 21 21 21 21 21 21 21 21 21 21 21 21 20 29 51 68 97 110 114 131 137 148 152 166 145 106 110 98 71 53 66 82 81 92 130 126 88 86 88 74 66 63 59 63 68 72 76 
57 44 42 62 87 83 72 75 90 93 89 84 84 80 69 46 35 38 43 46 64 71 72 70 59 56 49 47 42 48 58 59 48 50 55 54 46 50 57 58 59 59 68 92 107 120 128 129 125 136 137 147 148 156 158 159 159 161 162 162 161 159 163 164 162 157 147 152 152 144 139 137 141 153 158 142 143 149 159 163 162 162 164 168 174 175 173 174 171 159 139 118 92 56 34 23 25 23 22 21 20 21 20 20 20 20 20 20 20 20 20 20 20 20 21 20 32 55 69 98 124 104 123 144 154 152 170 149 105 112 99 68 51 73 88 89 92 111 129 94 78 79 76 69 64 60 62 70 73 78 
52 40 33 50 88 87 73 74 86 95 90 88 83 80 68 47 35 36 39 49 67 68 69 71 59 51 47 50 47 51 58 59 59 60 60 57 57 58 59 53 54 54 58 74 91 105 110 119 126 134 132 141 143 151 152 155 159 161 160 157 156 156 161 160 152 163 148 144 143 149 149 144 137 140 149 138 141 143 149 156 157 155 162 169 174 178 179 177 169 151 117 90 64 38 29 26 22 22 22 22 21 21 22 22 22 22 22 22 22 22 22 22 22 22 21 23 38 62 75 101 117 108 126 143 152 151 170 148 107 113 96 61 57 80 80 77 90 112 130 114 87 75 78 65 62 60 64 71 74 78 
54 46 34 44 85 86 68 72 84 98 91 89 86 79 69 51 35 38 39 48 62 64 63 71 68 48 45 59 59 58 55 56 58 57 62 59 64 62 64 58 60 61 60 59 66 89 100 108 118 124 126 135 138 140 145 147 151 154 154 153 148 149 147 157 145 139 134 135 140 142 140 140 144 149 152 130 136 136 146 150 156 149 160 172 180 180 180 169 157 135 98 76 58 41 31 23 21 23 23 21 22 23 22 22 22 22 22 22 22 22 22 22 22 22 22 26 40 62 71 93 123 116 131 141 143 150 169 150 113 117 95 58 54 71 76 78 84 103 118 108 80 65 69 65 60 59 66 72 76 79 
54 53 34 46 70 81 80 80 77 84 92 88 85 77 71 62 42 37 39 46 60 64 65 71 70 48 50 61 56 54 63 64 64 63 63 56 66 61 62 63 61 62 60 58 61 68 86 87 97 115 116 121 134 132 139 140 138 143 150 144 147 152 149 145 145 139 140 140 145 135 132 133 140 134 134 129 129 130 139 145 144 161 153 152 160 164 168 155 130 102 69 55 49 34 28 24 23 23 22 22 22 22 22 24 23 22 22 23 23 23 23 23 22 22 21 24 34 52 66 93 115 113 123 144 152 149 167 156 118 117 92 56 54 70 78 78 85 100 115 111 80 64 63 64 61 56 62 74 64 69 
57 49 35 43 70 88 79 76 86 82 82 89 83 76 74 64 46 37 41 44 54 68 66 72 70 52 51 62 61 59 60 64 68 68 67 59 69 64 63 63 61 62 62 60 62 57 65 77 86 99 101 108 123 130 135 134 132 143 146 139 144 149 141 137 140 135 137 137 142 137 131 128 136 138 129 126 121 128 137 130 135 147 149 156 158 152 145 132 105 74 51 46 46 34 28 24 23 23 22 22 22 21 22 24 23 22 22 23 23 23 23 23 22 22 22 23 38 58 67 95 124 121 128 140 146 152 168 162 124 112 86 57 53 70 78 80 86 100 115 114 83 58 60 63 64 54 56 68 60 66 
49 45 35 41 69 90 86 82 92 92 90 86 82 74 69 64 42 36 42 42 47 69 62 71 74 63 59 62 63 65 60 62 66 66 68 64 69 65 64 65 65 67 65 64 65 62 56 60 71 83 94 100 106 110 126 130 126 133 125 136 147 143 139 134 134 137 130 127 130 129 128 127 127 128 129 127 114 116 123 128 141 133 134 150 153 142 128 108 82 63 59 56 50 35 27 25 23 22 22 22 22 21 22 23 23 21 21 22 22 23 23 23 22 22 23 24 45 66 66 90 116 116 127 149 155 159 164 166 130 110 83 55 56 71 77 79 88 102 109 113 94 60 54 58 67 69 66 70 69 66 
53 55 38 42 66 91 88 74 72 88 89 79 81 73 75 62 38 36 43 43 42 66 59 68 78 70 62 61 62 63 65 65 67 67 71 71 70 69 69 71 73 76 78 78 75 77 73 66 60 64 73 82 89 99 118 120 123 131 134 134 135 131 129 129 130 133 125 120 120 117 122 122 123 121 109 112 123 123 117 125 128 136 126 126 130 110 96 78 63 66 65 62 48 33 26 26 23 22 22 22 21 21 22 23 22 21 20 22 22 22 22 22 22 22 22 23 44 64 65 89 114 119 121 137 148 153 173 161 125 120 94 54 53 67 76 82 87 102 110 106 105 71 52 52 65 75 71 64 65 67 
56 55 36 38 63 91 88 80 84 88 85 86 78 74 84 63 44 37 42 44 40 65 60 68 75 66 62 63 64 65 67 68 72 71 72 71 73 74 74 76 79 82 80 81 76 72 78 75 71 66 67 70 73 79 94 104 100 110 124 128 127 128 123 123 126 120 114 114 115 114 116 115 114 115 114 115 111 113 114 117 122 115 117 115 110 87 74 66 60 64 64 62 45 31 24 24 22 22 22 21 21 21 22 22 22 20 20 21 21 22 22 22 22 22 23 26 41 60 68 92 115 114 112 136 152 158 168 164 130 114 91 61 48 58 74 82 86 103 112 97 102 78 57 51 60 68 76 66 60 66 
61 53 39 37 59 88 85 72 80 94 98 91 75 75 80 63 50 38 39 40 37 64 63 67 79 76 71 61 59 67 72 73 77 75 76 75 74 76 77 81 84 87 82 84 84 77 83 80 76 66 64 64 63 65 76 86 92 92 100 108 115 114 115 119 118 111 107 110 107 108 104 104 105 103 108 107 98 96 108 102 90 110 96 89 81 72 68 64 64 64 64 61 42 29 23 22 22 22 22 21 21 21 21 22 22 20 20 21 21 21 22 22 22 22 23 31 41 56 66 85 110 112 115 133 142 153 161 171 140 110 86 66 51 56 73 84 90 112 112 92 100 88 70 55 62 66 72 67 66 69 
50 50 39 35 54 83 87 76 77 95 96 84 79 74 76 63 50 38 41 42 43 57 69 70 73 70 54 70 61 68 73 73 76 75 79 83 83 85 86 84 84 86 87 84 78 83 81 84 76 82 81 74 71 66 66 70 70 70 76 84 88 88 89 101 102 104 103 100 98 94 92 94 99 94 99 99 88 84 88 86 84 84 78 68 68 68 66 66 67 67 62 56 44 25 22 23 23 22 22 21 22 22 22 20 21 21 20 22 21 22 22 22 22 23 22 32 45 54 63 85 110 116 125 135 148 150 160 170 142 118 77 65 58 62 74 84 87 105 112 95 107 105 77 58 63 58 58 72 77 69 
52 52 41 35 51 78 93 80 78 94 94 77 90 81 73 64 44 37 45 45 46 57 68 74 67 62 70 56 63 69 70 69 76 72 75 77 78 83 86 88 88 86 89 88 88 88 83 84 87 86 82 78 75 68 64 65 62 62 65 68 69 69 73 80 83 82 81 80 80 80 79 81 91 83 84 84 80 81 78 80 80 64 66 66 72 70 68 69 72 73 57 52 42 26 22 23 22 22 22 21 22 22 22 21 22 22 21 22 21 22 22 22 22 23 24 30 43 55 63 84 109 109 112 123 142 150 158 173 142 112 78 58 60 68 78 85 86 94 112 104 79 96 78 57 62 62 62 64 64 61 
55 52 41 37 53 80 95 83 79 93 93 76 90 81 70 66 48 38 45 47 47 56 71 78 68 60 62 62 68 77 77 72 76 75 78 85 89 92 90 89 88 84 81 81 90 93 89 88 95 88 80 81 83 81 78 72 71 77 76 66 63 60 60 58 61 62 63 64 64 64 63 64 67 72 73 70 71 74 73 72 75 62 68 70 73 73 72 70 66 62 58 51 40 26 21 22 22 22 21 21 22 22 22 22 22 22 22 22 21 22 22 22 22 23 26 32 47 59 63 81 105 104 106 119 139 150 160 167 149 110 67 55 58 68 79 86 85 91 111 107 74 85 88 58 65 64 67 61 56 62 
53 48 39 37 48 68 91 86 82 92 96 84 85 82 76 69 57 36 39 48 45 54 73 78 79 73 59 67 67 69 78 78 77 79 74 79 94 95 94 92 95 99 93 88 92 96 95 94 94 99 100 93 88 87 87 85 83 86 83 74 66 69 71 65 62 61 61 62 62 62 63 64 64 70 66 71 76 67 69 67 69 69 71 69 71 73 77 78 74 69 68 56 38 24 20 21 22 21 21 21 22 22 21 22 22 22 22 21 21 22 22 22 22 23 27 35 51 57 60 86 106 112 122 134 145 150 159 160 142 114 78 50 55 63 80 90 90 102 108 97 76 86 97 66 60 68 60 54 61 61 
52 50 43 38 40 55 85 86 83 92 98 90 81 79 76 71 58 39 41 47 45 49 60 63 68 68 71 67 74 70 74 78 76 79 78 84 90 92 96 93 89 92 97 94 89 94 94 95 95 90 87 91 94 94 94 96 92 84 83 84 74 73 72 62 62 62 60 61 61 63 67 69 70 74 70 68 72 70 69 70 70 70 68 71 73 71 72 74 72 71 70 56 36 23 20 21 21 21 21 21 22 22 21 22 21 21 22 21 21 22 22 22 22 23 31 40 55 55 58 90 112 111 116 126 142 152 159 163 148 110 72 51 57 63 78 89 87 96 110 99 74 88 96 78 64 65 62 55 53 54 
49 51 45 36 36 51 81 84 82 92 101 94 85 80 73 74 52 43 42 44 46 50 54 58 67 66 74 74 73 67 70 82 83 83 84 86 90 92 105 105 92 90 92 98 93 97 96 97 96 98 99 97 99 102 101 102 98 92 90 89 84 78 80 68 70 66 62 63 61 62 67 70 70 70 75 75 71 70 69 70 70 70 70 76 76 71 71 73 73 73 67 52 33 24 21 23 21 21 21 21 22 22 21 22 20 20 22 21 21 22 22 22 22 23 30 42 58 53 51 81 112 108 110 121 141 155 160 166 152 109 68 52 56 63 76 91 90 90 108 108 81 73 86 81 51 55 55 50 45 43 
