18 19 17 19 15 15 18 20 19 19 19 17 22 18 19 22 21 22 17 17 19 21 19 20 22 21 26 21 24 18 17 19 22 24 20 23 23 26 26 25 26 27 25 26 25 27 25 22 25 29 36 40 49 49 43 34 19 17 15 14 13 14 14 15 41 91 123 136 148 145 137 122 106 90 78 48 21 19 18 16 22 16 17 18 18 11 13 14 14 14 14 13 13 13 14 12 14 12 13 13 15 12 13 13 13 12 15 12 14 14 15 14 13 13 14 14 16 13 16 14 14 18 16 17 18 17 17 17 17 15 16 16 20 16 18 20 21 20 19 20 18 13 18 21 19 17 19 23 24 18 
23 16 19 19 18 19 20 19 19 18 19 19 17 20 21 21 20 20 19 16 17 19 20 21 23 23 22 17 30 23 18 22 22 23 24 24 24 25 23 25 25 27 27 26 21 21 23 29 32 34 36 45 47 42 37 38 35 16 16 15 14 14 15 15 42 88 124 145 151 144 131 122 113 102 87 69 35 22 21 23 20 20 20 20 16 12 13 14 15 15 15 14 13 14 14 13 13 13 14 13 13 13 13 13 13 13 17 13 15 15 16 14 13 14 14 15 12 17 17 16 13 18 17 17 17 17 18 18 18 19 19 16 18 18 18 18 15 13 18 20 19 20 19 17 19 19 19 22 22 19 
18 17 19 18 17 19 18 17 22 18 18 20 17 21 21 21 20 21 20 19 18 20 21 24 23 22 16 24 26 22 20 23 21 22 22 23 22 25 23 24 26 25 27 27 23 27 31 31 26 30 40 45 47 47 33 35 28 23 18 15 12 13 14 15 51 98 127 145 150 146 138 130 120 113 99 83 57 38 33 32 21 21 20 21 15 14 13 13 15 15 15 14 14 14 14 16 16 14 14 14 14 13 15 14 15 13 14 12 15 16 16 15 15 15 13 16 17 13 17 14 15 19 18 17 17 17 18 18 19 21 20 20 20 17 18 20 20 18 20 15 19 20 20 17 19 18 19 23 20 18 
19 17 19 20 17 20 22 24 17 21 22 21 20 19 20 20 21 22 22 23 22 19 20 23 23 21 20 19 26 24 22 19 23 24 26 26 31 26 26 33 26 23 27 26 26 27 30 26 29 36 38 42 46 43 46 28 23 18 20 20 19 20 19 20 54 96 125 141 147 143 134 123 119 114 101 92 83 67 53 46 27 25 27 27 18 19 17 15 16 16 15 14 15 14 14 15 11 9 14 14 14 16 12 17 16 16 15 15 15 15 15 15 15 17 12 17 16 16 16 17 17 18 18 18 17 17 18 17 19 19 19 21 15 18 18 20 19 19 23 18 19 19 15 21 20 21 19 19 19 17 
19 19 19 19 18 18 18 17 19 22 19 17 17 20 20 20 21 20 24 23 25 22 22 23 24 20 22 20 25 21 22 22 23 23 19 21 27 25 26 25 24 23 26 28 27 28 29 28 32 35 41 46 46 44 31 31 23 12 15 13 17 21 29 39 68 104 127 138 142 142 132 122 121 129 120 113 108 98 83 73 54 29 31 34 18 22 21 20 17 17 17 15 15 15 14 17 17 15 15 15 15 14 16 15 16 16 16 17 16 15 17 16 16 19 14 15 18 15 17 20 18 16 18 18 18 18 20 19 20 19 19 15 21 20 20 19 20 17 21 18 19 21 14 18 21 18 21 18 19 17 
20 20 20 21 18 17 20 19 18 20 20 19 18 19 20 21 21 21 22 21 20 19 24 20 21 19 24 18 23 25 23 22 24 25 19 28 25 23 24 24 21 22 26 27 29 29 29 28 28 31 34 43 49 45 34 27 17 13 16 16 21 21 29 47 80 112 129 132 132 135 130 130 124 137 121 110 107 104 93 81 82 49 37 45 46 31 22 21 18 18 18 16 16 15 15 16 16 16 15 15 15 15 15 15 15 15 15 15 15 16 17 17 16 16 16 18 14 19 18 18 18 18 18 18 17 16 15 15 17 18 18 19 19 16 18 19 22 20 19 20 19 17 17 18 22 14 24 21 19 19 
20 20 20 16 17 20 19 18 18 21 20 14 26 16 20 21 20 23 21 19 20 21 22 18 19 20 25 23 22 22 22 22 23 20 20 21 26 30 23 26 25 29 29 29 30 30 30 32 30 38 42 48 50 45 36 26 15 22 25 29 27 48 63 81 102 116 124 124 123 125 130 127 120 143 130 123 125 121 97 84 81 72 49 48 61 32 28 24 19 18 19 18 17 17 16 16 16 16 16 16 16 16 16 16 16 15 15 17 16 16 15 16 16 14 15 17 17 17 18 17 18 18 21 17 16 19 18 22 19 22 18 15 21 21 16 19 16 18 17 18 18 18 17 16 21 20 24 19 22 18 
20 20 20 20 20 19 18 18 18 19 21 20 20 20 21 18 16 19 21 21 21 22 20 21 25 23 27 20 27 23 21 20 22 23 23 32 29 25 23 24 26 26 22 28 30 30 30 32 32 34 42 50 53 51 48 39 49 36 39 47 74 92 100 112 116 111 114 115 117 112 119 127 118 128 118 121 113 110 101 103 79 78 77 58 64 40 34 27 19 19 19 19 18 18 17 17 17 17 17 17 17 16 16 16 16 14 16 18 16 16 16 19 18 14 16 17 18 19 18 19 19 17 19 22 15 18 17 19 19 20 19 19 17 25 21 18 18 21 18 17 19 19 17 19 20 23 22 20 17 23 
17 18 19 20 20 17 17 19 18 18 22 19 20 19 21 21 21 19 20 20 20 20 19 18 19 18 24 24 19 25 24 24 25 20 22 23 23 26 23 28 29 24 26 27 30 32 30 32 32 34 42 53 58 64 64 63 54 74 80 82 103 104 109 113 108 106 109 112 120 109 112 121 108 109 99 102 101 97 88 87 94 87 99 71 62 38 32 30 13 18 16 19 18 21 17 18 17 18 18 17 13 15 16 16 16 16 18 18 18 16 17 19 18 17 17 17 21 17 16 18 18 20 16 19 15 21 18 20 22 20 21 18 23 21 24 18 17 18 18 21 22 19 21 20 23 22 22 21 21 19 
16 16 18 19 18 18 19 19 19 19 20 17 26 16 19 20 20 20 18 16 23 18 24 22 27 25 22 18 24 19 21 20 22 28 22 19 24 26 29 21 28 29 27 27 29 30 30 33 31 31 42 55 61 63 65 63 77 92 102 108 103 105 98 92 94 93 97 104 107 101 106 110 112 113 99 87 98 110 104 90 92 97 94 83 61 30 33 42 34 26 18 14 15 24 18 18 18 17 18 16 16 17 16 17 16 14 14 16 17 18 17 15 14 16 17 20 14 20 21 19 17 18 17 16 22 17 19 21 17 23 18 22 21 21 21 20 19 19 19 21 22 18 23 21 21 22 23 22 21 22 
19 18 19 20 20 22 21 17 20 20 19 21 18 19 20 19 21 23 20 19 24 19 18 22 20 23 24 24 18 20 25 23 18 20 25 26 25 24 21 23 25 29 27 29 29 26 29 30 30 34 48 60 67 80 89 96 106 106 109 106 108 97 91 91 91 84 91 94 92 98 105 110 116 117 101 89 93 99 102 102 93 98 90 91 57 49 69 88 75 86 69 54 37 21 14 19 17 17 17 18 19 17 16 15 15 15 20 17 18 18 15 19 19 18 18 17 18 13 17 18 18 18 18 18 18 20 19 20 18 20 22 20 19 19 18 18 18 21 19 22 20 17 25 24 21 22 23 22 23 23 
22 20 20 20 19 19 18 17 17 19 21 19 29 15 19 17 26 20 22 19 17 16 20 23 20 19 18 19 25 27 22 24 24 22 23 24 25 27 29 24 30 22 25 26 27 28 29 29 42 59 69 72 89 107 111 114 116 116 114 111 102 86 85 79 73 77 91 95 91 96 107 115 114 109 100 94 96 95 104 112 103 90 94 96 71 74 85 77 80 85 75 63 44 39 18 16 17 18 18 17 17 14 16 20 19 20 13 19 17 17 17 17 17 18 19 22 22 19 18 17 19 18 19 21 19 17 19 20 20 24 20 15 19 18 19 19 19 20 21 21 20 20 22 22 21 21 21 21 20 19 
23 21 21 21 20 18 17 17 15 18 20 20 18 19 29 27 19 23 22 21 24 21 22 22 23 23 24 23 19 22 22 22 17 21 22 23 23 23 24 25 25 22 25 26 28 29 31 39 52 73 93 115 124 125 127 129 126 111 99 89 79 78 83 85 86 87 85 89 84 93 104 109 103 100 100 111 106 100 101 103 98 85 94 96 91 94 90 97 105 97 95 108 90 45 32 18 20 19 19 18 18 18 17 14 13 14 18 16 19 17 19 16 17 18 19 19 17 18 15 21 20 18 19 18 19 19 19 19 17 20 18 19 24 18 20 20 20 21 20 20 22 20 21 21 20 24 22 24 25 21 
23 22 20 18 17 19 22 21 21 21 21 21 19 19 14 19 18 18 18 20 22 20 22 22 26 18 18 18 23 22 22 21 20 21 23 23 23 23 24 23 24 24 26 28 29 32 41 52 62 90 114 126 131 127 121 124 119 95 79 76 80 89 94 85 82 80 78 73 75 78 76 75 74 78 79 98 92 86 84 84 85 83 79 91 102 100 108 119 117 112 97 115 112 90 56 31 21 20 19 19 18 18 17 16 16 16 18 20 21 22 22 20 18 18 19 18 17 20 17 19 20 17 18 17 17 18 20 21 17 20 18 23 23 20 21 21 21 24 20 18 21 21 21 19 21 23 21 21 23 20 
23 22 21 22 20 19 17 21 22 22 21 20 19 18 22 19 26 20 17 21 22 19 22 25 23 20 22 22 22 22 22 19 27 22 28 21 23 23 24 24 26 27 27 32 35 36 59 81 112 118 127 128 130 122 111 89 74 63 69 86 90 101 99 89 83 79 70 59 59 69 70 64 62 71 74 86 90 93 96 92 77 77 80 88 96 99 101 116 114 123 120 116 108 109 111 90 38 24 20 19 20 18 18 17 16 17 17 16 15 17 19 19 19 18 19 21 23 22 18 19 22 19 20 22 23 18 18 21 19 19 18 20 20 21 22 21 24 22 21 19 22 20 19 18 21 23 20 17 23 27 
23 22 22 22 17 22 19 17 20 19 19 19 20 21 21 21 22 21 20 20 20 23 21 19 21 21 21 21 21 19 23 25 22 24 30 22 23 23 24 25 28 29 29 28 35 54 88 116 120 121 123 122 115 96 75 64 69 83 96 105 110 108 104 97 87 75 55 37 34 40 46 50 54 61 67 80 92 95 98 92 90 71 73 77 86 91 99 103 107 110 111 111 110 117 124 122 97 54 25 20 20 19 19 18 17 17 18 18 18 18 18 19 19 19 19 19 19 17 21 16 17 18 19 22 16 21 21 20 20 20 18 19 22 23 21 18 23 19 22 22 23 19 24 24 17 22 21 24 24 20 
21 19 19 18 15 17 18 18 23 15 17 18 20 24 18 18 21 23 20 21 21 21 21 21 21 21 21 20 21 22 23 19 18 20 24 26 22 21 22 28 29 27 30 33 64 97 112 121 118 119 123 109 94 71 59 70 91 114 109 112 120 113 105 82 60 48 45 44 47 42 43 52 64 69 69 83 91 95 100 106 87 81 69 57 69 84 97 104 94 97 102 107 107 118 130 133 127 104 69 31 25 25 22 19 18 18 18 18 18 19 18 19 19 18 17 17 21 19 19 18 23 20 19 18 21 19 21 21 19 22 19 18 16 19 20 20 21 18 22 21 23 22 20 22 16 24 19 22 22 23 
19 16 16 17 17 17 16 14 19 16 14 22 24 21 18 15 19 19 20 18 22 18 20 20 21 17 21 31 20 26 22 15 26 24 23 24 27 22 28 34 31 35 49 89 109 115 113 115 116 114 116 95 71 70 79 103 121 125 111 116 130 120 87 63 56 53 43 27 29 38 47 52 59 63 48 58 73 83 78 83 105 107 80 60 61 84 105 104 103 82 93 100 93 108 115 125 131 130 123 71 30 21 23 25 24 21 20 18 13 14 18 16 20 19 16 19 19 17 23 23 18 20 20 20 21 19 19 18 18 18 17 19 21 20 21 19 22 25 22 23 22 23 21 20 22 23 21 23 22 19 
16 15 15 16 16 16 15 13 13 15 16 15 19 13 19 18 21 21 19 22 20 21 21 22 21 20 20 18 32 27 26 33 26 24 28 19 30 25 37 40 39 54 103 117 115 123 117 114 112 103 100 81 86 78 101 122 121 114 113 130 129 99 64 58 57 48 44 55 56 63 60 54 55 53 58 63 66 76 83 93 110 104 89 72 59 69 79 84 84 84 78 83 79 86 91 110 133 144 136 119 87 49 35 31 23 22 21 19 20 18 18 19 18 15 16 19 17 21 23 16 23 21 23 21 18 21 19 15 19 17 23 22 21 22 23 22 22 21 21 22 21 22 23 19 24 21 24 17 25 24 
14 13 14 12 12 11 12 12 16 16 14 15 17 19 19 23 20 22 25 27 27 24 27 26 26 25 30 35 36 32 39 40 31 34 31 31 35 40 44 47 62 99 111 117 115 130 121 107 104 100 92 98 90 106 110 114 104 97 112 120 105 75 56 57 48 45 49 70 78 77 67 57 61 60 71 85 95 91 85 81 98 87 73 59 39 47 61 71 81 73 60 60 60 68 90 98 114 134 138 129 121 87 36 20 22 22 21 19 20 19 19 16 17 17 19 22 18 21 23 20 16 19 16 20 24 19 20 21 19 18 20 20 21 22 21 19 19 21 21 21 21 23 22 21 21 21 22 23 23 22 
14 13 14 15 16 15 13 13 15 16 15 16 17 21 26 25 27 32 31 30 33 32 29 33 32 33 32 33 41 44 49 42 40 42 39 46 41 55 53 68 106 120 116 124 118 126 115 92 99 92 90 103 106 117 121 113 85 95 116 111 76 62 66 52 52 73 86 82 82 77 71 71 70 72 82 70 73 70 60 65 82 79 73 69 55 55 56 62 55 47 51 48 53 46 63 87 117 125 132 129 129 114 82 35 31 22 21 19 21 19 20 18 17 23 24 22 20 19 22 19 22 21 24 18 19 21 22 23 21 25 22 20 22 17 19 21 22 21 21 22 22 22 22 22 22 22 20 24 23 23 
15 13 14 15 16 15 13 13 14 15 15 16 19 24 28 29 30 32 33 32 34 35 33 33 34 33 39 33 42 49 45 45 47 47 48 51 53 55 74 109 120 118 120 119 125 117 92 96 85 87 82 121 116 118 110 93 95 114 111 83 80 80 63 68 75 92 89 73 84 95 87 78 68 67 58 53 66 69 73 83 86 97 118 125 119 118 100 89 69 56 61 56 53 62 63 59 82 104 135 135 137 137 136 84 38 24 22 20 20 21 20 19 22 23 24 23 20 17 22 23 22 21 26 22 25 24 22 21 22 24 23 20 20 21 22 18 21 26 22 22 22 22 22 22 22 24 18 20 27 23 
14 12 13 14 15 14 14 15 13 14 17 21 21 29 31 31 33 33 34 35 35 35 37 35 35 36 37 40 42 46 44 48 53 56 54 58 61 80 107 116 115 120 123 119 107 100 93 83 71 86 112 118 125 108 87 80 121 124 87 77 101 73 62 84 89 99 91 98 111 91 64 46 40 43 34 45 46 43 59 90 94 103 140 157 155 165 138 126 117 95 65 53 50 52 66 75 83 88 113 126 138 140 141 121 69 36 22 22 21 23 21 20 22 19 21 22 19 17 20 26 25 21 23 22 23 18 20 23 21 25 22 21 18 23 21 22 19 23 22 21 18 23 20 25 26 26 21 23 24 19 
12 11 12 14 15 17 16 15 17 20 18 22 22 27 32 38 36 36 35 35 35 36 36 36 37 40 33 46 44 44 45 48 53 56 59 62 78 111 115 104 116 122 121 119 108 98 85 72 81 109 122 129 114 84 75 109 129 107 76 95 100 65 84 98 97 100 103 100 86 59 39 32 31 28 33 44 47 53 69 98 108 121 128 137 136 142 135 128 116 106 82 48 56 56 69 72 90 98 103 102 128 142 138 138 109 60 39 29 25 26 22 19 20 20 19 25 22 24 19 22 20 20 21 23 22 20 23 21 20 20 21 21 21 20 26 16 20 20 22 20 23 21 20 21 21 22 23 21 21 22 
12 11 12 14 15 13 18 21 20 17 16 28 24 32 33 34 36 37 36 36 36 35 36 37 38 37 38 40 41 43 44 47 55 53 58 77 114 118 110 103 114 127 119 115 107 90 74 67 94 113 124 116 102 71 78 124 130 79 93 96 80 77 112 106 90 102 104 75 39 47 36 39 38 37 45 56 63 80 98 102 82 75 73 77 93 112 116 115 110 95 94 73 54 48 66 93 91 110 114 105 116 123 135 140 124 80 30 28 23 24 22 20 21 20 19 19 20 18 21 24 23 26 19 21 21 24 22 21 27 24 21 23 20 21 19 22 21 24 20 18 21 20 22 26 25 24 20 24 23 27 
13 12 11 14 16 13 20 13 18 14 20 25 27 30 34 36 37 38 37 37 36 38 36 35 38 39 42 41 41 41 42 44 50 60 72 102 118 111 105 118 128 130 121 115 100 75 72 82 113 133 144 109 81 78 105 138 113 85 118 97 93 125 107 99 99 92 66 52 39 57 57 50 59 72 84 93 97 93 92 83 66 60 60 72 93 110 118 127 135 135 129 100 81 45 55 82 86 109 123 122 111 114 133 135 131 105 49 23 21 23 22 21 22 25 28 24 25 25 22 23 19 27 20 23 24 23 22 24 23 20 27 21 19 19 20 20 21 20 20 18 28 18 23 20 17 21 26 25 25 25 
14 12 12 13 16 12 16 15 18 21 20 23 27 30 32 35 37 37 36 36 36 35 36 39 37 36 38 38 39 40 41 46 50 59 97 115 112 106 118 132 133 126 111 114 93 68 77 90 114 132 133 90 69 106 127 131 92 94 111 99 117 114 105 116 104 61 49 55 76 63 56 63 86 105 112 108 94 79 70 71 67 79 94 88 83 84 91 105 124 128 99 70 98 59 55 66 78 100 125 135 124 113 125 138 136 136 93 32 23 23 23 22 22 21 19 20 21 22 23 23 20 22 20 23 21 19 21 23 22 24 22 23 22 21 20 22 25 20 21 23 19 24 22 21 21 21 24 23 24 20 
15 13 13 15 11 17 16 16 17 21 20 27 28 29 30 33 36 35 34 34 35 38 30 38 36 37 36 37 38 40 40 38 43 65 103 108 108 114 127 133 126 105 110 112 87 75 86 105 127 140 115 85 84 111 155 120 95 116 103 115 123 115 115 102 77 70 81 78 62 69 86 102 106 106 111 112 80 66 81 84 81 70 70 52 54 67 88 100 105 109 97 68 81 73 53 56 71 77 113 146 149 135 115 112 125 143 114 61 27 24 24 23 23 24 21 20 21 21 19 20 21 25 22 20 22 23 27 32 24 21 23 22 23 22 23 20 26 22 22 22 18 21 24 16 17 20 23 19 22 25 
16 13 13 15 14 16 17 18 18 20 21 24 24 28 30 32 35 35 34 34 34 34 34 37 37 31 37 35 37 38 39 37 59 83 100 101 114 131 135 128 119 102 113 94 79 75 95 123 137 126 91 83 95 131 124 101 112 124 112 138 124 113 103 83 77 89 71 55 76 111 122 120 109 114 100 80 76 90 93 76 54 40 44 41 57 82 95 109 133 147 140 122 90 64 42 46 71 72 84 121 135 140 127 118 119 134 134 98 43 24 22 23 25 25 24 25 21 19 20 20 24 27 24 23 27 21 24 25 25 23 24 21 23 22 23 18 23 18 20 24 25 26 25 24 23 24 22 17 21 28 
17 13 14 12 17 13 20 16 18 15 17 17 19 27 30 31 34 34 34 33 34 33 32 36 31 35 40 35 37 37 39 42 84 96 101 115 125 137 132 123 105 110 101 82 71 88 110 128 142 107 80 83 117 135 118 94 124 115 133 127 117 103 97 93 99 84 55 96 118 123 121 122 103 96 80 88 96 80 48 37 40 45 66 82 88 93 96 103 110 112 112 115 93 63 52 60 86 80 77 103 137 166 156 138 137 139 154 124 80 39 33 31 29 26 25 23 20 20 23 23 23 24 25 22 26 21 27 20 19 21 25 20 22 21 23 21 23 27 20 22 27 20 25 20 24 22 23 22 24 25 
17 14 15 14 14 18 15 18 19 20 22 26 28 29 28 30 32 33 32 34 33 34 33 33 38 35 39 36 37 36 33 66 95 104 110 119 139 137 122 118 102 112 99 72 72 98 125 149 133 93 84 102 121 127 114 108 125 127 123 132 108 97 102 88 76 95 112 131 125 141 151 134 99 82 89 83 61 49 54 61 79 86 87 95 114 107 93 97 94 78 75 81 93 80 72 66 73 90 103 120 132 145 162 162 161 163 171 163 134 107 86 65 55 52 49 40 32 29 30 29 27 27 25 24 25 22 26 25 26 23 26 23 23 21 23 18 24 19 23 24 24 25 27 23 23 26 24 28 26 30 
18 15 16 16 16 16 16 16 22 19 21 23 27 27 29 30 32 32 33 33 34 34 35 37 38 37 35 37 37 34 52 105 94 103 108 110 132 125 121 107 110 117 101 72 84 111 143 149 111 80 87 105 123 124 109 122 122 124 118 112 114 118 112 95 100 120 131 125 147 143 133 106 91 83 89 70 64 96 108 96 92 93 134 117 101 93 86 83 83 84 92 99 98 76 75 77 93 102 105 116 122 136 159 168 155 164 159 156 148 119 121 126 124 113 101 91 90 83 76 77 56 37 31 28 29 18 19 22 27 26 25 25 24 24 23 27 24 24 20 26 23 29 24 22 19 24 22 25 25 23 
18 17 16 16 16 16 17 17 20 17 22 30 26 31 31 34 35 34 37 35 35 37 36 36 38 36 36 36 36 47 88 102 99 108 110 122 132 122 117 105 111 103 93 84 98 117 151 140 92 76 92 122 116 119 106 130 112 105 107 116 122 113 88 107 129 139 134 142 155 120 102 95 92 76 91 102 110 104 90 97 127 143 120 91 81 84 87 94 108 119 124 123 108 78 73 81 96 116 120 131 140 150 164 170 162 160 154 149 152 115 92 64 51 65 74 70 64 33 24 29 49 55 47 40 33 36 33 34 29 26 21 28 28 30 25 19 20 20 22 26 22 24 23 21 24 26 20 22 26 24 
19 13 16 16 17 18 20 22 23 21 28 30 32 32 34 37 38 41 38 36 41 36 38 39 44 37 37 37 39 77 97 99 113 118 120 124 125 119 107 112 111 104 88 98 104 132 147 127 84 77 100 129 119 105 99 120 92 93 105 117 112 97 106 135 151 140 153 164 133 105 102 101 93 106 117 111 98 88 114 147 148 117 95 87 85 89 99 113 129 141 149 152 145 105 78 58 60 68 79 94 113 131 148 157 170 159 152 143 156 143 98 46 52 35 39 56 54 63 44 29 22 21 29 38 39 39 21 28 28 28 21 28 29 25 22 25 24 23 23 23 22 24 22 24 27 28 24 26 22 23 
22 17 15 17 17 19 21 24 25 24 27 27 35 30 34 40 39 46 42 40 35 38 37 36 37 35 36 40 49 99 96 108 121 116 125 125 124 111 97 117 109 95 85 103 131 141 141 93 68 72 113 125 118 110 120 113 69 86 106 107 98 110 158 162 156 164 163 149 121 100 103 110 113 120 108 106 108 133 169 138 101 85 87 96 103 104 110 130 143 151 153 164 159 126 93 83 62 51 56 74 93 113 133 149 171 165 162 145 148 157 128 101 65 51 32 30 40 45 51 33 41 35 30 23 25 33 44 30 27 27 27 24 25 24 23 21 19 26 24 19 20 19 26 20 30 26 29 27 26 19 
22 17 15 16 17 17 18 20 21 23 26 29 33 30 34 40 40 37 38 39 40 39 34 34 33 35 34 43 82 101 95 113 121 120 123 124 121 98 99 110 99 84 77 107 132 145 124 77 73 92 130 130 117 114 120 105 65 91 107 90 100 142 167 165 166 165 148 120 117 123 121 126 122 112 109 118 157 163 135 98 88 96 101 110 119 122 133 133 140 150 152 167 162 153 126 116 74 51 48 64 66 85 114 144 165 179 180 181 158 143 135 115 83 84 81 51 43 44 43 53 28 27 28 27 23 19 28 31 41 33 26 28 25 23 21 25 27 26 24 21 21 20 25 20 26 20 27 25 24 22 
20 17 15 16 16 17 18 19 23 24 23 29 31 30 28 28 30 30 28 35 32 33 32 32 32 34 30 49 100 107 110 128 118 122 118 121 114 96 114 107 91 76 84 109 136 143 107 68 81 115 141 131 129 123 122 92 62 90 98 92 120 153 159 165 166 153 125 116 122 131 137 138 118 110 138 159 163 119 90 78 97 108 105 118 124 132 128 139 142 150 153 169 170 152 133 120 112 76 50 41 46 72 98 120 150 169 177 183 187 171 145 117 63 55 61 78 47 43 34 48 60 28 26 22 21 22 25 25 27 33 26 24 27 27 26 23 24 23 23 24 24 24 25 21 25 20 20 22 24 23 
18 17 14 15 15 15 15 14 15 17 19 19 23 25 22 24 19 29 23 28 31 31 31 31 29 31 33 71 97 97 115 131 123 125 123 119 105 108 122 101 84 69 102 120 143 132 89 76 90 126 136 126 124 128 137 83 51 77 89 127 137 138 161 164 142 130 120 138 147 148 133 105 108 141 178 152 111 93 97 110 116 124 117 132 134 135 141 145 145 145 146 169 171 149 140 134 117 98 69 45 38 44 70 102 142 162 170 177 183 191 175 146 119 48 33 37 40 51 58 53 54 54 36 23 26 26 26 24 22 26 30 29 28 31 28 26 23 24 23 24 25 23 25 23 25 25 27 25 23 24 
19 17 13 14 15 12 11 13 15 16 16 18 19 22 22 20 17 22 20 23 26 26 26 26 26 30 49 93 97 99 117 132 123 127 127 114 97 109 117 104 77 74 113 130 143 112 80 81 94 133 133 121 116 128 126 66 41 80 119 128 138 148 153 139 130 120 129 142 137 137 107 102 147 165 135 94 96 105 106 124 124 128 126 134 135 136 150 141 145 151 146 159 167 149 139 150 126 101 91 65 45 38 42 62 109 149 175 177 176 185 191 168 130 114 49 34 35 34 41 51 43 53 84 62 41 42 32 30 23 24 29 31 28 30 29 26 24 25 24 23 28 23 25 25 24 24 15 29 28 26 
12 14 13 14 15 15 16 16 15 14 18 20 17 16 19 20 16 17 20 21 22 22 22 23 24 29 66 103 98 105 119 128 131 124 120 112 97 115 112 105 78 80 105 131 136 107 83 87 111 140 132 121 116 125 119 58 42 99 126 131 132 129 127 123 122 131 134 138 129 106 112 147 165 132 98 95 117 124 127 129 130 133 135 136 135 138 149 144 145 143 147 152 150 153 139 144 130 101 97 80 59 43 43 47 70 116 165 171 174 174 183 193 164 117 98 66 35 32 29 31 33 35 46 60 65 73 74 59 66 53 53 46 39 38 37 34 31 31 32 37 27 29 28 26 25 30 29 22 22 23 
22 17 14 14 14 13 12 14 15 16 17 16 15 16 16 16 16 15 20 20 22 23 23 25 24 34 90 97 98 113 128 134 133 123 118 108 103 116 109 93 84 94 103 132 124 90 83 98 121 139 129 122 107 132 107 39 55 109 125 137 124 108 112 121 122 129 136 129 108 115 160 172 133 98 105 120 129 132 129 128 135 141 137 135 136 136 146 143 145 145 148 152 162 155 150 143 139 114 98 85 66 47 43 48 49 73 124 163 177 168 169 193 189 137 90 95 65 50 56 51 50 53 62 67 75 73 67 72 67 71 71 75 74 60 45 46 46 43 42 46 42 36 35 31 32 39 42 41 35 30 
20 16 14 14 13 14 14 14 15 15 17 19 18 17 17 18 17 14 20 18 23 24 26 25 30 54 101 95 99 118 129 133 129 120 118 119 111 110 106 94 92 94 120 129 121 88 91 109 131 145 123 125 112 141 102 41 62 103 119 120 116 122 119 112 120 136 139 111 115 159 162 112 90 100 120 129 124 125 128 131 135 133 140 143 137 135 138 144 144 146 149 147 162 152 151 146 136 122 102 91 80 59 50 50 47 69 92 132 169 177 163 175 186 171 118 69 83 69 62 58 54 47 48 58 60 64 85 70 80 87 78 73 72 73 58 54 55 53 51 48 48 50 34 43 35 42 46 43 34 28 
16 18 15 14 14 13 14 16 16 17 18 18 20 19 17 18 17 15 19 17 23 27 28 26 37 73 102 92 101 116 126 132 121 119 118 110 113 117 101 89 100 105 127 134 116 92 96 113 122 130 122 113 103 141 101 44 63 100 113 109 112 113 106 114 120 120 98 102 155 154 109 96 118 117 122 129 132 131 133 137 136 141 147 139 143 143 140 146 149 152 153 151 156 158 143 143 135 125 110 98 87 71 56 55 50 70 80 104 145 176 169 152 173 187 147 90 62 79 69 69 55 49 51 62 63 72 73 91 86 82 92 91 78 74 71 62 57 55 60 53 51 42 43 44 52 51 48 53 46 40 
16 18 15 15 14 16 14 13 16 18 19 18 22 22 18 18 17 17 18 17 24 29 30 30 43 90 97 95 104 123 130 126 129 116 117 110 114 115 98 85 108 109 130 124 101 99 92 120 126 124 122 113 106 142 99 47 64 98 107 104 108 110 114 116 111 102 118 141 145 117 106 115 131 130 132 135 138 139 145 150 153 151 149 152 148 146 152 151 158 161 161 160 157 152 151 144 137 130 119 108 90 80 58 53 54 60 81 93 110 155 178 159 158 184 171 120 75 70 96 74 58 69 63 70 67 71 75 84 93 91 84 80 87 77 68 59 58 62 55 50 48 48 42 55 54 56 58 56 53 43 
16 17 15 15 14 13 14 16 15 16 17 17 22 23 20 19 18 19 16 21 24 30 32 30 61 108 99 101 102 131 144 138 112 125 114 110 114 114 98 85 115 114 135 118 96 94 94 120 126 124 127 112 109 138 92 48 65 85 101 100 108 108 116 100 99 123 149 128 95 102 117 132 141 139 146 144 145 145 146 145 145 148 148 140 152 145 158 159 154 164 159 158 160 158 163 149 137 133 125 111 92 85 70 54 56 55 76 94 104 136 177 168 153 176 187 156 95 74 79 107 70 63 61 68 69 72 80 76 89 101 91 82 80 75 67 64 65 51 48 49 45 53 48 56 56 54 63 53 58 44 
17 15 15 14 14 14 14 15 17 20 23 23 22 21 20 19 19 19 19 21 24 29 33 40 93 109 100 99 108 132 143 127 124 118 107 116 113 110 101 96 114 119 122 121 94 87 98 120 126 119 123 100 111 138 83 59 55 89 91 100 108 114 101 101 145 164 134 103 119 131 133 141 147 148 148 153 149 152 152 159 148 155 149 140 150 148 155 158 159 163 163 154 158 165 168 150 155 135 131 116 95 91 64 62 57 54 64 95 101 127 157 170 149 157 174 175 127 73 70 99 113 70 63 66 70 76 77 78 85 99 103 88 71 67 64 57 57 58 59 55 63 54 57 59 61 62 63 59 48 44 
17 15 15 15 15 14 14 15 15 15 18 22 23 22 21 19 17 16 22 19 22 29 30 52 108 109 103 100 121 132 141 120 121 130 108 121 110 101 96 95 108 128 130 107 100 96 108 120 128 120 116 104 118 122 78 50 60 66 94 102 104 95 109 141 159 136 112 123 142 144 147 154 157 153 144 149 152 151 156 147 147 152 148 149 150 149 152 153 162 164 169 169 168 172 164 152 138 143 134 123 98 91 78 56 56 57 51 90 105 112 132 175 155 149 160 159 172 107 70 74 111 96 67 64 70 75 80 78 85 85 89 93 84 72 57 54 45 50 47 50 45 57 63 67 72 68 66 60 48 40 
17 15 15 15 15 15 15 15 15 15 20 25 24 22 22 22 21 20 20 21 22 30 33 73 112 109 108 103 129 140 135 132 126 119 113 114 97 94 92 111 120 124 134 112 111 107 108 100 119 117 111 98 125 119 69 45 54 65 87 90 93 113 151 173 143 116 134 147 148 152 152 147 146 154 160 155 149 149 149 150 152 149 145 144 153 148 154 155 169 178 175 175 172 184 178 166 154 147 138 128 109 94 85 60 56 55 47 60 93 105 126 165 168 143 155 149 158 148 91 64 76 116 90 60 72 78 71 85 85 87 89 87 93 79 61 49 47 49 46 44 50 62 67 64 73 65 69 62 52 42 
18 16 16 16 16 16 16 16 16 15 20 24 28 28 23 22 25 25 24 20 26 27 48 90 111 109 110 116 126 149 129 124 121 118 113 114 109 94 90 114 116 122 131 112 118 109 110 112 126 120 121 99 126 127 66 51 57 71 84 85 111 149 156 144 133 138 151 152 156 159 156 156 158 152 156 153 151 153 147 157 154 143 145 152 164 154 154 161 162 165 170 172 176 181 177 172 171 148 134 130 116 101 97 69 57 51 50 41 73 100 129 153 176 155 141 166 165 147 121 66 65 82 110 87 69 76 83 81 84 86 87 84 75 72 66 55 40 45 47 46 53 58 66 67 81 79 74 69 56 45 
23 17 17 17 16 16 17 17 16 19 26 21 25 29 31 29 29 30 27 30 30 50 50 102 114 110 113 118 126 145 127 121 120 120 115 115 108 106 82 120 123 127 128 107 117 106 100 114 127 125 127 95 144 107 58 49 54 59 75 117 155 144 134 142 152 159 157 171 172 170 165 163 167 153 158 159 159 158 156 155 157 143 149 158 150 157 161 155 162 165 168 176 177 176 181 184 181 166 145 139 122 100 85 69 59 46 55 40 56 84 118 138 181 168 141 157 151 143 129 89 65 68 72 99 84 73 82 84 85 87 84 79 69 65 62 45 44 29 49 48 52 63 63 67 69 72 69 69 56 43 
29 18 18 17 17 15 17 19 19 23 33 36 38 38 45 40 39 29 27 24 32 39 66 106 113 107 111 116 133 146 129 127 128 130 118 120 116 99 102 128 127 125 122 115 122 102 99 114 124 129 125 94 138 100 54 53 48 59 114 132 136 134 144 158 167 165 170 170 162 163 163 165 162 148 155 157 153 153 154 148 155 151 150 151 155 156 157 157 160 166 167 173 175 179 187 193 188 174 149 136 139 105 93 75 62 47 47 41 44 69 106 124 169 182 154 152 160 152 118 115 72 62 69 87 107 68 79 84 85 87 86 76 66 56 48 42 38 40 50 49 56 63 60 66 67 66 62 62 55 47 
29 19 20 22 24 27 22 23 28 33 47 45 56 64 47 48 50 33 28 26 35 46 69 116 112 108 118 120 134 145 128 126 128 127 125 111 117 92 93 119 133 125 116 113 129 99 105 114 121 127 122 105 136 89 49 53 63 82 125 127 135 149 156 165 170 172 169 165 158 170 160 156 160 166 164 161 152 152 152 156 152 151 153 152 150 151 160 152 157 161 173 170 172 181 191 190 190 185 159 153 157 119 100 82 67 50 38 43 41 61 95 110 147 186 165 141 154 155 131 107 98 62 63 63 92 94 84 84 85 84 81 78 60 57 42 31 43 47 41 60 62 62 62 69 63 56 56 54 53 53 
29 22 18 19 19 25 36 44 43 48 60 60 63 63 64 54 51 34 28 30 32 51 79 117 112 116 123 122 130 135 128 126 120 118 114 106 106 93 113 126 119 124 116 115 126 88 106 115 124 125 120 102 133 81 38 60 85 97 114 132 151 160 163 169 170 165 166 167 157 162 158 160 160 160 150 154 159 151 158 159 153 153 156 151 155 149 158 154 163 167 158 166 172 171 180 191 193 193 173 149 145 134 111 90 75 56 41 43 42 49 83 108 132 174 172 145 153 154 147 105 116 81 58 65 76 96 91 89 87 83 79 73 70 56 44 30 31 37 51 58 61 61 65 63 57 59 53 57 52 51 
46 25 25 27 29 31 39 44 50 55 61 72 71 75 69 62 54 32 28 32 37 52 91 124 125 122 121 121 132 136 128 124 125 111 107 109 107 89 118 118 125 129 118 116 116 80 90 124 117 127 118 102 131 74 50 73 84 101 134 141 151 167 169 163 169 166 164 160 157 157 155 157 152 148 154 151 155 157 153 152 153 153 155 151 159 150 155 151 161 150 166 155 166 169 174 186 196 202 188 170 151 139 114 94 81 61 44 45 43 45 77 108 130 166 179 151 147 154 139 126 102 102 62 66 71 88 92 90 88 89 90 80 69 59 42 27 25 26 44 61 67 68 68 67 58 55 50 53 48 44 
41 31 27 34 35 38 51 57 57 61 71 77 75 81 81 73 55 35 26 25 42 59 105 122 112 111 121 128 130 125 128 124 126 120 103 112 101 93 116 119 122 122 107 112 111 78 100 121 127 120 117 105 130 77 67 77 86 116 146 158 161 167 167 166 166 169 164 159 157 155 155 154 143 140 155 149 155 152 150 151 155 151 149 152 154 155 157 144 149 149 149 156 160 162 166 177 190 199 197 188 163 149 121 102 89 65 44 43 43 39 58 94 129 152 182 162 143 143 145 134 89 105 80 73 73 83 90 91 86 94 91 80 74 57 45 28 24 22 34 53 75 76 75 68 60 49 49 57 58 44 
43 41 39 38 36 37 49 53 62 76 76 70 83 77 86 74 57 37 28 31 50 77 120 117 112 116 119 126 131 128 127 128 116 107 106 114 104 95 114 133 116 107 118 121 104 69 88 116 121 121 110 112 129 75 67 89 107 127 150 150 149 144 130 119 115 125 136 136 137 137 136 132 131 136 140 141 146 149 143 145 151 150 160 154 148 143 140 140 148 145 142 135 127 124 121 119 124 138 158 181 171 167 140 111 95 69 45 40 41 37 54 89 123 148 181 177 142 147 142 132 112 96 107 79 70 76 82 85 89 90 85 75 78 57 40 31 23 22 32 43 70 76 77 77 68 59 52 48 47 49 
41 38 31 41 38 45 46 59 62 72 80 79 77 83 84 71 63 38 32 33 49 85 122 117 110 114 124 132 135 128 124 136 120 110 107 108 102 103 112 129 115 121 120 118 92 75 100 115 119 117 104 117 131 70 69 103 108 123 147 124 99 88 81 77 79 69 69 70 73 69 65 71 90 109 124 133 141 140 150 152 157 150 143 151 144 137 134 134 125 110 98 78 68 70 63 61 69 88 93 101 126 143 148 127 100 79 51 40 41 37 47 90 123 143 167 183 146 143 143 133 118 95 116 84 65 70 78 80 91 92 81 77 72 49 39 24 22 21 34 48 66 75 72 76 77 65 55 60 47 31 
44 39 36 48 46 50 61 65 66 77 78 79 85 95 83 70 65 41 32 40 59 97 123 112 108 113 126 137 142 124 121 127 123 114 105 105 98 106 117 121 111 122 118 114 86 75 102 111 119 125 106 115 124 76 78 106 107 114 102 87 102 117 120 124 107 100 73 62 55 59 63 61 61 79 108 125 138 138 143 149 141 136 142 150 141 128 128 111 94 74 58 51 51 55 59 73 94 104 121 137 121 108 114 122 104 83 54 35 41 40 49 86 110 145 162 184 150 142 142 135 115 90 100 107 66 76 77 90 85 86 78 79 69 58 26 26 21 22 35 53 70 77 78 79 81 64 68 58 46 31 
56 53 43 49 54 51 56 63 75 79 76 78 88 89 87 77 68 43 31 37 58 102 117 108 109 114 124 126 126 125 109 115 115 108 107 103 102 100 112 121 108 117 123 118 83 70 105 106 111 119 106 124 119 83 86 85 79 91 89 114 143 154 151 144 144 132 126 109 101 96 90 80 70 79 103 120 133 131 133 144 144 144 144 142 139 126 108 102 88 75 63 69 81 78 91 113 128 136 143 155 169 155 120 107 94 87 54 32 34 39 47 74 110 137 159 182 158 143 142 136 117 86 83 110 87 73 78 83 86 86 78 73 71 50 31 23 21 21 36 57 72 81 93 89 83 79 65 61 49 25 
66 57 48 58 57 58 70 65 79 75 92 78 91 84 88 83 65 39 37 41 73 109 110 110 112 117 123 127 122 114 127 118 113 109 106 105 93 104 114 117 112 111 125 119 96 70 101 106 112 115 111 119 115 90 80 67 80 105 131 155 154 156 152 136 127 126 118 105 102 98 93 89 94 97 106 123 129 139 146 145 141 142 140 146 137 121 107 93 84 81 87 86 88 92 105 116 118 123 137 158 166 165 158 117 94 82 60 35 28 36 46 71 107 128 145 179 168 139 143 139 129 78 74 95 96 68 64 73 81 79 78 69 62 41 31 22 22 26 48 61 81 94 94 94 87 79 73 59 45 23 
69 69 56 61 59 69 66 74 74 84 78 91 88 85 87 77 66 48 46 54 94 111 110 109 113 125 120 125 128 118 116 118 113 102 101 103 99 108 109 130 114 116 122 107 90 69 90 105 112 106 106 119 104 61 57 73 113 132 145 147 149 142 129 116 107 101 91 79 76 74 76 83 90 105 108 126 124 143 145 151 150 148 149 145 137 120 106 96 84 80 87 83 83 80 79 78 85 84 108 130 154 173 162 150 116 73 70 32 32 38 43 72 107 133 139 163 168 135 138 138 134 84 63 78 110 73 65 63 76 74 72 67 56 43 30 23 22 32 53 72 87 99 93 99 94 85 74 59 42 23 
71 73 69 68 65 72 65 65 73 79 72 84 82 79 84 74 66 57 59 70 105 113 109 108 115 126 117 132 133 125 113 126 111 106 104 96 92 106 112 118 113 120 118 105 80 72 85 101 111 113 115 133 100 61 77 106 121 139 147 142 125 109 90 74 58 50 42 31 30 32 40 63 87 101 111 124 137 144 153 152 150 149 149 147 137 121 103 90 84 80 69 61 52 43 42 43 32 48 71 94 119 151 158 158 137 89 71 39 26 38 47 66 99 126 145 163 170 139 136 134 132 92 61 63 102 96 63 64 61 72 66 55 51 35 25 22 23 33 53 72 92 98 99 96 93 84 66 53 31 21 
72 82 70 75 81 80 72 70 77 66 78 73 73 76 77 74 70 66 72 86 110 111 111 103 114 121 121 132 117 115 124 122 109 107 104 104 90 104 110 112 111 119 102 96 68 71 80 107 112 114 109 133 97 72 99 105 124 127 126 104 81 57 45 34 19 24 22 25 24 22 25 35 73 98 111 129 140 150 149 151 153 152 150 147 138 119 97 87 78 71 55 58 40 34 30 24 26 19 28 42 71 103 137 153 146 105 67 47 25 33 54 57 97 120 144 157 170 135 126 133 135 96 61 53 75 119 76 62 70 58 62 51 44 33 21 22 28 38 54 79 89 95 96 96 88 72 58 43 24 21 
73 80 69 82 69 74 77 70 72 75 81 73 73 73 72 67 61 63 75 94 115 104 111 99 115 118 123 124 109 105 117 118 112 105 108 96 97 107 109 112 109 112 100 103 69 68 73 105 104 117 111 127 94 82 101 101 103 104 90 67 39 24 24 35 63 33 24 34 31 31 29 31 53 90 107 120 141 147 151 153 156 154 159 158 135 115 101 87 72 55 50 55 60 46 31 32 26 26 26 24 35 69 101 138 144 111 85 45 24 35 53 55 102 124 146 155 179 149 123 137 138 113 70 43 62 97 104 70 68 63 63 49 45 37 22 30 31 47 64 85 98 95 101 89 87 65 51 35 22 21 
71 75 74 69 76 76 84 79 72 66 78 74 74 75 69 71 68 70 78 101 112 105 107 104 112 118 132 126 121 112 121 113 112 105 99 95 85 100 107 105 108 116 103 104 67 61 69 100 110 115 118 128 91 90 95 89 84 72 47 31 24 31 83 144 148 110 129 77 41 41 43 43 50 89 104 120 127 140 153 153 159 162 173 181 160 127 103 88 74 56 91 151 157 117 88 33 34 33 26 25 29 38 82 118 141 122 83 45 23 36 53 54 95 122 133 156 176 163 127 139 139 116 82 68 55 72 115 91 76 60 68 64 50 40 37 40 41 52 72 83 98 100 101 87 78 62 42 29 24 23 
61 69 68 70 79 72 70 76 84 68 72 76 79 80 79 74 75 70 80 104 111 108 107 108 110 109 128 120 116 113 123 108 111 108 108 90 92 100 98 97 102 106 94 98 67 56 69 93 109 113 116 117 97 84 89 86 76 54 23 24 29 52 108 149 129 70 60 51 38 54 51 50 54 98 120 132 129 140 156 167 168 166 180 196 177 129 106 84 70 87 105 152 191 119 90 47 39 41 36 29 25 29 62 110 125 124 90 56 29 34 52 55 89 122 149 160 163 168 124 136 141 126 87 76 72 76 73 118 92 75 73 69 63 55 43 52 55 70 89 87 91 99 96 89 76 65 48 36 36 33 
51 60 57 54 55 56 57 58 59 60 64 58 56 52 58 55 59 56 78 107 110 110 105 100 110 111 135 121 109 110 117 103 110 105 105 80 83 96 110 94 98 104 87 95 69 61 73 96 108 109 108 108 100 81 83 89 72 50 40 51 64 70 92 85 97 76 69 75 56 63 59 63 63 102 130 139 134 140 162 172 176 176 179 193 182 139 104 85 69 102 97 114 128 86 55 49 59 47 45 40 32 30 52 95 113 122 103 69 37 28 51 63 89 118 139 157 161 171 126 136 144 130 92 82 87 79 83 80 124 94 74 66 77 61 64 62 60 70 75 81 85 92 94 86 67 62 51 44 55 57 
33 33 34 36 37 39 40 40 41 41 41 41 41 39 38 41 45 42 71 107 108 108 102 98 103 110 131 116 104 108 114 100 109 98 101 81 83 86 103 83 109 111 86 88 64 55 67 95 104 104 107 108 96 85 92 91 90 83 91 109 126 122 131 114 110 114 110 105 92 93 88 90 90 112 134 136 137 142 166 178 177 175 179 195 192 164 123 107 86 98 102 103 112 97 87 78 85 94 93 98 82 67 78 105 124 127 108 75 48 28 50 64 82 116 142 151 164 171 128 135 147 134 98 86 93 75 78 88 108 119 81 91 86 73 73 70 76 68 74 82 90 87 85 85 70 73 60 57 64 65 
22 24 22 23 22 25 26 26 26 25 24 24 25 25 25 26 28 29 74 110 107 104 96 98 103 112 126 113 107 112 110 102 108 100 100 80 84 93 104 88 98 99 85 74 50 46 60 91 101 102 105 107 94 88 104 101 111 108 128 138 140 142 145 142 128 126 121 122 103 101 97 98 108 128 136 136 129 147 165 173 177 176 181 192 191 182 147 123 107 115 109 110 119 117 114 107 115 133 134 134 134 128 112 117 131 125 108 81 58 34 48 57 78 113 146 151 163 172 134 131 148 141 102 91 88 82 75 85 92 101 114 83 75 84 76 84 73 82 81 73 74 78 80 86 69 78 78 76 81 79 
17 16 18 19 14 18 17 17 17 17 17 17 17 17 18 18 18 27 84 115 111 103 96 93 96 113 132 115 109 109 111 96 102 100 100 87 84 92 104 87 96 99 84 70 42 49 62 87 101 103 102 103 98 93 109 118 132 127 138 139 139 140 134 135 131 123 113 111 106 96 94 105 127 138 138 136 132 158 169 172 177 179 190 197 196 191 160 145 134 103 105 104 107 111 112 113 118 131 144 146 148 153 160 157 135 137 117 91 67 38 47 54 82 112 142 159 160 167 153 122 148 148 101 73 77 81 72 87 79 98 96 104 94 81 79 79 77 85 79 76 84 84 67 74 88 79 68 97 93 80 
15 17 17 17 15 15 14 14 14 14 14 14 15 14 14 15 15 27 91 116 110 109 103 106 101 119 122 111 112 98 109 105 101 98 102 89 86 94 103 86 95 89 80 65 39 49 65 83 98 106 106 99 98 104 124 133 140 141 144 144 140 135 142 136 132 125 121 110 111 115 121 128 142 140 141 141 149 161 170 175 178 176 190 196 195 192 175 165 158 128 124 114 107 113 108 105 116 114 125 145 156 149 156 165 175 150 130 100 68 38 46 52 80 122 141 144 157 173 146 131 147 144 98 69 61 65 65 74 61 80 68 83 88 66 72 64 70 77 69 65 68 69 70 78 71 76 77 75 79 69 
16 14 16 16 15 15 15 15 15 15 15 15 15 15 16 15 15 32 99 104 103 111 95 108 112 116 134 112 107 100 100 106 103 99 95 85 82 93 90 80 96 74 69 65 36 51 68 81 96 101 102 100 95 115 122 131 140 149 148 149 148 145 138 137 129 134 136 139 132 136 144 145 147 146 144 144 152 160 163 176 174 181 187 192 198 192 187 179 161 150 136 133 128 117 114 117 118 137 148 142 168 163 165 172 179 169 141 106 79 50 46 47 72 116 141 140 155 171 164 132 147 147 92 55 56 40 41 45 38 53 57 63 73 67 55 50 52 54 58 51 45 46 55 59 57 56 56 56 63 66 
16 17 16 16 15 15 15 15 15 15 15 15 15 15 15 15 15 43 105 113 105 113 101 111 102 121 123 112 104 106 98 102 102 101 90 76 84 82 84 79 96 83 65 52 40 48 73 83 91 100 98 95 99 123 119 133 145 146 152 153 155 148 138 135 143 136 137 138 148 147 141 146 149 149 149 149 152 158 162 175 175 178 185 196 198 198 190 188 169 147 150 148 143 153 151 143 151 144 151 164 180 179 179 182 176 178 154 115 77 45 49 45 66 110 134 143 154 170 168 136 152 154 80 42 36 36 31 30 25 31 34 29 29 44 38 28 30 29 29 31 33 31 30 34 35 34 34 36 31 31 
17 16 16 16 15 15 15 15 15 15 15 15 15 15 15 15 14 55 111 106 95 102 102 97 92 132 123 110 106 104 102 101 89 93 91 82 76 93 86 80 94 77 68 52 31 43 70 89 86 104 101 94 102 121 125 138 158 152 154 154 151 151 142 141 149 151 151 145 146 147 148 148 149 151 154 155 155 157 162 171 176 175 179 192 198 201 189 198 188 170 149 148 152 167 172 171 168 165 172 170 177 190 185 191 182 176 166 122 87 52 56 45 67 108 134 140 153 171 167 135 148 155 86 37 27 26 22 18 17 15 19 24 17 23 25 16 19 20 20 20 20 19 17 16 16 16 17 17 18 19 
17 17 17 16 16 16 16 15 16 17 16 16 16 16 16 16 14 73 116 108 108 98 88 105 100 134 119 103 111 104 103 108 90 92 89 82 82 91 84 80 94 72 64 54 39 49 62 88 86 104 95 89 101 117 132 148 162 157 155 158 154 149 151 157 143 147 144 144 143 144 153 149 152 155 160 156 158 156 163 171 170 175 178 188 199 203 194 197 194 182 167 153 152 159 155 165 166 172 173 179 178 184 187 186 184 182 172 131 95 65 44 49 60 100 135 139 155 169 168 136 135 156 87 44 22 21 20 18 17 14 14 13 13 16 20 18 14 15 15 15 15 15 15 15 15 15 15 15 15 16 
17 17 17 17 16 17 17 19 17 15 17 17 17 17 17 14 21 108 113 107 106 96 96 105 101 132 116 101 100 100 103 105 92 89 88 82 72 88 81 84 88 66 61 49 36 46 62 83 88 97 99 93 99 110 135 160 157 159 160 161 161 158 155 144 147 145 148 142 141 139 153 147 154 158 164 169 162 167 165 166 177 170 178 187 198 205 204 195 192 183 177 166 151 151 155 162 162 160 171 174 179 187 192 190 188 181 175 139 95 62 49 42 54 91 131 141 142 158 171 141 140 161 96 41 25 22 20 18 18 17 16 15 15 15 18 18 17 16 15 15 15 16 16 15 15 15 15 15 15 15 
17 17 17 16 16 16 16 15 16 17 17 17 17 17 17 16 38 116 109 104 102 99 100 109 103 130 122 110 104 111 106 101 92 96 84 79 63 88 85 83 81 64 63 43 33 45 58 84 88 91 97 92 100 111 145 146 159 164 171 164 164 162 153 148 155 140 144 148 143 142 156 147 153 159 166 163 163 159 166 172 167 171 176 184 190 204 207 199 197 191 182 168 152 147 153 146 155 156 166 175 185 192 195 194 190 184 174 147 95 60 49 43 55 96 130 141 155 158 167 144 143 144 108 52 20 21 20 19 18 17 16 16 16 16 17 18 17 16 16 16 16 16 16 16 16 16 15 15 18 14 
16 16 16 16 16 16 15 15 15 16 16 17 17 17 17 17 52 119 118 108 98 97 93 109 109 127 119 106 94 103 102 95 81 92 81 81 67 87 88 88 81 58 64 46 37 50 55 84 88 89 91 93 97 110 141 154 160 168 169 166 164 164 158 153 148 142 143 144 146 144 152 149 157 153 157 161 163 162 166 172 175 171 174 181 188 198 208 204 193 174 161 151 153 154 154 152 155 161 167 166 170 187 198 197 192 181 175 155 111 65 50 46 56 93 128 139 149 153 163 150 139 149 112 66 33 26 20 19 19 18 17 17 16 18 17 18 18 17 17 17 16 17 16 16 17 17 16 18 13 18 
17 14 17 15 16 15 14 14 15 16 16 17 17 17 17 17 80 114 111 102 100 92 93 106 112 130 122 102 102 100 96 95 93 91 82 74 66 85 86 79 83 63 65 44 36 51 52 79 88 84 88 86 99 121 150 159 162 168 165 168 165 163 155 153 148 143 149 143 148 144 138 133 137 152 163 166 163 164 160 175 178 174 172 174 183 195 207 209 193 151 134 136 144 149 158 160 155 162 165 166 178 185 200 200 197 185 174 156 116 71 50 42 51 87 126 133 142 156 158 155 141 143 103 57 42 21 20 19 19 17 16 17 16 22 22 23 23 22 19 20 19 16 17 17 16 17 17 15 18 18 
17 12 17 14 16 16 16 15 15 16 16 17 17 17 17 28 85 117 114 98 95 95 90 103 107 127 117 106 103 103 98 94 83 94 77 76 69 81 78 78 85 70 61 45 29 42 59 73 85 90 92 75 90 117 148 159 163 166 168 172 165 154 151 154 148 143 133 139 135 133 124 121 133 158 160 165 161 166 157 172 173 163 162 171 171 176 190 195 201 151 113 121 127 130 146 132 142 157 162 166 175 181 200 202 199 193 174 162 115 77 49 40 51 86 112 136 143 158 154 167 136 143 105 57 45 26 20 19 19 17 15 17 15 30 32 33 34 35 32 31 28 18 16 17 17 17 17 18 17 15 
17 14 17 14 17 19 17 17 16 16 17 17 18 18 18 33 105 116 111 96 91 87 99 99 106 132 115 109 110 104 96 87 86 81 88 71 70 87 73 78 80 60 59 46 35 51 54 76 84 91 92 85 93 120 143 157 161 168 166 165 168 161 155 152 145 140 144 134 126 116 109 109 129 162 167 171 162 161 152 153 157 160 153 152 160 154 168 175 201 184 122 120 121 119 134 141 146 149 156 164 168 183 196 200 196 195 185 165 129 79 46 40 53 86 119 128 146 155 150 169 133 142 103 72 47 30 19 18 18 17 16 17 19 35 40 41 42 44 39 41 38 29 24 18 18 18 18 16 18 19 
16 16 17 17 17 17 16 16 16 17 17 18 18 18 18 43 111 124 105 92 94 84 98 117 113 127 119 108 116 104 97 87 82 82 87 66 66 85 69 79 76 59 62 46 32 38 61 94 86 88 86 76 98 108 151 152 159 174 176 173 162 162 150 155 140 142 133 126 117 108 112 117 143 170 158 160 155 143 139 135 141 145 141 141 141 143 153 159 185 206 143 112 114 114 122 133 138 142 150 159 167 172 177 194 193 187 192 165 136 77 42 39 52 82 104 123 149 159 149 165 137 145 108 69 49 35 18 17 18 17 17 20 30 37 40 42 44 46 49 48 47 38 31 15 21 20 19 19 20 22 
17 18 18 19 17 16 16 15 19 17 16 18 17 19 15 60 114 113 103 99 93 89 100 104 115 135 123 104 101 97 96 82 82 82 86 67 67 79 70 77 77 63 54 47 30 40 51 85 86 93 81 79 84 118 139 155 157 165 166 162 157 157 159 146 139 138 125 114 107 97 103 111 132 157 157 142 136 123 123 132 128 128 123 127 121 123 130 140 158 191 166 103 104 110 115 127 133 138 145 160 163 167 178 187 187 191 188 167 136 81 37 39 51 81 115 131 151 155 136 156 139 153 113 73 55 42 21 21 20 19 18 23 33 42 41 42 42 41 62 57 61 58 52 29 21 20 19 21 22 19 
17 18 18 18 17 17 16 16 17 17 17 17 18 17 21 80 116 117 108 98 92 89 96 104 117 123 123 95 102 91 93 81 86 88 84 68 69 87 67 80 72 70 54 51 30 40 54 87 89 93 82 82 86 122 139 150 156 157 159 158 159 160 157 140 132 123 112 97 94 100 114 125 122 133 134 120 88 76 92 120 117 120 119 116 112 113 112 106 128 161 145 88 85 90 103 112 125 131 137 150 156 162 169 170 180 180 188 161 137 84 33 34 50 76 106 127 147 153 134 149 148 137 119 73 51 34 29 21 21 20 18 25 38 44 44 41 37 40 55 73 68 62 52 39 22 20 20 19 23 25 
17 18 17 17 17 17 17 18 15 17 19 16 18 18 32 93 110 100 110 101 91 89 89 106 105 121 122 98 101 87 93 74 72 85 84 64 70 88 82 76 74 70 55 48 33 40 52 83 85 90 81 75 81 120 137 146 152 151 150 154 156 144 150 127 125 115 101 97 108 115 128 142 134 125 115 88 65 55 60 93 107 105 101 97 94 93 64 54 90 122 119 91 98 94 91 97 116 120 130 137 149 154 154 167 176 181 171 163 133 79 33 29 55 77 96 126 138 151 128 141 157 137 105 84 50 37 26 25 23 22 20 27 47 51 52 50 33 31 35 60 64 64 53 44 27 21 20 22 20 23 
17 17 18 17 17 17 17 17 17 17 18 18 19 19 44 103 114 105 106 100 92 81 92 98 109 120 111 98 106 87 86 76 74 80 89 67 67 81 80 69 71 65 53 47 29 35 49 78 85 81 83 70 82 115 128 138 141 145 147 150 146 140 142 125 119 104 98 108 116 121 136 142 145 146 132 112 107 109 111 114 109 101 101 103 96 78 67 86 119 121 100 86 99 109 95 87 105 115 120 129 127 145 151 158 164 175 172 163 139 83 33 33 52 73 104 130 142 146 135 134 158 142 106 94 48 37 29 26 24 22 26 44 68 67 64 60 40 22 35 47 59 65 59 46 28 21 24 21 24 27 
17 18 18 17 17 17 17 17 17 17 19 20 19 19 63 112 117 112 105 99 92 91 95 89 109 128 121 100 105 85 76 73 70 78 89 73 71 93 84 79 72 62 59 50 25 34 45 75 88 86 76 74 79 110 124 136 136 136 142 139 137 135 134 125 114 93 109 118 125 140 149 150 156 151 160 155 145 141 141 133 115 104 96 109 111 103 115 145 170 155 128 106 99 100 103 98 87 104 116 124 129 142 154 152 155 172 172 153 125 75 28 23 50 69 93 122 145 139 137 138 156 146 114 94 47 35 27 24 40 51 53 51 60 67 70 62 50 26 32 46 59 66 64 46 25 22 23 20 22 24 
18 16 18 18 18 18 18 17 17 16 20 22 21 29 73 118 114 114 105 99 92 87 95 97 112 121 114 99 103 92 90 80 63 79 78 71 77 85 76 76 74 63 55 47 29 36 44 76 84 89 80 74 78 100 113 128 134 133 137 139 133 136 131 120 107 111 141 134 134 146 147 147 148 153 159 150 153 154 146 133 121 117 100 115 125 136 153 176 173 157 146 127 106 112 113 112 94 90 112 119 129 131 133 145 153 157 160 139 116 70 24 28 47 71 93 115 131 149 124 126 161 155 122 103 54 30 33 41 78 53 32 39 55 67 71 70 61 39 35 49 60 67 66 56 34 21 22 23 24 24 
18 19 20 17 19 19 19 18 18 19 20 19 19 42 79 122 115 112 106 96 84 80 89 94 120 131 108 96 103 90 87 82 69 81 73 73 75 92 85 76 75 64 65 44 29 35 47 77 86 85 82 78 77 100 117 123 128 141 135 131 133 131 126 115 104 134 139 136 141 146 148 151 157 161 155 161 155 143 141 132 122 118 113 125 136 153 168 176 176 164 151 143 124 120 108 108 109 95 105 118 122 125 135 142 147 144 153 142 118 67 19 31 42 74 93 121 125 145 118 118 161 151 128 103 67 41 45 43 38 29 35 39 50 63 68 73 67 45 45 48 65 71 71 64 44 23 23 24 25 25 
17 16 20 16 19 19 19 20 19 17 20 19 27 52 84 116 115 111 106 99 98 81 89 93 118 112 114 100 105 84 87 79 68 75 78 77 80 99 75 76 80 55 58 50 30 34 52 84 77 88 85 83 77 97 113 120 124 131 133 133 133 134 116 99 135 149 135 139 135 138 149 158 152 155 161 159 157 152 147 143 138 133 138 143 155 168 171 177 180 177 165 153 142 124 107 117 115 105 94 116 123 125 127 131 141 146 143 141 117 62 24 27 44 73 92 120 126 147 123 110 146 148 133 107 74 48 49 48 37 44 41 41 52 61 64 65 67 64 62 69 85 90 78 80 51 26 23 23 23 24 
18 17 20 17 19 19 19 17 17 20 21 24 39 60 94 113 113 112 107 97 96 80 89 90 121 121 118 95 107 93 95 68 67 70 77 77 76 94 85 77 76 55 56 47 31 36 55 80 87 84 94 84 80 97 113 122 124 128 129 135 134 134 99 115 135 154 133 129 135 149 150 153 168 168 162 156 159 162 160 159 157 157 163 170 178 188 192 191 193 196 186 162 151 144 112 112 115 115 93 112 129 128 124 125 132 142 135 139 115 58 28 22 42 71 92 116 124 146 127 105 135 148 141 102 81 55 51 52 55 41 36 38 43 50 56 58 71 82 80 95 92 91 92 80 58 32 22 24 23 21 
19 18 19 20 19 19 20 19 19 22 23 22 42 66 104 110 112 113 107 97 92 84 90 86 119 121 112 93 97 89 95 70 62 68 76 75 85 86 82 85 79 62 68 50 32 36 57 84 83 87 96 89 91 93 109 122 131 139 134 130 134 126 106 128 139 130 124 122 133 150 155 159 157 153 142 130 126 125 125 124 124 138 156 147 142 142 142 151 180 186 185 179 158 142 117 114 112 118 99 111 106 130 132 134 136 137 137 133 104 52 25 21 41 76 92 116 132 148 127 105 130 156 141 105 89 59 60 54 55 53 44 44 45 43 50 62 79 91 100 101 102 104 98 85 68 43 25 25 24 21 
19 19 19 19 19 19 20 21 23 23 23 27 49 65 105 104 113 107 109 101 95 85 89 86 111 110 118 97 108 93 94 76 61 68 76 75 82 94 82 87 88 65 75 55 33 35 58 86 87 87 102 101 97 98 109 117 132 131 140 137 133 123 116 129 134 122 108 109 129 131 122 107 99 93 85 81 81 83 84 83 80 85 90 91 92 88 90 92 101 106 111 116 116 122 108 103 109 113 103 115 131 136 138 138 150 137 138 133 109 51 24 25 38 71 94 123 126 147 125 106 125 160 135 102 89 73 73 66 58 54 53 49 46 43 50 65 78 96 108 122 123 120 104 96 79 53 30 23 24 26 
20 20 20 20 20 20 21 23 24 24 24 34 66 67 106 100 114 106 110 106 90 89 89 85 114 125 108 100 100 85 90 69 60 66 76 79 95 100 81 86 87 71 74 58 34 34 57 85 85 92 107 102 101 97 115 120 130 129 138 130 133 135 138 139 130 115 94 85 93 91 82 72 68 67 67 70 72 76 76 73 73 75 73 72 72 75 73 68 72 66 62 60 61 66 64 90 107 115 109 122 133 137 139 137 144 135 140 132 105 41 23 24 34 81 92 116 131 154 131 102 120 153 135 114 102 80 69 60 61 58 54 51 48 44 50 65 80 105 116 125 128 130 110 103 84 64 38 29 23 25 
21 21 20 20 20 21 22 23 23 23 26 52 78 72 111 101 113 110 102 103 87 92 87 90 119 131 105 98 93 91 94 70 58 63 70 77 97 99 84 82 80 68 72 61 31 33 51 78 83 96 109 108 107 106 110 113 129 133 137 128 137 133 130 133 126 115 91 65 56 49 50 49 52 59 67 74 76 77 77 74 73 76 79 84 88 88 97 95 92 64 42 43 45 50 60 97 111 122 116 123 130 141 143 140 143 140 141 130 96 37 23 22 35 75 88 122 132 150 136 100 117 149 134 101 100 85 77 70 60 57 52 48 50 41 48 62 85 107 122 132 132 134 122 105 84 73 56 37 25 27 
21 22 22 21 21 22 22 23 23 22 29 69 74 81 110 106 111 109 94 99 91 90 82 93 118 120 97 97 104 99 94 70 62 57 68 76 97 92 76 81 81 66 76 56 36 33 53 76 93 95 103 107 108 110 111 114 126 130 129 140 130 135 135 137 131 118 110 104 103 88 76 76 89 92 113 130 124 118 111 107 108 114 120 119 127 140 161 185 189 151 117 98 111 131 124 111 121 126 125 129 128 142 138 141 142 145 137 122 82 27 23 23 35 75 89 125 132 147 134 98 107 143 151 106 109 90 86 69 63 60 57 54 51 51 50 63 85 101 123 135 135 134 125 113 101 87 75 60 40 31 
21 22 22 21 21 21 22 23 24 24 39 73 63 90 114 102 111 108 99 95 93 85 70 91 114 118 100 94 98 95 95 69 62 58 68 68 101 100 87 88 88 71 76 47 45 33 57 78 98 94 98 114 110 109 117 121 126 122 123 129 134 138 142 137 136 131 123 131 144 147 132 119 115 114 135 157 147 132 127 118 127 127 123 125 133 150 177 212 196 183 180 157 159 154 148 128 125 131 128 130 128 139 133 139 143 151 136 117 71 24 23 23 34 75 99 123 133 144 140 98 104 138 157 96 113 101 73 73 68 66 62 65 52 59 51 76 100 109 126 135 142 138 130 128 120 109 92 80 57 39 
22 22 21 21 21 21 22 23 23 29 47 62 68 104 109 101 111 108 104 102 90 89 74 82 109 118 97 91 100 94 94 66 58 57 53 80 105 95 86 83 88 82 74 52 36 45 45 86 91 97 101 114 114 116 117 126 122 135 119 123 135 129 140 124 133 137 134 135 145 150 148 145 130 120 141 141 127 132 133 134 119 126 123 129 122 122 133 146 150 153 168 174 176 148 158 141 134 129 126 128 129 136 134 142 150 149 133 108 58 21 22 22 35 78 87 125 133 141 146 104 108 135 143 96 92 97 80 71 72 65 67 63 60 55 69 92 117 127 145 148 145 147 144 134 131 121 108 101 77 52 
22 22 22 21 22 22 23 24 21 41 48 58 78 106 99 104 114 110 108 105 95 84 72 75 111 110 100 98 95 90 93 70 59 56 57 71 104 92 86 85 83 83 76 48 45 37 53 85 92 100 99 110 118 115 110 121 120 134 126 131 126 129 136 128 130 135 135 133 145 154 153 157 145 140 131 125 114 104 97 99 99 96 91 97 90 95 95 107 136 153 181 184 188 166 157 145 139 136 129 131 131 134 137 145 159 137 123 100 46 17 21 22 35 77 97 121 133 142 143 109 105 121 157 115 94 99 92 76 67 66 69 60 60 63 74 95 106 122 141 144 143 140 138 146 136 134 126 108 101 71 
21 21 21 22 21 22 23 21 32 41 39 58 75 99 98 105 116 106 98 94 95 83 79 80 109 108 93 95 91 91 90 73 59 49 53 61 97 87 86 83 85 84 78 50 42 40 49 86 94 102 97 102 108 116 119 109 116 128 131 130 130 131 131 128 128 132 135 137 147 153 150 152 147 145 143 138 144 122 122 101 91 90 83 89 85 104 113 144 158 179 170 186 183 179 167 147 139 134 133 133 133 136 140 143 151 130 113 83 37 19 21 23 36 82 93 115 136 145 146 111 115 108 148 130 94 97 95 86 65 71 65 67 61 63 78 89 102 128 136 139 138 139 135 146 143 145 138 121 104 87 
23 21 21 22 23 25 25 27 30 48 53 61 73 97 101 105 113 112 105 101 92 77 73 73 107 110 95 97 90 93 86 72 60 50 59 59 90 85 80 87 90 82 76 55 40 41 48 79 96 99 89 86 103 117 114 115 120 129 136 122 129 129 134 131 132 138 136 150 149 155 152 147 152 147 146 144 145 133 129 128 118 114 113 117 116 133 132 142 156 168 180 176 181 170 165 158 143 136 136 133 133 140 145 141 133 127 103 68 38 22 21 23 32 79 103 113 136 146 150 103 118 115 120 132 94 99 87 84 76 75 67 67 60 56 79 93 97 115 132 130 130 127 132 143 148 152 141 127 109 99 
20 24 23 24 25 26 28 31 32 37 54 66 72 102 102 109 101 117 99 103 91 86 81 84 118 116 90 97 91 91 86 72 60 51 60 51 85 83 84 80 95 88 79 52 39 42 47 86 102 111 98 81 100 112 113 105 115 128 129 129 135 137 136 132 138 141 136 149 150 146 158 150 146 145 144 150 147 135 135 127 128 127 133 139 137 129 137 153 159 173 178 182 171 173 167 156 146 142 137 132 133 137 142 139 121 120 90 48 25 23 21 24 41 75 94 123 137 144 147 110 106 117 107 137 98 95 84 77 78 78 72 65 61 54 63 81 108 109 116 125 125 121 134 136 142 148 145 138 122 105 
23 22 23 24 25 27 27 29 32 37 51 68 71 110 107 104 113 112 98 102 96 88 74 74 107 111 91 97 92 92 85 71 60 49 61 47 78 91 78 86 93 83 84 56 39 42 45 79 86 103 82 71 92 100 116 105 111 113 128 131 138 141 136 135 141 142 141 147 145 145 147 147 151 153 151 145 140 142 140 140 130 135 141 140 131 139 143 151 160 174 179 171 174 164 164 159 149 138 133 132 133 132 132 127 117 107 72 32 25 23 22 23 51 72 96 117 130 146 153 103 108 107 94 133 93 96 86 73 78 79 75 65 66 52 54 75 92 106 106 120 119 127 125 142 144 143 133 137 128 109 
21 24 23 23 25 26 27 30 33 36 47 59 73 107 110 108 111 113 97 105 100 87 77 80 109 112 91 96 93 91 85 70 64 53 64 48 76 98 91 87 101 83 84 58 41 41 44 70 94 97 79 66 81 100 105 102 107 111 117 126 141 133 138 141 144 145 146 152 150 146 151 150 151 151 146 147 153 139 148 144 140 148 142 144 149 149 151 154 162 175 180 180 171 181 170 161 153 140 135 135 134 140 129 111 115 83 42 32 23 22 22 25 40 79 101 128 138 149 158 104 107 112 89 132 97 100 90 78 77 76 76 73 64 66 61 66 91 106 116 118 126 126 136 127 138 143 144 138 125 100 
21 25 21 27 27 27 27 30 35 42 56 64 71 109 101 108 111 113 98 109 107 94 77 78 108 115 86 98 90 90 90 71 63 55 58 48 72 95 88 86 92 89 88 64 42 39 43 63 87 97 75 60 74 83 95 102 105 110 118 123 141 134 139 143 145 143 143 146 144 150 151 144 148 151 149 145 159 145 141 142 147 150 158 151 153 147 154 153 163 178 176 174 176 167 166 161 156 142 136 133 129 128 121 114 98 52 22 23 22 22 22 26 41 71 98 111 134 138 154 115 108 119 86 135 114 107 91 77 78 77 77 72 63 65 66 83 96 101 116 127 122 137 133 140 147 144 140 134 128 110 
22 24 25 26 28 27 28 30 36 49 51 58 70 111 97 107 112 109 108 100 106 93 65 74 95 111 94 94 87 83 90 66 61 54 53 49 69 91 82 89 97 89 93 68 43 37 41 64 88 99 71 51 61 70 86 98 97 101 112 122 133 140 139 144 148 148 148 155 148 154 153 161 160 144 155 152 146 152 147 149 152 146 150 150 153 154 153 155 164 169 166 164 179 174 182 165 152 138 132 132 126 119 113 109 68 29 22 22 22 23 22 29 31 76 107 114 132 142 157 113 91 112 68 111 135 106 92 84 79 79 66 69 66 63 65 85 94 114 123 133 132 135 139 148 142 144 139 132 130 113 
22 22 29 24 28 28 28 31 35 45 44 59 69 108 104 111 113 115 102 100 107 97 78 74 96 109 87 98 83 77 85 65 62 51 52 51 66 87 71 90 98 94 90 73 44 36 40 63 92 96 68 51 49 64 72 87 92 96 103 111 128 139 142 143 144 152 151 154 151 155 153 153 152 152 153 151 154 154 151 158 150 149 155 157 157 160 157 168 168 173 181 174 174 170 173 164 148 138 135 132 119 111 101 77 27 18 21 21 22 22 22 25 36 72 103 115 131 142 168 119 97 115 75 83 137 109 99 77 77 77 76 65 63 62 65 82 96 119 129 137 143 141 142 148 150 147 139 137 131 114 
22 24 25 26 26 28 28 30 41 39 41 58 75 99 88 104 101 103 101 96 107 95 79 77 96 110 89 93 93 92 82 73 61 46 52 54 64 91 75 87 89 90 86 71 44 36 38 57 84 89 66 47 46 52 65 80 87 91 95 98 118 133 138 133 140 158 147 158 154 156 158 156 151 162 156 157 157 155 160 161 156 155 147 149 158 158 178 174 172 174 175 178 178 178 174 163 151 140 137 131 110 96 91 36 23 23 20 20 21 21 21 26 31 74 101 116 130 141 166 119 98 110 77 73 128 127 97 84 81 75 70 66 63 61 67 83 101 123 131 137 148 140 144 147 147 143 139 139 136 122 
23 25 23 26 29 29 31 33 33 41 39 60 83 103 96 114 110 106 100 98 105 96 80 69 107 104 85 89 75 97 89 72 65 57 52 42 60 94 76 81 84 82 88 70 39 32 42 61 83 86 69 45 37 45 53 65 78 85 89 94 100 126 132 138 139 146 144 155 156 160 161 166 163 160 163 161 163 166 157 156 155 145 144 152 159 166 170 181 175 176 183 183 186 183 178 160 148 140 134 117 101 80 31 26 24 22 20 20 21 21 21 28 32 71 102 117 130 139 162 123 100 110 72 81 114 146 96 85 83 74 69 66 63 63 69 85 105 124 131 133 141 134 138 139 143 139 140 135 135 123 
24 25 25 26 29 28 28 33 34 35 38 57 86 94 95 116 107 100 101 92 102 101 86 74 107 103 88 83 76 90 96 77 60 57 51 46 56 97 73 71 87 78 87 84 40 39 34 69 75 87 73 47 47 36 41 48 60 82 88 83 96 111 129 136 139 142 146 155 158 162 163 161 159 159 160 163 164 163 164 152 161 161 155 154 159 166 174 184 187 187 187 188 186 188 169 156 147 151 124 103 75 39 26 22 22 21 20 21 21 21 21 27 34 71 104 111 130 151 161 124 103 106 61 79 97 140 103 86 82 76 68 65 62 64 71 88 108 126 130 133 138 128 132 126 138 135 131 142 132 118 
25 25 25 27 26 33 34 33 33 36 39 45 83 98 94 106 106 95 98 94 98 99 82 79 105 99 97 79 72 82 85 62 57 60 58 47 56 91 72 81 93 84 87 82 50 33 45 51 73 88 70 46 39 41 40 40 46 60 74 78 92 101 116 130 135 138 145 151 156 163 167 167 167 166 165 166 165 166 159 159 153 150 158 148 155 162 166 188 189 193 192 187 187 182 179 155 147 134 112 67 39 25 22 22 21 21 21 21 21 21 21 23 36 71 106 119 131 139 156 135 103 102 58 72 88 121 105 83 82 75 68 63 61 66 75 90 107 121 130 131 130 133 122 116 128 131 134 128 128 122 
25 25 25 26 29 34 34 30 31 34 38 41 67 102 101 108 117 99 96 93 105 100 81 77 98 107 95 85 90 91 89 71 68 48 56 44 55 82 76 89 96 87 90 84 65 32 44 55 71 75 79 37 44 39 33 35 39 42 48 72 74 84 105 125 137 130 141 148 154 162 164 165 167 167 167 169 163 161 158 153 153 152 147 142 151 158 166 176 179 182 192 185 185 184 167 151 136 102 57 29 26 23 21 21 21 21 21 21 21 21 21 25 38 68 105 120 131 144 162 136 104 98 61 71 84 107 121 95 82 68 68 65 62 62 78 98 116 123 128 126 122 113 111 110 118 127 129 127 125 113 
26 27 26 26 32 34 35 29 34 37 38 42 58 97 103 101 105 105 95 98 99 115 82 71 108 108 94 78 80 83 90 73 71 55 61 46 57 85 77 79 93 87 87 82 66 37 43 54 73 73 67 42 45 52 52 47 42 42 48 46 60 68 90 112 128 126 138 142 150 157 160 162 164 166 167 164 159 154 152 147 150 143 154 149 153 155 166 165 170 172 183 183 178 176 159 143 115 60 27 26 24 22 21 21 22 21 21 21 21 21 21 21 38 69 105 115 134 148 161 142 104 98 58 67 84 94 136 89 87 74 64 58 65 73 80 98 115 122 124 125 120 112 109 110 107 117 128 133 122 109 
27 27 27 27 33 29 36 37 34 38 36 35 62 98 105 115 101 99 100 104 100 107 91 63 106 96 97 85 86 86 85 72 71 52 56 44 45 85 78 76 92 90 84 81 60 36 38 49 69 72 67 54 48 44 54 57 54 55 52 51 56 58 59 88 113 124 127 135 141 147 156 158 161 161 161 159 166 163 153 154 147 140 140 148 148 143 153 161 162 162 168 175 176 172 149 113 68 33 24 24 22 21 21 21 21 21 21 21 21 21 21 21 46 70 117 103 137 155 161 148 104 98 55 76 87 95 122 102 82 78 65 61 67 74 82 98 108 119 119 118 116 112 109 109 110 119 120 116 112 94 
32 26 28 28 31 33 36 33 32 38 37 35 56 95 99 107 103 104 95 97 94 108 91 60 94 104 101 80 81 79 81 74 68 49 55 44 34 85 76 73 93 91 87 78 61 36 38 49 65 66 71 47 52 57 56 58 58 62 60 61 59 57 59 63 81 101 117 127 130 139 146 150 155 156 150 148 155 144 142 135 144 145 141 148 140 136 141 152 153 160 178 180 177 161 121 77 46 30 24 23 22 22 22 22 22 22 22 22 22 22 22 26 52 74 110 118 140 145 161 150 108 95 52 74 74 85 117 111 70 69 63 59 71 74 82 94 95 106 111 111 112 110 107 109 118 111 113 111 96 76 
27 33 29 29 29 30 29 32 33 35 47 37 49 89 97 106 103 102 91 97 92 107 94 69 81 104 100 79 91 82 86 62 66 61 55 52 36 71 80 80 76 89 87 78 69 44 38 46 63 65 75 51 57 57 59 65 65 65 62 63 63 62 61 59 63 81 87 111 112 131 136 137 141 151 142 151 146 145 138 139 142 132 135 136 132 130 135 139 149 152 157 162 158 125 79 53 42 27 23 23 22 22 23 23 23 22 23 23 23 23 22 23 44 66 111 120 130 150 161 157 113 92 51 69 78 85 108 112 68 65 64 55 69 65 74 88 90 94 112 118 110 107 105 106 107 110 107 98 80 59 
56 34 28 29 30 31 35 32 37 40 39 40 54 90 97 103 104 97 98 104 95 90 87 58 85 99 93 73 78 82 81 67 65 48 53 45 35 70 91 79 96 87 85 76 70 43 39 43 60 66 77 57 59 65 61 62 67 68 66 66 64 65 66 64 63 57 72 86 97 109 123 132 132 131 142 146 135 136 134 129 134 126 128 130 129 114 125 132 140 137 156 142 122 86 59 54 43 27 23 23 22 22 22 23 22 21 22 22 23 22 22 24 57 68 108 114 139 150 163 165 114 83 51 72 78 88 108 113 73 54 63 63 66 64 66 78 91 91 94 103 108 105 105 98 96 102 95 84 67 47 
67 44 33 33 33 31 37 31 36 39 41 40 47 94 93 108 104 99 101 101 94 101 104 66 80 99 103 74 74 81 94 73 65 54 43 55 36 66 95 76 81 86 82 75 73 41 39 43 55 60 75 68 62 63 64 66 68 70 71 70 72 74 77 76 74 73 64 64 76 87 105 120 125 133 134 131 128 130 126 119 119 120 120 121 111 120 120 126 129 123 129 105 85 63 65 61 40 26 24 23 22 21 21 23 22 20 21 22 22 22 22 25 55 67 105 117 128 152 165 161 119 94 51 65 79 87 108 104 92 52 57 74 68 65 67 71 73 93 94 100 97 93 97 91 86 84 75 62 47 31 
88 53 37 32 32 31 37 34 34 38 40 43 53 95 113 108 106 100 105 95 92 92 96 72 69 108 94 77 74 78 80 70 63 55 59 54 35 61 92 76 89 97 82 74 76 49 39 40 51 62 74 75 65 60 70 72 76 75 75 75 78 84 84 85 76 82 78 67 65 64 72 88 93 105 115 118 118 121 110 111 109 108 108 104 111 100 104 103 104 102 94 74 68 62 64 61 35 23 24 22 23 20 21 23 21 20 21 22 22 22 22 29 49 67 101 114 123 144 158 170 120 86 55 56 80 88 116 93 96 66 58 67 71 65 71 69 76 80 87 89 83 84 78 80 71 65 52 42 31 25 
98 58 41 36 32 32 32 32 42 33 44 43 48 95 109 112 106 99 110 92 91 93 99 73 70 108 97 80 82 78 83 68 63 55 51 49 35 53 90 77 86 97 80 77 72 48 40 42 48 70 71 68 62 62 72 73 76 78 80 82 86 87 90 88 80 81 82 82 79 73 65 68 67 72 82 85 91 99 99 96 93 91 94 93 99 86 85 85 81 74 68 68 65 69 65 55 34 22 23 23 22 22 22 22 21 21 21 22 22 22 22 31 49 64 99 116 128 147 153 170 126 78 60 63 80 88 109 99 106 79 61 59 65 74 64 65 71 74 84 84 77 76 67 58 49 45 41 31 25 25 
105 77 44 34 32 32 32 36 37 49 40 43 49 95 104 118 109 101 105 90 92 94 100 79 70 111 97 76 71 78 87 71 59 56 54 52 36 51 92 83 86 92 82 81 70 46 42 47 50 71 74 61 62 67 76 71 76 77 85 91 89 87 83 82 95 88 91 89 80 80 76 70 71 72 64 62 63 66 66 66 67 66 70 74 73 73 74 73 69 67 71 72 71 70 61 51 32 21 23 23 20 22 23 20 24 20 21 22 22 22 24 32 53 62 97 106 112 138 153 168 130 70 56 67 86 85 101 106 74 84 58 64 65 57 61 62 66 65 67 73 70 62 57 38 34 29 28 24 24 25 
115 84 54 36 34 31 32 32 35 37 40 35 44 85 101 113 107 95 100 100 92 89 100 88 69 103 98 78 78 78 82 67 63 51 49 50 37 46 79 87 87 95 84 81 72 58 36 48 46 69 76 71 64 71 75 78 77 75 87 96 93 91 99 90 93 94 95 94 95 92 89 87 85 85 72 71 69 63 61 61 63 65 66 72 66 73 69 69 68 69 72 73 76 72 67 56 29 20 21 22 21 23 19 23 22 21 21 21 23 21 26 36 57 60 101 113 126 145 154 160 130 75 51 63 88 91 103 97 78 95 61 67 54 61 57 56 60 61 63 63 54 46 35 28 28 26 25 25 25 25 
122 91 66 38 34 34 34 35 41 31 36 34 39 81 95 108 105 98 101 98 84 81 96 96 67 90 101 84 84 82 91 76 67 55 49 51 40 37 68 86 87 101 89 79 75 55 42 44 46 55 63 68 75 73 66 82 82 83 88 90 105 92 91 96 94 96 95 96 94 96 99 101 94 88 86 77 70 67 64 62 61 67 70 70 72 72 70 70 70 70 76 71 72 74 73 55 28 21 22 21 21 21 23 21 20 22 21 22 22 22 27 41 58 53 102 110 114 140 157 166 131 69 53 64 86 87 101 107 74 90 65 57 57 46 46 45 45 45 51 46 42 37 29 25 26 25 24 25 25 24 
115 92 65 37 36 35 34 33 36 36 35 35 43 77 98 114 103 92 95 90 84 83 95 93 66 84 103 85 83 87 85 78 60 59 48 48 46 36 59 89 88 98 90 84 79 63 44 45 49 59 63 62 72 73 78 69 88 92 90 90 95 95 92 101 101 102 102 100 102 101 99 101 103 103 96 86 92 82 80 71 69 74 75 70 80 69 70 70 70 75 68 78 76 75 68 50 26 22 22 22 21 21 21 21 22 21 21 22 23 22 28 41 57 58 88 112 121 145 159 166 132 67 48 58 85 94 98 118 74 78 66 48 42 35 33 30 28 28 34 29 29 28 27 25 25 25 25 25 25 25 
114 88 64 36 36 31 30 32 31 34 35 36 43 83 97 106 103 91 91 83 82 78 88 101 70 70 98 90 85 80 84 76 73 53 47 42 43 41 54 84 88 96 92 88 84 58 50 45 47 57 62 66 64 69 75 83 84 87 94 102 105 96 97 99 106 106 105 104 106 115 110 114 115 113 102 103 106 90 94 84 80 83 78 74 82 72 70 74 73 71 78 77 85 74 66 45 26 23 22 21 21 21 22 22 22 22 22 22 23 22 30 41 54 70 100 115 132 143 156 164 131 63 44 55 82 85 101 115 85 69 73 43 36 28 26 23 21 23 26 24 24 23 24 24 25 24 24 25 25 26 
118 96 76 44 34 30 30 31 32 35 36 37 44 82 96 105 103 93 95 88 79 73 99 101 79 70 104 90 84 85 84 75 70 59 52 50 46 41 47 76 84 94 95 90 75 57 51 47 50 48 61 73 61 71 71 74 89 91 99 105 105 106 106 112 110 110 115 112 114 114 123 116 119 121 124 117 117 108 104 97 91 84 84 83 76 73 76 78 76 77 79 81 87 72 64 35 24 22 23 24 25 24 23 23 24 22 23 23 23 23 30 45 63 71 104 113 128 139 159 169 131 64 47 51 79 83 95 116 97 52 77 57 36 28 24 22 21 22 23 21 23 24 23 23 24 24 24 25 26 27 
119 100 64 41 34 27 29 29 31 33 35 36 44 81 94 106 103 91 98 89 83 73 87 97 75 71 101 97 80 85 84 78 66 60 57 54 45 41 41 71 76 90 94 86 76 64 55 51 52 46 58 68 65 69 75 85 81 94 100 97 112 107 109 111 113 115 113 114 115 115 125 126 124 121 120 124 123 131 110 103 100 96 90 90 90 80 82 76 77 80 87 81 83 78 64 34 22 22 22 22 23 22 23 24 23 22 22 22 22 23 32 43 51 61 99 117 121 143 164 173 132 64 45 51 81 85 92 118 106 60 68 60 31 29 24 22 22 22 23 24 24 21 21 23 22 26 24 25 27 27 
128 107 74 48 34 25 27 28 30 31 33 34 41 78 85 104 103 91 101 87 76 73 78 98 72 66 102 93 83 84 90 75 72 56 57 51 46 46 43 61 80 89 101 93 80 74 57 53 48 45 55 67 75 70 71 79 86 101 101 99 108 110 114 104 112 114 109 117 117 115 124 120 124 129 123 129 128 127 120 118 110 100 97 89 81 78 74 80 88 80 90 81 81 77 61 34 23 22 22 23 24 24 23 23 23 22 22 22 22 26 37 50 61 71 102 112 122 144 162 168 123 60 44 50 83 77 98 125 99 67 59 69 27 25 25 23 23 23 24 24 25 23 23 24 25 25 25 27 28 27 
132 118 88 55 34 25 27 28 29 31 32 35 40 68 78 99 97 85 97 92 74 72 73 102 81 65 89 96 91 86 89 74 62 60 55 59 52 46 43 49 86 93 103 98 95 76 58 52 50 42 49 67 64 75 80 78 87 90 97 97 103 110 112 119 110 118 109 116 118 119 124 118 124 128 127 129 128 123 123 113 110 108 101 95 97 85 84 84 92 86 89 85 82 71 52 31 23 22 22 22 26 23 23 22 21 23 22 22 23 27 39 54 66 66 103 115 119 143 161 170 132 62 44 50 81 84 100 116 115 68 54 80 31 22 27 26 24 25 25 25 25 25 26 26 30 27 29 29 29 28 
144 118 94 59 35 27 28 28 29 30 31 35 39 63 79 103 103 86 94 86 81 71 79 98 85 64 84 96 86 85 87 76 75 66 55 57 51 44 49 45 78 94 97 99 94 81 49 49 58 52 56 60 63 68 74 81 88 96 104 110 107 113 113 111 112 118 121 117 119 121 121 123 128 130 132 129 127 131 120 115 118 104 97 98 95 92 88 86 87 97 97 90 82 71 52 32 24 23 22 25 21 26 23 23 24 23 23 23 23 27 40 52 68 70 103 110 116 142 161 171 118 64 45 50 79 83 92 111 117 88 55 66 48 31 31 29 27 26 25 25 25 25 27 28 30 31 32 34 32 31 
147 126 94 62 37 28 28 28 29 30 31 35 38 62 76 93 88 82 94 90 66 76 71 99 87 64 76 102 99 84 89 79 73 68 52 54 53 48 55 43 72 92 91 98 93 88 61 53 63 45 44 55 70 76 77 89 83 100 97 99 109 109 116 109 119 114 118 118 114 123 125 122 122 125 128 129 135 125 120 109 111 109 93 98 89 92 89 101 98 89 87 93 82 71 52 32 25 24 24 23 26 23 23 24 26 24 23 25 25 29 35 57 67 74 112 113 113 143 164 163 117 57 47 47 73 87 89 107 114 100 65 65 58 30 34 33 29 27 24 26 25 25 27 29 28 31 34 32 33 34 
158 132 107 69 39 30 29 29 30 30 31 34 37 62 73 92 99 91 94 89 64 79 65 105 84 70 77 94 94 88 85 84 77 68 50 55 56 55 53 46 64 95 84 100 95 87 64 43 59 58 43 63 65 70 76 82 92 89 96 107 112 110 119 111 113 106 111 115 124 125 120 123 124 126 121 128 118 128 121 118 110 107 98 101 95 93 97 95 100 107 92 93 82 66 43 30 28 27 26 25 24 24 23 24 25 24 25 26 29 34 38 65 67 75 115 108 123 134 166 162 105 56 49 45 68 87 91 109 115 101 58 72 81 40 36 38 32 30 29 34 34 32 36 37 30 35 29 34 40 38 
159 135 117 78 41 30 29 30 29 30 30 33 36 64 74 93 105 92 94 92 74 79 63 94 94 73 66 106 87 91 80 88 79 66 56 56 63 54 53 55 54 92 89 97 98 96 74 49 40 69 50 51 58 62 74 85 91 96 98 104 108 109 111 116 109 118 115 118 124 121 129 121 127 123 128 127 127 121 122 117 111 110 105 101 99 96 101 103 100 96 90 92 78 58 38 29 29 28 27 25 26 25 25 26 24 24 24 26 31 36 41 63 67 79 121 121 107 144 165 162 108 55 49 49 66 91 92 106 117 110 76 76 83 47 36 39 35 36 36 37 34 33 35 38 34 35 44 37 38 40 
164 137 117 84 49 29 29 30 29 30 30 33 35 61 68 93 96 82 92 89 68 75 67 80 95 65 63 100 97 93 82 86 78 67 68 50 68 50 53 57 43 85 88 97 96 95 87 57 42 61 53 54 61 64 72 85 91 93 99 110 106 110 118 121 118 119 116 128 122 121 133 126 120 126 129 128 123 122 122 116 113 117 98 100 99 97 92 99 111 106 96 79 74 62 38 29 29 28 28 30 27 26 27 23 23 23 23 26 33 40 46 63 68 85 128 111 122 142 164 163 106 54 50 50 71 94 88 114 117 104 77 65 81 66 36 42 38 38 37 38 35 38 36 35 35 38 35 38 42 37 
165 135 118 80 55 26 29 29 29 30 30 30 33 59 66 76 93 89 90 89 65 71 68 77 94 64 58 85 96 98 79 88 78 65 71 51 67 60 51 59 38 68 91 97 96 88 91 67 44 54 55 50 60 63 70 83 85 94 91 103 115 122 118 115 123 119 111 124 129 125 121 127 120 124 123 125 126 123 122 122 112 101 107 104 101 94 107 100 101 106 101 81 71 52 39 30 30 29 29 29 27 29 27 26 24 24 27 31 36 40 53 71 69 88 123 115 118 137 162 160 105 46 49 52 74 86 106 103 118 112 82 59 74 82 48 43 38 38 38 37 35 36 37 36 36 37 39 40 40 36 
155 129 115 90 50 33 30 30 29 30 30 29 33 62 71 66 94 92 89 79 63 72 70 71 88 76 62 75 102 98 81 82 79 69 69 57 65 70 51 57 42 61 84 91 99 90 88 75 47 45 59 45 57 61 68 74 89 93 88 98 108 115 120 120 111 123 119 117 126 128 125 125 126 113 125 124 125 127 123 118 112 113 99 99 100 107 98 109 105 100 90 83 58 56 39 30 30 32 31 31 31 31 29 25 25 28 30 34 38 41 53 71 70 85 122 116 119 134 161 158 100 49 48 56 69 91 96 109 120 114 87 63 70 83 59 48 41 39 39 37 40 36 38 37 37 40 39 34 34 35 
146 128 111 90 65 33 31 28 28 29 30 28 30 60 65 62 89 89 89 84 63 54 69 64 85 72 64 75 103 102 86 78 80 76 68 60 66 73 58 52 45 49 75 89 97 91 87 84 56 41 56 54 57 58 69 75 86 94 97 102 113 108 120 126 126 115 121 118 121 129 121 123 123 124 122 127 124 121 120 120 110 104 109 100 100 100 104 106 104 102 87 74 65 53 34 29 30 34 33 35 32 30 31 25 25 31 31 36 39 45 51 67 75 92 120 106 117 146 159 156 91 60 48 56 68 91 96 107 122 116 94 67 55 89 64 45 44 40 43 42 44 40 37 39 38 35 37 43 41 39 
145 135 123 95 70 45 33 27 29 29 29 37 43 57 61 61 90 85 88 88 52 58 66 63 78 72 64 60 91 103 89 81 81 78 68 63 67 63 59 58 50 36 58 89 97 94 89 88 67 40 54 61 56 59 68 72 100 111 106 101 107 119 114 119 121 118 118 118 124 123 126 127 116 128 125 121 121 116 120 109 108 109 110 102 99 100 110 104 102 91 88 78 61 55 51 28 32 37 38 38 29 33 30 27 32 35 29 38 41 45 58 67 78 93 118 107 126 133 165 162 98 76 49 52 65 87 93 102 121 116 102 69 51 77 78 52 43 39 42 43 44 40 42 37 39 40 40 42 41 39 
147 139 120 99 75 47 35 30 30 29 31 34 38 49 60 56 85 87 86 81 59 52 62 66 76 74 64 56 85 97 92 81 83 80 68 63 65 67 60 54 55 38 47 80 98 96 95 85 76 51 51 58 59 63 71 78 107 129 111 102 97 114 114 119 117 116 115 117 127 116 118 121 124 121 119 124 117 119 122 108 108 106 109 103 94 104 103 109 99 95 81 77 62 55 34 32 32 37 39 36 36 40 34 25 30 34 31 34 40 49 60 69 77 98 111 111 117 140 171 140 84 63 59 50 64 83 96 94 115 114 102 77 58 59 86 61 45 38 40 40 37 39 37 40 41 39 38 39 42 38 
159 153 130 108 79 59 42 37 32 28 31 32 38 49 60 57 75 82 82 78 61 56 54 66 72 82 71 57 80 105 87 85 85 84 73 64 62 62 61 59 60 41 43 69 94 99 98 86 85 61 56 58 60 65 75 84 106 137 124 101 105 102 111 109 117 117 116 115 126 122 121 117 113 126 116 119 108 114 118 124 104 115 106 98 114 110 105 100 87 93 83 72 63 56 49 36 33 37 39 42 36 41 41 28 38 34 31 37 39 49 58 71 80 110 119 122 123 134 174 124 76 59 54 55 62 85 90 104 115 116 106 84 54 66 83 69 52 43 43 44 38 41 37 38 39 39 39 41 37 42 
160 152 130 113 84 64 49 38 31 31 35 35 39 53 68 64 76 87 80 77 62 57 52 67 66 83 77 63 73 106 87 86 85 92 77 69 59 65 63 61 60 43 42 54 77 98 100 94 87 70 55 60 69 67 75 84 100 127 137 117 102 105 112 110 119 119 112 120 118 123 115 125 125 117 114 121 116 112 117 115 115 114 105 106 102 100 107 110 96 92 83 72 61 55 53 41 31 37 41 41 47 47 29 37 38 33 38 35 41 51 62 74 80 104 109 109 116 151 167 125 60 54 49 60 60 78 103 98 116 123 112 91 56 53 81 77 54 45 44 46 42 38 38 37 36 39 40 37 43 39 
166 152 131 110 83 63 50 39 38 35 34 37 48 70 66 89 92 84 79 77 64 57 50 64 65 79 78 69 65 101 95 90 90 90 70 73 58 58 70 59 58 51 41 56 75 104 101 102 99 101 68 68 78 66 76 83 85 103 144 115 107 106 117 106 107 110 113 116 112 129 125 114 119 121 118 119 118 111 115 113 111 106 109 105 106 109 109 106 97 83 78 75 62 52 50 39 40 36 43 48 49 45 36 45 46 45 46 40 47 58 70 83 91 115 119 123 127 156 162 121 58 52 52 63 76 79 93 89 108 128 121 89 59 52 68 47 64 52 45 48 42 42 39 38 38 38 37 38 40 42 
153 147 130 110 81 61 52 49 52 54 56 55 66 72 91 95 96 87 74 74 66 57 48 65 65 77 74 72 63 89 101 88 98 95 86 68 66 64 77 60 57 49 38 49 66 94 102 100 104 124 92 76 73 75 77 81 80 90 135 129 111 105 113 115 119 117 116 112 120 121 115 118 116 118 117 114 108 113 116 117 114 107 101 107 115 115 109 105 99 80 76 68 65 60 52 40 44 39 44 53 55 51 43 59 47 49 51 43 50 60 72 99 104 131 124 127 136 159 171 119 59 51 57 56 70 77 104 99 113 136 111 85 56 55 81 71 53 55 48 46 47 40 43 39 39 38 38 40 37 41 
154 149 131 110 80 63 64 65 67 71 75 82 90 90 96 103 93 85 72 79 82 63 48 65 63 74 89 66 71 74 101 90 83 103 85 71 63 71 78 67 56 60 28 51 71 94 111 109 114 123 125 90 69 75 78 88 77 91 114 136 112 109 110 117 119 117 117 116 117 116 120 119 116 114 118 110 114 120 112 115 106 114 111 114 114 115 111 106 95 81 76 72 64 58 52 45 43 42 46 54 55 54 50 70 56 64 53 45 52 62 74 112 125 151 137 132 144 159 171 104 52 49 59 53 69 75 93 92 119 130 116 98 52 50 73 68 55 54 51 47 41 38 42 37 40 39 39 40 39 38 
152 151 131 104 78 66 68 72 71 88 97 108 100 95 99 112 83 73 70 74 74 57 47 58 58 63 82 60 68 69 98 88 91 88 90 72 69 63 77 69 57 59 43 53 76 87 92 105 112 121 126 110 77 84 77 80 81 86 94 136 122 99 107 111 119 115 117 117 123 109 114 111 119 111 113 110 119 118 109 106 111 106 116 110 120 102 107 97 87 79 72 77 65 56 52 45 48 44 50 55 55 62 66 64 49 64 56 43 53 66 74 111 141 152 144 143 154 166 160 90 45 46 57 54 73 85 104 102 106 133 118 101 62 44 66 67 55 54 51 46 45 37 41 37 41 39 40 39 38 36 
151 154 137 105 82 69 66 73 88 95 101 109 97 87 102 110 78 71 76 63 86 63 51 50 54 57 78 76 77 75 88 100 87 87 93 74 66 66 77 71 64 68 49 55 75 93 105 107 111 118 125 126 87 82 76 80 92 79 101 107 127 105 105 106 119 112 118 123 114 121 115 111 108 108 115 112 108 116 117 119 111 114 113 115 107 115 119 98 86 77 77 77 71 61 56 53 43 49 47 65 62 66 81 65 60 67 54 39 53 69 81 117 143 149 140 142 152 169 157 85 47 47 53 58 75 69 98 110 107 130 121 99 74 50 68 69 55 54 51 49 43 38 42 38 42 40 44 40 42 43 
163 155 145 116 88 65 61 62 76 86 101 98 95 108 103 86 72 80 65 62 91 67 56 47 53 53 76 79 69 76 82 105 89 90 92 80 71 66 74 74 77 75 57 52 67 90 91 108 110 116 115 130 107 88 79 78 94 111 89 104 143 121 107 110 115 108 120 118 116 116 115 106 109 113 109 123 111 114 114 115 111 114 109 117 119 119 99 102 86 75 83 77 75 70 61 52 50 45 47 60 70 75 85 70 72 68 52 44 55 70 94 133 146 142 147 136 148 171 154 76 45 46 50 56 71 73 96 98 108 132 124 102 78 58 67 67 56 54 51 46 46 38 42 41 42 41 42 41 38 40 
175 162 151 126 95 68 55 52 59 79 91 94 103 106 88 67 58 62 68 73 81 68 60 48 51 55 55 73 72 69 76 94 98 88 95 87 74 67 71 83 76 85 65 48 67 91 92 94 98 102 119 116 117 103 92 84 88 99 116 100 123 145 113 110 111 116 109 122 110 117 111 113 113 113 109 115 111 108 113 115 106 120 119 130 126 123 110 98 85 81 83 81 74 67 63 58 54 53 53 57 70 78 92 74 74 72 55 46 58 73 112 136 151 137 143 136 147 165 144 70 44 45 49 56 68 76 98 109 114 128 124 113 83 56 66 66 57 54 51 46 43 43 41 40 41 40 40 47 44 40 
175 168 156 133 105 79 47 37 53 76 83 97 112 93 65 53 52 58 69 65 75 76 60 49 53 56 58 88 78 60 70 85 99 88 96 93 76 74 73 83 85 75 71 57 69 85 97 99 104 109 119 113 115 113 95 96 96 97 100 102 100 152 122 111 113 115 119 111 109 110 110 111 108 109 110 117 109 110 111 111 117 111 125 130 127 122 110 90 85 87 82 83 76 63 66 65 57 54 54 54 70 81 86 73 77 70 59 48 60 80 121 139 147 142 135 139 142 159 125 62 43 45 50 56 68 76 95 111 109 123 125 107 89 66 67 64 58 55 52 47 45 38 42 42 43 42 43 40 40 40 
177 172 161 138 113 88 50 45 62 77 88 106 98 74 54 45 48 54 68 58 66 75 63 49 54 45 54 79 85 65 71 82 98 91 96 102 84 79 70 84 84 69 82 48 62 79 92 98 99 105 112 117 123 113 109 100 96 95 97 97 94 125 121 108 115 116 115 113 116 114 114 106 104 110 111 105 116 107 110 112 113 122 130 135 131 126 115 92 85 87 89 87 88 68 68 72 63 56 56 56 70 76 84 70 77 71 57 48 63 86 123 147 159 147 138 142 137 154 108 55 43 45 51 57 68 78 93 106 105 130 136 113 97 69 67 59 58 58 53 52 48 42 47 38 38 38 41 42 42 45 
