247 247 247 247 247 247 247 247 247 247 247 247 247 247 247 247 247 247 247 249 249 249 224 208 160 152 141 127 124 124 120 118 120 115 107 97 93 87 84 82 86 90 95 94 94 93 98 102 109 107 105 111 117 134 143 149 162 188 227 246 250 247 247 247 247 247 247 247 247 247 247 247 247 247 247 247 247 247 247 247 
247 247 247 247 247 247 247 247 247 247 247 247 247 247 247 247 247 247 248 247 243 228 203 186 155 146 134 121 118 119 115 112 112 108 102 90 87 87 85 83 85 88 93 94 95 97 103 107 111 108 104 108 111 121 133 140 155 174 202 234 243 248 247 247 247 247 247 247 247 247 247 247 247 247 247 247 247 247 247 247 
247 247 247 247 247 247 247 247 247 247 247 247 247 247 247 247 247 248 249 246 236 198 170 152 147 137 123 113 110 112 106 102 99 98 96 81 79 87 86 86 84 86 89 94 97 103 110 114 114 109 102 103 103 101 117 128 146 153 164 217 234 249 248 247 247 247 247 247 247 247 247 247 247 247 247 247 247 247 247 247 
247 247 247 247 247 247 247 247 247 247 247 247 247 247 247 247 248 247 246 206 188 155 142 134 126 118 105 100 99 99 100 100 94 92 89 87 89 99 102 103 118 112 105 102 105 121 128 133 125 119 110 115 117 118 120 121 135 138 143 175 196 246 247 248 247 247 247 247 247 247 247 247 247 247 247 247 247 247 247 247 
247 247 247 247 247 247 247 247 247 247 247 247 247 247 247 247 248 242 232 187 168 138 128 122 116 109 100 99 99 100 104 107 102 101 98 100 102 110 113 115 132 126 118 115 118 134 140 144 137 132 124 130 133 136 133 132 140 141 143 163 180 229 237 242 248 247 247 247 247 247 247 247 247 247 247 247 247 247 247 247 
247 247 247 247 247 247 247 247 247 247 247 247 247 247 248 248 247 221 183 150 136 113 100 91 96 96 96 107 111 117 128 136 138 139 140 146 146 142 143 144 154 155 156 158 160 167 169 171 174 173 172 179 183 190 183 179 172 169 165 155 156 168 197 217 250 249 247 247 247 247 247 247 247 247 247 247 247 247 247 247 
247 247 247 247 247 247 247 247 247 247 247 247 247 248 249 249 209 184 147 134 125 103 94 89 103 110 119 133 138 140 145 148 149 149 148 151 152 150 150 149 153 155 158 163 166 171 172 173 175 175 176 181 185 194 197 198 196 193 189 175 168 156 177 191 245 246 248 247 247 247 247 247 247 247 247 247 247 247 247 247 
247 247 247 247 247 247 247 247 247 247 247 247 247 248 249 250 184 160 123 124 118 96 91 88 108 119 135 151 155 155 156 156 156 155 154 156 156 155 154 153 153 155 159 167 170 173 174 175 176 177 178 183 187 197 205 211 212 210 206 188 176 148 163 173 242 244 248 247 247 247 247 247 247 247 247 247 247 247 247 247 
247 247 247 247 247 247 247 247 247 247 247 247 248 251 223 205 117 111 102 101 99 89 97 103 133 140 151 154 155 153 152 152 153 154 155 155 155 153 152 152 151 152 154 161 164 168 170 171 172 172 172 175 178 184 193 199 209 210 212 210 203 178 156 142 179 204 241 247 248 247 247 247 247 247 247 247 247 247 247 247 
247 247 247 247 247 247 247 247 247 247 247 247 247 244 204 178 113 108 100 101 99 90 101 108 135 140 149 152 152 151 151 151 152 153 154 155 154 153 153 153 152 153 155 161 164 166 168 169 171 171 171 174 177 183 190 195 205 207 210 210 205 186 162 145 165 190 228 245 249 247 247 247 247 247 247 247 247 247 247 247 
247 247 247 247 247 247 247 247 247 247 247 249 246 234 176 137 107 103 97 100 99 92 106 115 138 141 146 148 148 149 150 150 150 151 153 154 154 154 154 154 154 155 157 162 163 164 166 167 170 170 171 173 176 182 186 189 200 203 208 210 208 198 170 151 145 170 208 242 250 247 247 247 247 247 247 247 247 247 247 247 
247 247 247 247 247 247 247 247 247 247 247 250 242 205 149 112 99 99 100 94 92 93 104 112 135 137 141 142 143 144 145 145 148 150 152 154 154 156 155 155 156 157 159 162 163 165 168 170 175 175 175 177 179 183 186 188 195 197 201 205 205 200 178 164 147 163 185 233 246 248 247 247 247 247 247 247 247 247 247 247 
247 247 247 247 247 247 247 247 247 247 247 250 239 189 137 103 97 99 103 94 92 92 103 110 132 135 139 139 140 141 142 142 146 148 151 154 155 157 156 155 156 158 160 162 163 165 169 172 178 178 178 179 181 184 187 189 194 195 198 203 203 201 181 167 151 161 177 226 240 248 247 247 247 247 247 247 247 247 247 247 
247 247 247 247 247 247 247 247 247 247 247 249 230 152 115 90 95 101 110 103 99 91 99 104 126 129 134 133 133 133 134 135 140 143 148 154 157 159 158 157 156 158 162 163 164 166 172 176 187 186 184 184 185 190 192 194 193 193 194 199 200 201 181 168 163 164 166 205 222 250 248 247 247 247 247 247 247 247 247 247 
247 247 247 247 247 247 247 247 247 247 248 242 217 126 106 93 96 99 103 101 99 91 100 105 122 125 130 129 129 129 129 130 133 135 137 145 148 153 152 152 153 156 160 161 162 163 170 175 185 184 182 180 181 184 187 189 189 189 190 195 197 201 183 171 165 166 168 191 207 249 248 247 247 247 247 247 247 247 247 247 
247 247 247 247 247 247 247 247 247 248 249 237 209 108 100 95 97 98 99 101 99 91 100 106 120 123 127 127 127 126 127 127 128 129 130 139 143 149 148 148 151 154 158 160 161 162 169 174 184 182 180 178 178 180 183 185 186 186 187 193 196 202 185 174 167 168 170 181 197 248 247 247 247 247 247 247 247 247 247 247 
247 247 247 247 247 247 247 247 247 249 251 226 194 90 91 91 98 101 106 104 102 98 100 102 111 115 122 122 122 121 122 123 123 123 124 130 134 142 144 145 146 150 155 158 159 161 166 170 181 180 179 177 177 179 181 183 183 183 184 185 188 198 187 180 163 171 184 182 193 243 246 248 247 247 247 247 247 247 247 247 
247 247 247 247 247 247 247 247 247 249 251 221 189 91 91 91 102 106 112 104 101 98 101 104 112 115 119 121 121 122 124 125 127 128 129 135 138 145 147 148 149 152 157 159 160 161 164 167 178 177 177 176 176 178 181 183 184 184 185 185 187 196 188 182 167 173 181 177 189 239 245 248 247 247 247 247 247 247 247 247 
247 247 247 247 247 247 247 247 247 249 252 214 183 93 92 91 107 113 121 105 100 98 103 107 114 114 115 119 121 125 126 127 133 135 138 142 144 150 151 152 154 156 159 161 161 161 162 162 173 173 174 176 176 178 182 184 186 186 186 185 186 192 188 186 173 175 178 171 182 234 243 249 247 247 247 247 247 247 247 247 
247 247 247 247 247 247 247 247 247 249 253 201 169 90 92 93 119 121 125 110 105 101 109 114 120 118 116 117 119 124 130 133 139 142 145 148 150 154 156 157 159 161 165 164 164 164 163 162 169 171 174 177 178 181 185 188 191 189 187 184 185 189 192 193 180 178 175 171 181 222 239 250 247 247 247 247 247 247 247 247 
247 247 247 247 247 247 247 247 247 249 253 196 164 92 93 94 121 122 124 110 106 103 111 117 122 120 117 117 118 124 130 135 141 143 147 149 151 154 156 157 160 162 166 165 165 165 163 162 167 170 174 177 178 182 186 188 191 189 187 184 185 188 192 194 184 181 176 173 181 216 237 250 247 247 247 247 247 247 247 247 
247 247 247 247 247 247 247 247 247 249 252 192 161 99 98 97 115 115 116 109 107 106 114 120 125 124 123 120 120 123 130 135 142 144 146 148 149 150 154 156 160 162 165 167 167 167 163 161 165 170 177 176 177 180 184 186 187 187 187 187 187 186 190 192 194 191 186 180 184 206 232 250 247 247 247 247 247 247 247 247 
247 247 247 247 247 247 247 247 247 249 251 182 152 103 99 98 108 107 106 106 106 109 115 119 120 120 120 122 124 128 132 135 140 140 142 141 141 141 144 147 152 154 156 158 160 164 159 156 158 164 172 170 170 171 175 177 181 183 186 191 192 193 193 194 196 194 191 182 185 208 233 250 247 247 247 247 247 247 247 247 
247 247 247 247 247 247 247 247 247 249 251 176 147 105 101 98 103 102 100 104 106 112 116 118 117 117 118 124 127 131 133 135 138 138 139 137 136 135 139 141 147 148 150 153 156 162 157 153 154 160 168 166 165 166 170 172 177 181 186 193 196 198 196 195 197 196 195 184 187 210 234 250 247 247 247 247 247 247 247 247 
247 247 247 247 247 247 247 247 248 248 248 161 129 88 84 82 91 91 90 103 108 115 117 119 118 120 124 133 136 138 138 138 131 126 118 112 110 112 114 115 123 126 130 132 136 146 142 139 137 139 143 128 122 112 110 109 123 129 137 151 161 187 197 203 197 196 195 180 182 207 233 250 247 247 247 247 247 247 247 247 
247 247 247 247 247 247 247 247 248 247 247 156 123 82 80 78 88 90 93 105 110 117 119 120 120 124 129 133 132 125 121 118 107 102 95 90 89 90 93 96 108 112 118 123 128 143 139 136 132 129 126 106 98 83 80 78 90 97 106 121 131 160 182 198 199 199 198 180 182 206 232 250 247 247 247 247 247 247 247 247 
247 247 247 247 247 247 247 247 248 247 245 150 115 73 73 73 85 90 97 110 114 120 121 122 123 128 136 133 127 106 95 88 71 67 61 59 58 57 63 67 85 91 101 111 118 138 135 133 124 115 101 75 62 40 36 33 41 49 61 75 86 119 162 190 203 203 203 181 182 204 232 250 247 247 247 247 247 247 247 247 
247 247 247 247 247 247 247 247 248 246 244 146 110 65 70 74 85 93 105 114 118 122 122 123 124 123 121 97 84 58 51 46 42 41 40 38 37 38 43 46 58 65 75 98 110 135 140 142 120 104 81 71 67 60 61 62 74 82 92 99 101 99 127 146 201 204 209 183 181 201 230 250 247 247 247 247 247 247 247 247 
247 247 247 247 247 247 247 247 249 247 244 146 110 65 70 73 83 93 108 117 120 122 122 122 123 117 108 80 68 48 45 43 44 44 45 40 39 39 44 47 53 59 69 95 109 137 144 148 120 103 78 73 70 63 64 64 76 83 93 101 102 99 120 134 196 202 212 183 180 199 230 250 247 247 247 247 247 247 247 247 
247 247 247 247 247 247 247 247 252 250 247 149 114 73 72 71 78 91 110 121 124 124 122 121 118 99 71 49 47 57 65 71 82 84 86 72 67 64 69 73 62 64 68 94 110 145 155 162 127 111 87 82 76 57 50 46 50 56 66 83 93 118 126 131 177 192 215 183 180 198 230 251 249 248 247 247 247 247 247 247 
247 247 247 247 247 247 247 247 234 231 228 147 118 78 73 69 79 93 115 125 127 125 123 123 101 87 67 60 58 57 53 50 47 50 54 59 59 54 60 64 57 62 68 99 116 151 161 168 132 113 83 73 67 58 52 49 52 59 69 71 74 81 106 123 170 187 213 182 175 177 204 222 241 244 248 247 247 247 247 247 
247 247 247 247 247 247 247 247 222 219 215 147 120 82 74 68 80 95 118 128 129 125 124 124 90 80 64 67 66 57 45 37 24 28 33 51 53 47 54 58 54 60 68 103 121 155 165 172 136 114 81 67 62 58 54 51 53 61 72 64 61 56 93 118 165 184 212 182 172 163 187 203 236 241 248 247 247 247 247 247 
247 247 247 247 248 252 227 210 95 101 109 91 84 72 69 67 90 105 127 125 125 125 123 121 93 86 76 47 39 34 44 51 59 65 75 98 101 90 74 64 58 62 69 107 123 148 159 166 144 131 111 97 90 79 84 88 115 124 138 146 142 118 99 87 139 168 211 190 178 150 142 137 205 224 252 248 247 247 247 247 
247 247 247 247 248 252 219 198 88 94 104 94 88 77 71 68 95 108 127 124 123 122 116 112 85 77 66 50 47 51 60 67 72 76 83 94 95 84 75 69 67 71 78 112 125 146 157 165 150 139 122 111 105 92 92 92 108 115 126 136 136 125 114 106 141 167 205 194 185 160 145 135 203 223 252 248 247 247 247 247 
247 247 247 247 248 253 209 179 77 85 98 97 94 84 75 69 103 113 128 121 119 118 107 99 73 64 51 53 58 76 85 91 93 93 94 89 85 75 77 78 80 85 92 118 128 142 155 163 160 152 139 133 127 113 105 99 97 101 107 121 127 136 135 135 144 165 197 201 196 174 149 133 201 221 252 248 247 247 247 247 
247 247 247 247 248 253 209 180 91 99 111 103 103 106 90 79 98 109 126 122 119 114 103 97 80 79 78 79 79 80 79 79 82 86 92 97 100 105 108 109 99 103 109 127 135 145 154 160 170 165 157 154 152 148 143 140 133 133 133 136 138 148 156 162 167 177 192 202 200 180 156 140 196 218 252 248 247 247 247 247 
247 247 247 247 248 253 208 178 96 104 116 108 108 112 95 84 98 109 126 122 119 114 105 100 89 91 93 93 92 89 87 85 89 93 99 105 108 116 117 117 106 110 116 131 138 148 155 160 174 170 164 161 160 159 154 152 146 145 144 143 145 153 164 172 177 183 191 202 200 182 159 144 193 217 252 248 247 247 247 247 
247 247 247 247 248 253 205 173 102 110 123 122 120 111 101 95 102 112 126 121 119 117 116 115 118 121 125 121 120 120 121 122 131 131 130 129 129 129 121 116 115 120 128 138 143 154 159 163 180 178 174 167 165 165 162 160 160 161 162 158 158 162 175 184 196 194 191 197 196 184 164 151 187 213 252 248 247 247 247 247 
247 247 247 247 248 253 210 182 107 113 123 114 107 88 98 104 117 119 123 120 119 121 119 118 130 133 139 136 135 136 136 136 139 136 131 130 129 128 120 115 112 117 125 139 145 155 158 161 177 177 176 158 152 143 150 155 166 167 168 166 166 169 177 183 199 199 199 188 183 171 164 160 198 219 251 248 247 247 247 247 
247 247 247 247 248 253 214 188 111 116 123 109 99 73 95 110 127 125 121 119 120 123 122 121 138 142 148 146 145 147 146 145 144 139 132 130 130 128 120 114 110 115 123 141 147 155 158 160 176 177 178 153 143 129 143 152 170 171 172 171 171 173 179 183 201 203 205 183 174 162 164 166 206 224 251 248 247 247 247 247 
247 247 247 247 248 250 239 231 130 120 105 88 79 58 92 114 132 126 116 122 123 124 128 130 146 147 148 146 146 148 150 151 145 142 138 134 127 102 98 96 113 119 127 142 147 153 154 155 169 177 188 170 160 140 116 100 119 134 157 169 174 182 186 188 193 201 212 190 179 153 172 184 236 241 249 247 247 247 247 247 
247 247 247 247 247 249 242 238 142 126 101 87 81 69 98 117 131 125 115 119 120 122 127 130 142 142 142 142 143 146 148 148 142 139 134 120 112 95 106 112 125 127 130 140 144 152 153 155 170 177 186 175 170 161 135 118 99 112 132 155 164 177 181 184 188 196 209 190 178 149 172 188 241 244 248 247 247 247 247 247 
247 247 247 247 247 247 248 249 159 134 96 86 84 86 108 123 131 125 115 115 116 120 126 130 136 135 134 137 139 144 145 145 138 134 127 99 91 86 117 137 142 139 134 136 140 150 152 154 173 177 183 184 186 192 164 146 69 80 96 134 148 170 175 179 181 190 204 190 177 142 173 194 248 248 247 247 247 247 247 247 
247 247 247 247 247 247 250 252 175 143 94 90 91 103 118 128 131 126 120 115 114 116 119 121 120 119 119 121 122 126 126 127 122 112 96 77 77 99 114 124 123 119 112 106 108 124 132 136 148 148 147 141 141 144 145 146 101 87 67 96 110 137 147 153 166 177 193 190 181 146 177 197 249 248 247 247 247 247 247 247 
247 247 247 247 247 247 250 253 183 149 96 93 95 108 121 129 131 127 121 115 114 115 116 116 112 111 111 113 114 118 118 118 111 100 83 71 74 97 104 109 105 101 94 89 92 110 119 126 137 135 132 124 124 130 139 146 115 95 64 81 93 122 134 143 159 170 187 189 182 151 180 200 250 249 247 247 247 247 247 247 
247 247 247 247 247 247 250 252 202 164 107 101 102 111 120 126 131 128 123 119 117 115 109 105 94 95 97 99 101 104 103 103 86 75 58 72 77 79 68 60 52 50 48 53 59 79 92 100 115 112 107 97 100 122 136 145 142 118 83 61 63 93 113 126 147 158 175 185 183 167 192 208 250 249 247 247 247 247 247 247 
247 247 247 247 247 247 249 250 220 179 118 110 109 113 117 119 128 126 123 120 118 112 102 95 87 88 89 90 91 93 90 88 65 64 61 75 78 79 68 61 51 49 46 46 49 65 78 86 108 114 122 124 127 136 142 146 145 130 107 70 63 71 94 110 139 150 166 179 182 181 203 219 249 248 247 247 247 247 247 247 
247 247 247 247 247 247 248 249 232 189 125 116 114 114 115 115 127 126 124 121 118 110 97 88 82 83 84 85 85 86 81 78 52 57 64 77 80 79 69 62 50 48 45 41 43 56 69 77 104 115 132 142 145 146 147 147 147 138 124 77 63 57 82 99 134 144 160 176 182 190 212 226 249 248 247 247 247 247 247 247 
247 247 247 247 247 247 247 247 251 226 188 146 135 134 126 121 136 130 122 122 120 110 93 81 73 74 76 72 71 69 59 53 59 67 78 84 85 87 86 85 81 81 80 83 87 99 103 106 113 122 136 146 149 149 148 147 142 140 138 116 100 60 69 75 132 140 153 171 180 201 226 243 248 248 247 247 247 247 247 247 
247 247 247 247 247 247 247 247 250 233 207 152 136 126 140 150 153 140 120 122 120 110 94 83 72 73 75 71 70 66 60 57 63 69 79 85 87 90 90 91 88 89 90 93 96 108 111 113 120 127 137 144 146 144 144 144 141 140 138 122 109 73 76 78 131 141 155 167 174 191 222 243 248 248 247 247 247 247 247 247 
247 247 247 247 247 247 247 247 249 244 236 162 138 115 162 193 178 154 117 123 121 109 95 86 70 72 75 71 68 62 62 62 70 74 80 87 90 95 97 99 100 102 104 107 111 122 124 125 130 134 140 142 141 138 139 139 139 139 139 131 122 92 86 82 131 141 157 161 165 176 216 242 248 248 247 247 247 247 247 247 
247 247 247 247 247 247 247 247 247 247 245 196 181 170 212 240 195 162 113 118 117 107 98 92 70 73 77 77 74 64 68 70 76 78 82 82 82 80 79 78 75 75 74 76 79 90 98 103 108 110 113 115 114 108 88 74 73 86 105 112 111 101 104 106 132 148 170 210 218 214 233 246 247 247 247 247 247 247 247 247 
247 247 247 247 247 247 247 247 247 247 248 214 204 197 230 252 203 168 114 116 115 106 100 95 70 73 77 81 79 67 70 71 72 73 73 71 70 69 70 71 67 67 67 71 74 82 93 99 109 112 116 118 118 114 81 59 46 62 87 105 109 104 112 117 133 151 178 226 236 229 240 247 247 247 247 247 247 247 247 247 
247 247 247 247 247 247 247 247 247 247 247 249 250 251 251 251 222 182 121 115 112 104 102 101 73 74 76 90 91 77 72 68 54 48 38 29 30 40 53 62 61 63 65 79 83 84 99 109 139 145 154 159 161 165 104 64 8 23 46 98 111 111 127 137 136 159 194 240 252 250 248 247 247 247 247 247 247 247 247 247 
247 247 247 247 247 247 247 247 247 247 247 248 248 248 249 249 236 197 139 117 110 102 103 103 83 78 72 91 94 87 77 70 34 28 19 31 41 67 87 100 105 108 113 132 138 140 148 153 178 178 179 184 184 184 123 83 31 54 87 114 120 118 132 141 139 166 208 242 250 248 247 247 247 247 247 247 247 247 247 247 
247 247 247 247 247 247 247 247 247 247 247 247 247 247 248 248 246 208 151 119 109 101 103 105 90 82 69 92 97 94 80 71 21 15 6 33 49 86 110 126 134 138 145 168 175 178 181 183 204 201 196 200 200 197 136 95 47 74 115 125 126 123 135 143 141 171 217 243 249 247 247 247 247 247 247 247 247 247 247 247 
247 247 247 247 247 247 247 247 247 247 247 247 247 247 247 247 252 230 198 129 110 101 97 94 110 94 70 86 93 106 94 86 69 54 32 55 72 115 132 144 154 159 166 176 183 197 194 192 200 197 193 188 180 154 122 101 123 136 156 130 126 135 136 136 154 186 235 246 249 247 247 247 247 247 247 247 247 247 247 247 
247 247 247 247 247 247 247 247 247 247 247 247 247 247 247 247 251 236 214 140 117 100 95 91 108 96 77 82 89 109 96 87 84 73 57 62 70 96 111 121 125 129 135 149 157 172 172 171 173 170 166 165 161 143 127 116 137 145 157 131 127 136 135 134 163 194 240 246 248 247 247 247 247 247 247 247 247 247 247 247 
247 247 247 247 247 247 247 247 247 247 247 247 247 247 247 247 249 245 238 156 129 100 93 88 106 98 87 77 83 113 99 89 107 102 94 72 67 67 78 86 83 85 89 109 118 135 139 141 133 130 125 131 132 126 133 138 158 158 158 132 128 138 134 132 178 206 247 247 247 247 247 247 247 247 247 247 247 247 247 247 
247 247 247 247 247 247 247 247 247 247 247 247 247 247 247 247 247 248 249 194 164 98 92 88 92 94 96 73 75 105 99 96 106 106 107 92 87 81 83 83 88 94 102 114 118 123 124 125 132 139 151 152 152 147 153 157 164 161 156 136 133 138 138 137 207 224 249 247 247 247 247 247 247 247 247 247 247 247 247 247 
247 247 247 247 247 247 247 247 247 247 247 247 247 247 247 247 247 249 251 212 182 104 94 87 88 91 97 73 73 99 100 100 104 107 110 99 95 87 86 85 90 95 103 114 117 119 120 121 132 141 154 156 156 154 160 164 166 161 154 139 136 137 142 145 220 232 249 247 247 247 247 247 247 247 247 247 247 247 247 247 
247 247 247 247 247 247 247 247 247 247 247 247 247 247 247 247 247 248 249 244 221 133 104 84 83 87 93 79 77 85 100 110 97 103 113 108 105 97 94 92 89 93 98 108 112 118 119 120 131 136 144 150 153 162 167 171 166 158 146 144 142 136 155 168 244 246 248 247 247 247 247 247 247 247 247 247 247 247 247 247 
247 247 247 247 247 247 247 247 247 247 247 247 247 247 247 247 247 247 248 248 234 179 127 92 82 84 87 83 81 77 97 111 93 98 107 110 109 102 98 95 88 88 88 95 99 107 111 113 121 127 136 147 153 164 167 169 161 155 147 146 145 142 177 200 248 247 247 247 247 247 247 247 247 247 247 247 247 247 247 247 
247 247 247 247 247 247 247 247 247 247 247 247 247 247 247 247 247 247 247 251 244 210 142 97 81 82 83 86 84 72 96 112 90 95 103 111 111 105 100 97 88 86 82 86 90 100 105 109 114 120 130 145 152 166 167 168 158 154 148 148 148 147 192 222 250 249 247 247 247 247 247 247 247 247 247 247 247 247 247 247 
247 247 247 247 247 247 247 247 247 247 247 247 247 247 247 247 247 247 247 247 248 252 205 173 82 81 80 86 84 73 86 95 105 99 91 105 109 110 107 105 96 92 85 85 86 90 97 101 113 121 133 149 156 166 164 163 157 157 157 150 158 199 230 250 247 247 247 247 247 247 247 247 247 247 247 247 247 247 247 247 
247 247 247 247 247 247 247 247 247 247 247 247 247 247 247 247 247 247 247 247 248 251 221 201 103 93 78 83 83 77 83 87 108 102 92 103 106 108 106 105 99 96 93 93 94 97 103 106 120 127 137 151 157 166 164 163 159 159 158 159 171 217 236 249 247 247 247 247 247 247 247 247 247 247 247 247 247 247 247 247 
247 247 247 247 247 247 247 247 247 247 247 247 247 247 247 247 247 247 247 247 247 249 246 244 136 112 75 80 82 84 79 75 113 105 94 100 102 106 105 104 103 104 105 106 106 108 112 115 131 136 144 155 160 166 165 164 163 162 161 173 190 244 246 248 247 247 247 247 247 247 247 247 247 247 247 247 247 247 247 247 
247 247 247 247 247 247 247 247 247 247 247 247 247 247 247 247 247 247 247 247 247 247 248 250 209 166 100 80 78 87 80 75 95 101 109 102 102 105 104 104 103 105 109 113 115 120 125 129 141 144 149 156 158 161 162 162 167 167 168 205 221 249 248 247 247 247 247 247 247 247 247 247 247 247 247 247 247 247 247 247 
247 247 247 247 247 247 247 247 247 247 247 247 247 247 247 247 247 247 247 247 247 247 249 250 233 190 126 86 78 86 80 76 88 98 112 105 103 106 105 105 104 107 111 116 119 124 130 133 144 147 151 157 158 159 161 163 169 172 176 218 233 249 248 247 247 247 247 247 247 247 247 247 247 247 247 247 247 247 247 247 
247 247 247 247 247 247 247 247 247 247 247 247 247 247 247 247 247 247 247 247 247 247 247 247 253 233 204 110 86 80 82 83 76 90 110 110 110 110 109 109 110 113 117 122 124 128 133 136 144 148 155 160 160 154 161 165 173 185 202 240 249 247 247 247 247 247 247 247 247 247 247 247 247 247 247 247 247 247 247 247 
247 247 247 247 247 247 247 247 247 247 247 247 247 247 247 247 247 247 247 247 247 247 247 247 249 243 233 159 128 78 79 80 75 84 97 107 110 113 115 117 113 114 116 120 121 124 128 130 140 144 150 156 157 155 163 168 179 196 222 243 248 247 247 247 247 247 247 247 247 247 247 247 247 247 247 247 247 247 247 247 
247 247 247 247 247 247 247 247 247 247 247 247 247 247 247 247 247 247 247 247 247 247 247 247 247 249 253 192 157 77 78 79 74 80 89 105 110 115 119 122 115 115 116 118 120 122 125 127 137 141 147 154 156 156 164 170 183 204 235 246 249 247 247 247 247 247 247 247 247 247 247 247 247 247 247 247 247 247 247 247 
247 247 247 247 247 247 247 247 247 247 247 247 247 247 247 247 247 247 247 247 247 247 247 247 247 247 248 250 233 164 108 70 68 70 72 86 91 98 105 109 118 119 120 121 121 122 123 123 135 137 139 147 150 155 158 160 211 227 250 248 247 247 247 247 247 247 247 247 247 247 247 247 247 247 247 247 247 247 247 247 
247 247 247 247 247 247 247 247 247 247 247 247 247 247 247 247 247 247 247 247 247 247 247 247 247 247 248 249 239 198 143 106 71 69 66 76 81 88 95 99 109 111 115 118 119 121 121 121 130 131 133 139 140 142 154 162 224 234 249 247 247 247 247 247 247 247 247 247 247 247 247 247 247 247 247 247 247 247 247 247 
247 247 247 247 247 247 247 247 247 247 247 247 247 247 247 247 247 247 247 247 247 247 247 247 247 247 247 249 249 249 196 161 76 68 57 63 66 74 81 85 96 100 107 114 117 121 119 118 122 123 125 127 126 123 149 166 245 246 248 247 247 247 247 247 247 247 247 247 247 247 247 247 247 247 247 247 247 247 247 247 
247 247 247 247 247 247 247 247 247 247 247 247 247 247 247 247 247 247 247 247 247 247 247 247 247 247 247 247 247 248 239 232 185 160 122 83 71 61 61 62 69 74 80 89 93 98 97 96 99 99 99 101 109 140 188 220 249 248 247 247 247 247 247 247 247 247 247 247 247 247 247 247 247 247 247 247 247 247 247 247 
247 247 247 247 247 247 247 247 247 247 247 247 247 247 247 247 247 247 247 247 247 247 247 247 247 247 247 247 247 248 249 249 221 197 160 117 103 86 80 76 70 70 71 78 81 87 86 85 89 92 96 109 123 164 208 237 249 248 247 247 247 247 247 247 247 247 247 247 247 247 247 247 247 247 247 247 247 247 247 247 
247 247 247 247 247 247 247 247 247 247 247 247 247 247 247 247 247 247 247 247 247 247 247 247 247 247 247 247 247 247 247 247 252 252 251 234 224 198 172 154 99 85 63 57 57 62 63 63 74 90 113 169 195 242 247 250 247 247 247 247 247 247 247 247 247 247 247 247 247 247 247 247 247 247 247 247 247 247 247 247 
247 247 247 247 247 247 247 247 247 247 247 247 247 247 247 247 247 247 247 247 247 247 247 247 247 247 247 247 247 247 247 247 249 249 248 243 240 231 221 214 187 175 158 147 144 143 145 146 162 174 192 218 228 246 247 248 247 247 247 247 247 247 247 247 247 247 247 247 247 247 247 247 247 247 247 247 247 247 247 247 
247 247 247 247 247 247 247 247 247 247 247 247 247 247 247 247 247 247 247 247 247 247 247 247 247 247 247 247 247 247 247 247 247 247 247 249 251 253 254 254 245 235 221 207 202 197 200 202 221 231 245 251 251 248 247 247 247 247 247 247 247 247 247 247 247 247 247 247 247 247 247 247 247 247 247 247 247 247 247 247 
