247 247 247 247 247 247 247 247 247 247 247 247 247 247 248 249 241 208 160 145 131 124 123 118 120 110 99 91 86 82 86 93 94 94 95 102 109 106 110 121 137 149 162 214 241 249 247 247 247 247 247 247 247 247 247 247 247 247 247 247 
247 247 247 247 247 247 247 247 247 247 247 247 247 248 247 231 199 163 150 131 118 113 112 105 103 99 87 83 86 85 84 89 93 97 103 111 113 104 104 106 112 132 149 171 211 240 248 247 247 247 247 247 247 247 247 247 247 247 247 247 
247 247 247 247 247 247 247 247 247 247 247 247 248 247 224 191 160 139 131 114 105 102 102 101 95 92 87 89 96 99 109 102 100 107 119 128 122 111 111 113 115 123 137 146 176 216 247 248 247 247 247 247 247 247 247 247 247 247 247 247 
247 247 247 247 247 247 247 247 247 247 247 247 248 226 188 153 128 114 111 101 100 103 106 114 111 109 111 114 119 122 137 129 126 132 144 151 146 138 141 146 148 144 148 149 158 184 219 236 248 247 247 247 247 247 247 247 247 247 247 247 
247 247 247 247 247 247 247 247 247 247 247 248 234 184 151 127 106 90 98 103 113 121 128 140 141 142 146 147 145 146 154 156 159 163 169 172 174 173 178 185 190 185 180 174 164 161 173 208 248 247 247 247 247 247 247 247 247 247 247 247 
247 247 247 247 247 247 247 247 247 247 248 250 184 135 124 113 94 88 108 130 147 155 155 156 156 154 155 156 155 153 153 158 165 171 173 175 176 178 182 189 200 211 212 207 192 169 153 173 242 247 247 247 247 247 247 247 247 247 247 247 
247 247 247 247 247 247 247 247 247 249 242 205 117 105 101 96 92 103 133 147 153 154 153 152 153 155 155 154 153 152 151 153 159 165 169 171 172 172 174 179 187 199 209 211 210 197 171 142 179 229 245 248 247 247 247 247 247 247 247 247 
247 247 247 247 247 247 247 247 248 244 220 151 109 100 100 97 96 112 137 145 148 149 150 150 150 153 154 154 154 153 153 156 160 164 165 168 170 171 173 177 184 191 202 207 210 204 185 149 152 202 236 249 247 247 247 247 247 247 247 247 
247 247 247 247 247 247 247 247 249 235 194 118 101 100 96 93 96 112 135 141 143 144 145 146 149 151 153 155 155 155 155 158 161 164 165 169 173 174 176 179 184 188 196 201 205 204 192 160 147 182 224 247 247 247 247 247 247 247 247 247 
247 247 247 247 247 247 247 247 249 223 164 99 96 103 98 93 95 108 131 136 138 138 139 140 145 149 153 156 157 156 156 160 162 164 167 173 180 179 180 183 187 190 193 196 201 202 194 167 154 170 209 239 248 247 247 247 247 247 247 247 
247 247 247 247 247 247 247 247 247 205 133 91 95 105 104 97 94 104 125 131 132 132 132 133 137 143 149 154 157 155 155 160 162 164 167 176 186 184 183 185 189 192 191 192 196 200 195 169 164 166 192 225 249 247 247 247 247 247 247 247 
247 247 247 247 247 247 247 249 240 184 105 95 97 99 100 97 94 106 120 126 127 127 126 127 128 130 137 144 149 148 151 157 160 161 164 174 184 181 178 178 181 185 186 187 191 197 196 174 167 169 178 210 248 247 247 247 247 247 247 247 
247 247 247 247 247 247 247 250 232 168 90 91 98 104 104 101 99 102 111 120 122 122 121 123 123 124 129 136 143 145 146 153 157 160 163 170 181 179 177 177 180 183 183 184 185 190 194 180 163 180 182 206 244 248 247 247 247 247 247 247 
247 247 247 247 247 247 247 251 225 162 92 91 105 115 108 100 100 106 113 116 119 122 125 126 131 134 139 144 149 151 152 157 160 161 161 164 174 175 175 177 179 184 185 186 185 188 191 185 171 177 174 197 238 249 247 247 247 247 247 247 
247 247 247 247 247 247 247 251 216 152 91 93 116 122 112 103 103 112 118 116 117 121 126 132 138 142 146 149 153 156 158 162 163 163 163 162 170 173 176 178 182 187 189 187 185 186 190 191 178 176 172 192 230 250 247 247 247 247 247 247 
247 247 247 247 247 247 247 251 210 146 94 95 119 121 113 106 106 117 122 119 118 120 126 135 141 145 148 151 154 157 160 164 166 166 165 161 167 173 176 179 182 188 190 188 186 186 189 194 187 180 176 190 221 250 247 247 247 247 247 247 
247 247 247 247 247 247 247 251 204 144 99 97 112 113 109 107 110 119 123 122 121 122 127 135 141 144 145 146 148 153 157 161 163 165 165 159 163 173 174 175 178 183 185 186 188 188 189 193 194 189 182 190 215 250 247 247 247 247 247 247 
247 247 247 247 247 247 247 250 195 136 104 98 103 101 103 108 113 118 117 118 123 128 132 135 138 139 137 136 136 141 147 149 152 157 160 153 154 165 166 165 167 172 177 184 191 196 197 195 197 195 187 193 218 250 247 247 247 247 247 247 
247 247 247 247 247 247 248 248 183 119 87 82 91 90 100 110 116 119 118 123 131 136 138 138 131 121 113 111 113 115 123 129 132 138 145 139 137 142 132 119 111 109 123 134 148 168 190 203 197 195 184 188 216 250 247 247 247 247 247 247 
247 247 247 247 247 247 248 246 175 107 76 75 86 94 105 114 119 121 122 131 133 125 109 98 83 74 70 68 70 77 92 104 113 126 138 134 126 113 91 69 53 48 57 72 86 109 145 192 202 201 186 187 214 250 247 247 247 247 247 247 
247 247 247 247 247 247 248 245 171 100 68 73 85 99 111 118 121 123 123 125 110 88 67 57 49 46 43 42 44 51 64 78 97 118 137 140 121 93 75 63 55 54 66 81 91 99 115 157 202 206 189 186 211 250 247 247 247 247 247 247 
247 247 247 247 247 247 250 246 171 100 68 73 82 103 115 121 123 122 121 104 79 59 50 50 54 55 50 46 47 54 55 66 88 116 141 152 122 89 76 69 61 60 70 83 94 101 109 133 191 208 190 185 209 250 248 247 247 247 247 247 
247 247 247 247 247 247 246 242 171 105 74 70 78 105 120 125 123 122 112 78 57 52 58 64 70 74 69 63 62 70 60 66 89 121 150 164 129 94 81 69 55 47 50 64 76 91 110 128 175 206 191 181 201 241 246 247 247 247 247 247 
247 247 247 247 247 247 222 216 164 111 79 68 80 110 125 128 125 124 90 69 66 64 53 37 24 31 46 52 49 58 54 65 94 129 158 172 136 92 70 61 57 51 53 68 66 60 68 118 165 203 189 170 171 203 236 246 247 247 247 247 
247 247 247 249 244 210 95 106 96 81 71 67 90 120 126 125 124 121 93 79 54 38 37 51 59 72 92 98 85 64 58 67 98 129 152 166 144 118 100 87 81 88 115 133 144 136 112 87 139 197 195 171 147 137 205 243 249 247 247 247 
247 247 247 249 239 185 81 96 97 89 79 68 100 122 123 120 116 103 77 60 53 58 70 83 86 89 91 86 77 75 75 85 109 131 147 163 157 138 127 116 104 97 101 110 123 130 131 125 143 188 199 187 162 134 202 242 249 247 247 247 
247 247 247 249 238 180 88 104 103 100 96 76 99 121 123 118 111 97 78 73 72 75 80 82 84 91 94 96 98 101 94 102 120 136 148 161 167 156 150 144 137 130 124 126 131 138 147 155 161 187 200 194 171 138 197 241 249 247 247 247 
247 247 247 249 238 177 98 114 113 111 106 86 99 120 123 118 112 103 96 100 100 98 96 94 100 105 110 115 119 116 108 117 129 141 152 161 175 168 163 161 159 154 149 149 147 150 159 175 182 189 198 195 175 145 192 240 249 247 247 247 
247 247 247 249 238 176 104 119 120 113 102 98 107 121 122 119 118 116 122 128 127 125 126 127 134 131 129 129 126 116 114 124 135 146 156 162 179 176 167 160 158 158 162 163 161 161 168 184 197 194 194 188 174 154 191 239 249 247 247 247 
247 247 247 249 240 188 111 121 113 93 80 110 127 122 120 121 123 121 138 146 146 146 147 145 144 134 131 129 125 114 110 120 136 149 156 160 176 178 159 140 134 152 170 172 171 172 175 183 201 204 188 171 163 166 206 242 249 247 247 247 
247 247 247 248 246 231 130 110 92 74 69 114 132 119 120 123 125 130 146 148 146 146 149 151 145 139 135 121 101 96 113 124 138 149 153 155 169 184 174 155 132 100 119 149 166 176 183 188 193 208 196 172 159 184 236 246 248 247 247 247 
247 247 247 247 247 245 153 109 89 82 88 121 131 118 116 118 123 130 138 137 138 142 145 146 139 131 112 96 97 129 136 133 136 143 151 154 172 182 182 181 172 137 79 102 132 158 174 181 183 201 194 169 154 192 245 247 247 247 247 247 
247 247 247 247 248 251 171 110 90 92 104 127 131 121 115 115 118 123 124 123 124 127 131 131 126 108 88 84 102 127 128 119 114 120 133 141 154 156 153 153 154 146 93 78 97 126 148 160 169 190 192 171 155 196 249 247 247 247 247 247 
247 247 247 247 248 253 188 117 96 100 112 128 131 124 117 115 114 113 107 108 109 112 115 114 105 82 73 79 93 96 92 85 81 88 106 119 131 127 119 120 131 145 122 80 74 92 119 138 156 178 187 176 164 202 250 248 247 247 247 247 
247 247 247 247 248 251 208 130 106 106 114 124 130 124 120 116 111 101 91 94 96 98 100 98 79 63 70 77 75 60 52 48 50 60 79 95 113 112 108 114 131 145 143 101 70 68 93 121 144 166 180 180 179 211 250 248 247 247 247 247 
247 247 247 247 247 249 232 146 118 114 114 115 127 125 122 116 106 88 82 84 85 85 84 78 52 62 74 80 76 62 50 46 42 46 60 77 104 126 140 145 146 147 147 129 89 62 65 99 134 155 172 184 197 226 249 247 247 247 247 247 
247 247 247 247 247 247 251 201 156 135 131 121 136 125 122 117 104 81 73 75 73 70 66 53 59 74 82 86 87 85 81 80 82 90 100 106 113 131 144 149 149 147 142 139 121 90 63 75 132 149 166 185 209 243 248 247 247 247 247 247 
247 247 247 247 247 247 249 231 176 133 131 178 169 128 121 118 104 85 70 74 72 67 63 60 68 77 85 90 94 96 96 99 101 109 118 121 126 137 142 142 140 140 139 139 131 109 84 81 131 151 161 171 193 242 248 247 247 247 247 247 
247 247 247 247 247 247 248 244 202 167 171 228 190 129 118 115 104 91 70 75 76 71 65 68 74 80 83 84 83 83 81 82 83 90 100 108 113 118 121 119 111 90 89 109 116 110 99 100 132 160 190 205 213 245 247 247 247 247 247 247 
247 247 247 247 247 247 247 247 229 214 219 251 208 134 116 112 104 97 71 76 82 79 70 70 68 65 61 60 63 69 66 66 71 78 87 102 117 123 128 128 113 60 37 69 97 109 109 122 134 172 217 238 237 247 247 247 247 247 247 247 
247 247 247 247 247 247 247 247 248 250 250 250 227 147 119 109 103 102 76 75 87 89 78 68 47 35 30 37 54 75 76 80 93 102 107 124 152 160 166 169 151 70 16 51 92 114 118 138 137 186 230 251 249 247 247 247 247 247 247 247 
247 247 247 247 247 247 247 247 247 247 247 248 246 170 127 107 102 105 90 73 86 96 89 71 21 9 26 58 94 126 134 143 162 176 179 183 204 198 199 199 177 95 47 101 122 125 127 143 141 202 237 249 247 247 247 247 247 247 247 247 
247 247 247 247 247 247 247 247 247 247 247 247 252 209 146 108 100 94 110 78 82 96 102 86 69 39 49 83 121 144 154 164 174 186 196 192 200 194 189 174 143 101 123 149 137 128 135 136 154 219 243 248 247 247 247 247 247 247 247 247 
247 247 247 247 247 247 247 247 247 247 247 247 249 234 171 119 98 89 107 88 80 91 107 88 99 85 72 70 81 98 97 103 118 135 148 151 146 140 142 139 131 130 151 156 138 130 136 133 173 230 246 247 247 247 247 247 247 247 247 247 
247 247 247 247 247 247 247 247 247 247 247 247 248 247 200 141 96 88 96 94 79 84 104 94 106 104 91 81 79 84 87 96 109 120 126 129 132 142 146 145 144 152 163 158 141 133 137 136 199 239 248 247 247 247 247 247 247 247 247 247 
247 247 247 247 247 247 247 247 247 247 247 247 247 250 228 172 106 86 86 94 80 80 97 103 102 109 104 95 89 87 90 99 110 117 119 120 131 148 154 155 158 165 166 155 143 137 140 150 226 244 248 247 247 247 247 247 247 247 247 247 
247 247 247 247 247 247 247 247 247 247 247 247 247 248 246 206 136 86 82 89 83 79 88 110 96 108 109 104 97 93 89 93 102 109 115 118 128 138 147 155 164 170 164 150 145 142 146 179 245 247 247 247 247 247 247 247 247 247 247 247 
247 247 247 247 247 247 247 247 247 247 247 247 247 247 250 235 187 97 81 83 85 81 80 112 90 100 109 110 103 97 88 83 85 92 102 109 114 127 141 156 166 168 158 150 148 148 162 222 250 248 247 247 247 247 247 247 247 247 247 247 
247 247 247 247 247 247 247 247 247 247 247 247 247 247 247 249 236 173 82 80 84 81 77 95 105 94 102 109 109 105 96 87 85 87 92 101 113 129 145 158 165 163 157 157 152 168 209 250 247 247 247 247 247 247 247 247 247 247 247 247 
247 247 247 247 247 247 247 247 247 247 247 247 247 247 247 248 246 230 125 86 80 82 81 79 111 97 99 104 106 104 101 101 101 103 106 112 127 139 151 160 165 164 162 160 166 196 238 248 247 247 247 247 247 247 247 247 247 247 247 247 
247 247 247 247 247 247 247 247 247 247 247 247 247 247 247 247 248 248 191 113 83 81 84 75 100 104 103 103 105 104 103 107 110 114 119 126 139 146 154 160 162 163 166 166 189 222 247 247 247 247 247 247 247 247 247 247 247 247 247 247 
247 247 247 247 247 247 247 247 247 247 247 247 247 247 247 247 247 249 238 164 105 81 83 78 85 106 107 105 107 106 106 111 116 121 127 134 144 150 156 159 159 163 170 180 213 240 248 247 247 247 247 247 247 247 247 247 247 247 247 247 
247 247 247 247 247 247 247 247 247 247 247 247 247 247 247 247 247 247 252 221 148 95 80 82 76 100 108 110 111 111 111 115 120 124 128 134 142 151 157 158 157 166 175 202 233 248 247 247 247 247 247 247 247 247 247 247 247 247 247 247 
247 247 247 247 247 247 247 247 247 247 247 247 247 247 247 247 247 247 247 252 207 137 77 79 74 86 101 111 116 122 115 116 118 120 123 127 137 145 152 156 159 170 183 225 243 248 247 247 247 247 247 247 247 247 247 247 247 247 247 247 
247 247 247 247 247 247 247 247 247 247 247 247 247 247 247 247 247 247 247 248 249 216 145 70 68 71 82 93 100 109 118 120 121 121 122 123 135 138 145 151 156 160 211 242 248 247 247 247 247 247 247 247 247 247 247 247 247 247 247 247 
247 247 247 247 247 247 247 247 247 247 247 247 247 247 247 247 247 247 247 247 248 242 214 143 74 63 65 73 81 90 100 108 114 119 121 119 125 127 130 131 136 165 238 246 247 247 247 247 247 247 247 247 247 247 247 247 247 247 247 247 
247 247 247 247 247 247 247 247 247 247 247 247 247 247 247 247 247 247 247 247 247 248 242 214 158 116 85 68 65 67 76 84 93 100 104 102 105 105 107 119 150 207 248 247 247 247 247 247 247 247 247 247 247 247 247 247 247 247 247 247 
247 247 247 247 247 247 247 247 247 247 247 247 247 247 247 247 247 247 247 247 247 247 248 249 229 192 156 128 110 95 77 71 72 77 80 80 85 97 118 152 195 240 249 247 247 247 247 247 247 247 247 247 247 247 247 247 247 247 247 247 
247 247 247 247 247 247 247 247 247 247 247 247 247 247 247 247 247 247 247 247 247 247 247 247 251 250 240 224 202 174 128 101 89 87 89 91 103 132 174 215 244 249 247 247 247 247 247 247 247 247 247 247 247 247 247 247 247 247 247 247 
247 247 247 247 247 247 247 247 247 247 247 247 247 247 247 247 247 247 247 247 247 247 247 247 247 247 249 251 253 254 245 226 210 201 198 202 221 240 249 250 248 247 247 247 247 247 247 247 247 247 247 247 247 247 247 247 247 247 247 247 
