247 247 247 247 247 247 247 247 247 247 247 247 247 247 247 247 247 247 247 247 247 248 249 249 249 216 208 160 156 141 134 124 124 124 119 118 120 117 107 102 94 90 87 83 82 86 88 95 95 94 93 93 100 102 109 108 105 108 113 126 134 146 149 162 175 227 237 251 249 247 247 247 247 247 247 247 247 247 247 247 247 247 247 247 247 247 247 247 247 247 
247 247 247 247 247 247 247 247 247 247 247 247 247 247 247 247 247 247 247 247 247 248 248 242 239 205 197 157 153 137 131 121 121 121 116 115 116 113 105 99 90 88 87 84 83 86 87 94 94 94 94 95 102 104 110 109 104 107 111 121 127 141 145 159 170 214 227 247 247 247 247 247 247 247 247 247 247 247 247 247 247 247 247 247 247 247 247 247 247 247 
247 247 247 247 247 247 247 247 247 247 247 247 247 247 247 247 247 247 247 247 249 247 245 217 198 161 152 147 142 123 118 110 111 112 104 102 99 98 96 88 77 83 87 86 86 84 85 89 91 95 100 103 112 114 114 112 102 102 103 102 101 123 128 146 150 164 190 230 241 249 247 247 247 247 247 247 247 247 247 247 247 247 247 247 247 247 247 247 247 247 
247 247 247 247 247 247 247 247 247 247 247 247 247 247 247 247 247 247 248 248 247 236 221 194 176 150 143 136 132 114 110 104 105 105 102 101 96 96 93 88 82 88 93 94 95 101 100 97 97 98 106 112 121 123 119 117 106 107 110 109 109 122 125 140 143 153 175 207 231 247 248 248 247 247 247 247 247 247 247 247 247 247 247 247 247 247 247 247 247 247 
247 247 247 247 247 247 247 247 247 247 247 247 247 247 247 247 247 247 249 248 245 221 184 160 144 133 130 121 117 101 99 96 96 96 99 100 93 92 88 88 89 97 102 107 108 126 123 109 107 103 117 126 136 138 128 125 112 115 120 121 122 120 120 132 133 138 152 172 216 245 248 249 247 247 247 247 247 247 247 247 247 247 247 247 247 247 247 247 247 247 
247 247 247 247 247 247 247 247 247 247 247 247 247 247 247 247 247 248 248 240 208 188 159 139 125 110 106 106 104 98 100 104 107 108 119 121 120 120 119 121 124 125 126 129 129 143 142 137 137 136 145 150 156 158 155 154 148 151 156 160 163 157 155 156 156 154 157 161 183 199 224 230 249 248 247 247 247 247 247 247 247 247 247 247 247 247 247 247 247 247 
247 247 247 247 247 247 247 247 247 247 247 247 247 247 247 247 248 248 247 234 183 167 142 125 113 95 91 96 96 96 102 110 114 117 132 136 138 138 140 143 147 144 142 144 144 154 154 156 157 158 163 167 170 171 174 174 172 176 181 186 190 181 179 172 171 165 160 153 162 168 207 217 250 249 247 247 247 247 247 247 247 247 247 247 247 247 247 247 247 247 
247 247 247 247 247 247 247 247 247 247 247 247 247 247 247 248 249 249 196 184 135 132 127 110 99 91 88 105 110 127 135 146 147 147 151 152 152 152 151 152 154 153 152 151 151 153 154 158 162 167 170 172 174 174 176 176 177 179 183 191 196 203 205 204 203 198 189 177 162 152 176 182 244 244 248 247 247 247 247 247 247 247 247 247 247 247 247 247 247 247 
247 247 247 247 247 247 247 247 247 247 247 247 247 247 248 248 250 250 184 172 123 123 124 107 96 90 88 108 113 135 143 155 155 155 156 156 156 156 154 155 156 155 155 153 153 153 154 159 163 169 171 173 175 175 176 176 178 180 184 192 197 208 211 212 211 206 197 183 162 148 168 173 242 243 248 248 247 247 247 247 247 247 247 247 247 247 247 247 247 247 
247 247 247 247 247 247 247 247 247 247 247 247 247 247 249 251 214 205 117 114 102 102 101 94 89 100 103 133 137 151 153 155 154 153 152 152 153 153 155 155 155 154 153 152 152 151 152 154 158 163 166 168 170 171 172 172 172 174 176 181 184 196 199 209 210 212 211 209 190 178 149 142 179 191 241 244 248 247 247 247 247 247 247 247 247 247 247 247 247 247 
247 247 247 247 247 247 247 247 247 247 247 247 247 247 247 248 203 191 115 112 101 101 101 94 89 102 105 134 137 150 151 153 153 152 151 152 152 153 154 154 155 154 153 152 152 152 152 154 158 163 166 167 170 170 172 172 172 173 176 180 183 194 197 207 208 211 210 209 193 182 151 144 172 185 234 240 248 248 247 247 247 247 247 247 247 247 247 247 247 247 
247 247 247 247 247 247 247 247 247 247 247 247 248 249 240 234 156 137 107 105 97 99 101 96 92 110 115 138 140 146 147 148 149 149 150 150 150 151 153 153 154 154 154 154 154 154 155 157 159 163 164 164 166 167 170 170 171 172 174 179 182 188 189 200 202 208 209 211 203 198 160 151 145 158 208 225 251 249 247 247 247 247 247 247 247 247 247 247 247 247 
247 247 247 247 247 247 247 247 247 247 247 247 248 250 232 219 144 124 103 102 98 98 96 94 92 109 113 136 138 143 144 145 146 146 147 148 149 150 153 153 154 155 155 154 154 155 155 158 160 163 164 164 168 168 172 172 173 174 176 180 182 187 188 198 199 204 206 208 203 199 166 157 146 156 197 217 248 248 247 247 247 247 247 247 247 247 247 247 247 247 
247 247 247 247 247 247 247 247 247 247 247 247 249 252 220 198 124 106 97 98 101 97 90 92 93 107 111 134 135 140 140 141 142 143 144 144 148 149 152 153 154 156 157 155 155 156 157 160 161 163 164 165 170 171 176 176 176 177 179 181 183 187 188 194 195 199 201 205 203 201 174 167 148 154 180 206 244 246 248 247 247 247 247 247 247 247 247 247 247 247 
247 247 247 247 247 247 247 247 247 247 247 247 248 251 202 170 111 96 96 98 106 102 96 94 92 104 107 129 131 136 136 136 137 137 138 139 143 144 150 152 155 157 158 156 156 156 157 161 162 163 164 165 172 174 182 182 181 181 182 185 187 191 191 193 194 196 198 202 201 201 174 168 157 160 171 193 227 240 249 247 247 247 247 247 247 247 247 247 247 247 
247 247 247 247 247 247 247 247 247 247 247 247 248 250 191 152 102 90 95 98 110 106 101 95 91 101 104 126 128 134 134 133 133 133 135 135 140 142 148 151 156 158 159 157 157 156 157 162 162 163 165 166 174 176 187 186 184 184 184 188 190 193 194 193 193 194 196 200 201 201 175 168 163 164 166 186 215 236 250 248 247 247 247 247 247 247 247 247 247 247 
247 247 247 247 247 247 247 247 247 247 247 248 244 237 165 117 99 94 97 97 101 101 101 95 91 103 106 121 123 128 128 128 128 127 128 129 130 131 133 138 144 148 151 150 150 152 153 159 160 161 162 163 172 174 184 184 181 180 178 181 182 186 187 187 187 188 191 195 199 202 178 173 166 167 169 177 190 225 248 247 247 247 247 247 247 247 247 247 247 247 
247 247 247 247 247 247 247 247 247 247 247 249 243 234 158 108 98 95 97 97 99 100 101 95 91 103 106 120 121 127 127 127 126 126 127 127 128 128 130 134 141 146 149 148 148 151 152 158 159 161 162 162 172 174 184 183 180 179 177 179 180 184 185 186 186 187 190 194 199 202 180 174 167 168 170 176 184 222 248 247 247 247 247 247 247 247 247 247 247 247 
247 247 247 247 247 247 247 247 247 247 248 251 239 220 142 90 91 91 98 100 106 105 103 100 98 101 102 111 113 122 122 122 121 121 123 123 123 123 124 127 132 138 142 144 145 146 148 155 157 159 160 161 168 170 181 181 179 178 176 178 179 182 183 183 183 184 184 185 193 198 184 180 163 167 184 183 181 218 243 247 248 247 247 247 247 247 247 247 247 247 
247 247 247 247 247 247 247 247 247 247 248 251 237 217 141 90 91 91 100 101 109 106 102 100 98 102 103 112 113 121 121 122 122 122 123 124 125 125 127 130 134 140 144 146 146 148 149 156 157 159 160 161 167 168 179 179 178 177 176 177 179 182 183 183 184 184 184 185 192 197 184 181 165 168 183 181 179 216 241 247 248 247 247 247 247 247 247 247 247 247 
247 247 247 247 247 247 247 247 247 247 248 252 233 205 138 93 91 91 107 110 121 113 101 99 98 105 107 114 114 115 117 120 123 125 127 127 133 134 138 140 143 147 150 152 152 154 155 159 160 161 161 161 162 162 173 173 174 175 176 177 178 183 184 186 186 186 186 185 189 192 187 186 173 174 178 174 169 208 234 246 249 247 247 247 247 247 247 247 247 247 
247 247 247 247 247 247 247 247 247 247 248 252 230 197 134 92 92 92 113 115 123 115 103 101 100 108 110 117 116 115 117 119 122 125 129 130 136 137 142 143 146 149 152 154 154 156 157 162 162 162 162 162 162 162 171 171 174 175 177 178 180 185 186 188 188 186 185 184 188 191 190 189 177 176 176 174 170 205 228 245 249 247 247 247 247 247 247 247 247 247 
247 247 247 247 247 247 247 247 247 247 248 253 225 184 128 90 93 94 122 123 126 118 107 104 102 113 116 121 120 116 116 117 121 124 133 135 141 142 147 148 150 153 155 157 158 160 161 166 166 165 165 165 163 162 168 169 174 176 178 180 182 188 189 192 191 187 185 183 187 189 194 195 182 180 174 173 171 200 219 244 250 247 247 247 247 247 247 247 247 247 
247 247 247 247 247 247 247 247 247 247 248 252 223 180 129 95 96 96 118 118 120 115 107 105 104 116 118 123 123 120 119 118 121 123 133 135 141 142 146 148 149 151 152 156 157 160 161 165 165 166 166 166 162 161 166 168 176 176 177 179 181 186 187 189 188 187 186 185 186 187 192 193 189 187 181 179 175 197 211 242 250 247 247 247 247 247 247 247 247 247 
247 247 247 247 247 247 247 247 247 247 248 252 222 177 130 99 97 97 115 115 116 112 107 106 106 117 120 125 125 123 121 119 121 123 133 135 142 143 146 147 149 150 150 155 156 160 161 165 166 167 167 167 162 161 165 167 177 177 176 178 180 185 186 187 187 187 187 187 186 186 191 192 194 192 186 183 178 195 206 241 250 247 247 247 247 247 247 247 247 247 
247 247 247 247 247 247 247 247 247 247 248 251 215 161 127 104 99 98 105 105 103 104 105 109 111 117 118 119 118 119 121 125 127 129 134 135 139 139 140 139 139 138 138 143 144 150 150 153 154 156 160 163 156 154 156 159 170 169 167 168 169 173 175 179 180 186 189 193 195 195 194 194 196 196 193 188 180 197 209 242 250 247 247 247 247 247 247 247 247 247 
247 247 247 247 247 247 247 247 247 247 248 251 213 157 126 105 99 98 103 102 100 102 105 109 112 117 118 117 117 118 121 126 129 131 134 135 138 138 139 138 136 135 135 140 141 147 148 150 152 154 159 162 155 153 154 157 168 167 165 166 166 171 172 177 179 186 190 195 197 198 196 195 197 197 195 189 181 198 210 242 250 247 247 247 247 247 247 247 247 247 
247 247 247 247 247 247 247 247 247 248 248 248 204 139 108 88 83 82 91 91 90 96 106 111 115 118 119 118 119 124 128 135 137 138 138 138 131 128 118 115 110 111 112 114 115 123 124 130 131 133 141 146 140 139 137 138 143 135 124 117 112 110 109 123 126 137 144 155 174 187 200 203 197 197 195 187 176 195 207 241 250 247 247 247 247 247 247 247 247 247 
247 247 247 247 247 247 247 247 247 248 248 247 203 136 105 85 81 80 90 90 91 98 107 112 116 119 119 119 120 126 129 134 133 131 129 128 119 116 106 104 99 100 101 104 105 115 117 124 126 129 138 144 139 138 134 134 134 126 113 103 98 94 94 106 110 122 129 139 160 173 195 200 198 198 196 188 176 194 206 241 250 247 247 247 247 247 247 247 247 247 
247 247 247 247 247 247 247 247 247 248 247 245 197 126 94 73 73 73 85 87 97 103 113 117 120 122 122 123 126 136 134 132 116 106 92 88 71 69 61 60 58 57 57 65 67 85 88 101 106 113 128 138 134 133 124 119 101 88 68 51 40 34 33 41 45 61 68 78 103 119 176 190 203 203 203 192 176 193 204 241 250 247 247 247 247 247 247 247 247 247 
247 247 247 247 247 247 247 247 247 248 247 245 196 124 91 69 72 73 85 88 101 107 115 118 121 122 122 123 124 129 122 111 94 82 70 67 56 55 50 49 48 47 47 55 56 71 75 88 96 109 125 137 137 138 122 116 91 82 68 57 50 48 47 58 62 76 82 90 101 109 156 168 202 203 206 194 176 192 202 240 250 247 247 247 247 247 247 247 247 247 
247 247 247 247 247 247 247 247 247 248 247 244 195 121 86 63 72 74 85 89 107 111 118 120 122 123 123 124 123 118 103 80 60 46 38 36 35 35 35 34 32 33 33 39 41 51 55 69 82 102 122 135 143 145 119 110 76 73 69 67 65 68 69 83 86 100 103 107 99 94 127 135 201 203 211 197 176 190 200 240 250 247 247 247 247 247 247 247 247 247 
247 247 247 247 247 247 247 247 247 250 249 246 196 123 90 69 71 72 81 86 109 114 121 122 123 122 122 120 114 90 77 58 55 52 56 57 63 63 65 61 54 52 51 58 60 57 60 68 81 101 125 141 152 155 124 115 82 80 76 66 60 56 55 63 66 79 86 95 103 108 128 132 186 192 213 198 175 189 199 240 250 248 248 247 247 247 247 247 247 247 
247 247 247 247 247 247 247 247 247 252 251 247 198 124 93 73 71 71 78 84 110 116 124 124 124 122 121 118 109 71 60 44 52 57 68 71 82 83 86 79 68 66 64 71 73 62 63 68 81 101 127 145 159 162 127 119 87 85 81 67 57 48 46 50 53 66 74 87 106 118 128 131 177 185 215 199 175 189 198 240 251 249 249 247 247 247 247 247 247 247 
247 247 247 247 247 247 247 247 247 228 226 221 184 129 99 80 71 68 79 87 116 121 129 126 125 124 123 95 89 65 64 63 59 57 46 44 35 37 43 49 57 53 50 59 61 55 58 68 85 110 136 153 166 170 134 124 82 76 66 61 58 51 50 52 56 71 69 67 68 68 110 120 167 176 213 197 174 172 170 204 212 239 240 248 247 247 247 247 247 247 
247 247 247 247 247 247 247 247 247 222 221 215 181 130 101 82 71 68 80 88 118 123 130 127 125 124 124 90 85 64 66 68 61 57 41 37 24 26 33 42 55 50 47 56 58 54 57 68 86 112 138 155 169 172 136 125 81 74 63 60 58 52 51 53 57 72 68 62 58 56 106 118 165 174 212 197 174 167 163 195 203 236 238 248 248 247 247 247 247 247 
247 247 247 247 247 250 252 218 210 95 98 109 100 87 78 72 68 67 90 97 127 126 125 125 125 122 121 93 90 76 62 40 36 34 48 51 59 62 75 87 104 96 90 69 64 58 60 69 88 117 136 148 162 166 144 137 111 104 93 85 79 86 88 115 120 138 142 148 130 118 93 87 139 153 211 201 185 164 150 140 137 205 214 252 250 247 247 247 247 247 
247 247 247 247 247 250 252 213 204 91 94 107 100 89 80 74 69 67 92 99 127 126 124 123 123 118 117 89 85 71 60 43 42 42 56 59 66 68 79 88 101 92 87 71 67 62 64 73 92 119 135 147 162 165 147 141 117 110 100 92 86 89 90 111 115 132 136 143 130 121 102 97 140 153 208 200 188 168 155 140 136 204 214 252 250 247 247 247 247 247 
247 247 247 247 247 251 253 194 179 77 81 98 98 97 89 84 72 69 103 108 128 124 119 118 118 103 99 73 69 51 52 54 67 76 88 91 93 93 94 92 88 80 75 77 78 80 82 92 105 125 135 142 159 163 160 156 139 136 131 120 113 102 99 97 99 107 114 125 132 136 135 135 144 155 197 199 202 185 174 141 133 201 211 252 250 247 247 247 247 247 
247 247 247 247 247 250 253 194 179 84 88 104 102 99 97 95 78 74 101 106 127 124 120 117 116 101 98 77 74 64 65 67 73 78 84 85 87 88 93 93 93 91 90 93 94 90 92 100 112 129 137 143 158 162 165 161 148 146 142 135 131 122 119 115 116 120 124 131 137 142 147 149 155 163 194 198 203 188 177 144 137 198 209 252 250 247 247 247 247 247 
247 247 247 247 247 251 253 195 180 95 99 114 110 103 108 112 87 81 97 103 126 124 121 116 113 99 96 82 83 85 85 86 83 81 77 76 79 81 91 95 101 108 113 116 117 104 106 113 121 134 141 146 157 160 172 170 162 161 159 158 157 151 150 142 142 140 140 139 146 151 165 169 173 177 191 197 206 192 182 150 142 195 206 252 250 247 247 247 247 247 
247 247 247 247 247 250 253 191 176 99 103 119 117 114 113 111 94 89 100 105 126 124 120 117 115 109 107 104 105 109 108 106 105 104 104 103 110 111 114 116 118 121 122 117 116 111 113 122 128 138 145 151 159 162 177 175 169 167 163 162 162 157 156 153 153 153 152 150 154 157 174 178 187 188 191 195 202 191 183 154 147 190 203 252 250 247 247 247 247 247 
247 247 247 247 247 251 253 189 173 102 106 123 123 122 115 111 98 95 102 107 126 124 120 118 117 115 115 118 119 125 123 120 120 120 122 122 131 131 130 130 129 129 129 119 116 115 118 128 133 140 148 154 161 163 180 179 174 170 165 165 165 161 160 160 160 162 160 157 160 162 180 184 196 195 191 194 199 190 184 158 151 187 200 252 250 247 247 247 247 247 
247 247 247 247 247 250 253 199 185 109 112 123 117 109 92 80 102 107 122 122 122 121 119 121 122 120 120 134 136 143 142 140 141 142 141 140 141 139 132 131 130 129 128 117 114 111 114 124 132 144 150 155 159 160 177 177 177 166 151 142 136 150 154 168 168 170 169 168 170 171 181 183 200 200 202 194 181 172 166 164 163 202 212 251 249 247 247 247 247 247 
247 247 247 247 247 251 253 201 188 111 113 123 116 106 86 73 103 110 127 126 121 120 119 121 123 121 121 138 140 148 147 145 146 147 145 145 144 142 132 131 130 129 128 117 114 110 113 123 132 145 151 155 159 160 176 176 178 166 147 136 129 147 152 170 170 172 172 171 172 173 181 183 201 202 205 194 177 168 162 165 166 206 215 251 249 247 247 247 247 247 
247 247 247 247 247 249 250 235 231 130 125 105 97 84 68 58 103 114 132 129 116 119 123 124 124 129 130 146 146 148 147 145 147 148 150 151 145 144 138 136 133 114 102 97 96 113 116 127 135 146 150 153 155 155 169 173 188 179 165 150 140 108 100 119 127 157 163 172 178 182 187 188 193 197 212 201 185 166 153 178 184 236 239 249 248 247 247 247 247 247 
247 247 247 247 247 248 249 238 235 136 129 103 95 84 71 63 105 116 132 129 116 118 121 122 123 129 130 144 144 145 144 143 146 147 149 150 143 142 136 131 125 109 99 103 104 119 121 128 135 144 149 152 154 155 170 173 187 180 169 158 150 117 109 109 116 145 153 166 174 180 185 186 190 194 210 200 185 164 151 179 186 238 240 248 248 247 247 247 247 247 
247 247 247 247 247 247 247 249 249 159 146 96 91 83 85 86 116 123 131 128 115 115 115 118 120 128 130 136 136 134 136 138 142 144 145 145 138 136 127 113 92 88 86 127 137 142 140 134 135 137 145 150 153 154 173 175 183 183 184 189 192 155 146 69 74 96 115 143 159 170 177 179 181 186 204 197 186 160 142 184 194 248 248 247 247 247 247 247 247 247 
247 247 247 247 247 247 247 250 250 167 153 95 91 86 91 94 119 126 131 128 117 116 114 116 118 124 126 128 128 126 128 130 133 135 136 136 130 126 112 100 82 88 92 123 130 133 131 123 122 120 130 137 143 145 161 161 165 164 162 166 168 150 146 85 84 81 98 123 141 154 164 166 173 178 198 194 188 162 144 185 195 249 248 247 247 247 247 247 247 247 
247 247 247 247 247 247 247 252 253 179 162 94 92 90 100 107 125 130 131 129 121 118 113 114 115 118 119 116 116 115 116 117 120 122 122 122 118 112 89 80 67 88 102 117 121 119 116 106 102 96 109 118 129 132 142 141 138 134 129 131 132 143 146 109 99 60 73 93 115 129 143 147 162 168 190 190 191 165 147 188 198 250 249 247 247 247 247 247 247 247 
247 247 247 247 247 247 247 251 252 193 175 102 99 96 104 109 124 127 131 129 122 120 116 115 115 111 111 103 103 104 105 107 109 111 111 111 99 93 70 71 72 82 88 85 84 79 77 71 71 71 85 94 109 113 126 124 119 115 109 119 126 141 145 129 118 74 72 70 92 107 129 134 153 159 181 184 188 171 159 195 204 250 249 247 247 247 247 247 247 247 
247 247 247 247 247 247 247 251 252 202 183 107 104 100 107 111 123 126 131 129 123 121 118 116 115 107 105 94 95 97 98 100 102 104 103 103 86 80 58 65 76 78 79 64 60 52 51 48 50 54 69 79 96 100 115 113 107 102 95 111 122 140 145 142 130 83 72 55 78 93 119 126 147 153 175 180 187 175 167 200 208 250 249 247 247 247 247 247 247 247 
247 247 247 247 247 247 247 249 249 226 205 121 117 111 112 113 116 117 128 127 124 122 119 114 111 95 91 84 85 86 87 88 89 90 84 83 59 60 63 69 79 79 79 65 62 50 49 45 44 43 53 61 77 82 106 110 127 130 135 139 141 145 147 146 140 116 95 63 64 64 96 104 136 142 163 170 181 184 185 215 222 249 249 247 247 247 247 247 247 247 
247 247 247 247 247 247 247 249 249 232 211 125 121 114 114 114 115 115 127 126 124 122 120 114 110 92 88 82 82 84 84 85 86 86 80 78 52 54 64 70 80 79 79 65 62 50 49 45 43 40 50 56 73 77 104 110 132 137 145 146 146 147 147 147 142 124 100 65 60 57 91 99 134 139 160 168 180 186 190 219 226 249 249 247 247 247 247 247 247 247 
247 247 247 247 247 247 247 247 247 251 238 188 167 135 134 134 124 121 136 133 122 122 122 115 110 87 81 73 74 76 74 71 70 69 56 53 59 63 78 81 85 86 87 85 85 81 81 80 82 84 93 99 105 106 113 118 136 141 149 149 149 147 147 142 141 138 127 110 80 60 72 75 132 136 153 162 175 191 201 235 243 248 248 247 247 247 247 247 247 247 
247 247 247 247 247 247 247 247 247 251 240 197 173 137 133 130 134 135 144 140 121 121 122 115 110 87 82 72 73 76 74 71 69 67 57 55 61 64 78 81 86 87 89 88 88 85 85 85 86 89 98 103 108 110 116 120 137 141 147 147 147 146 145 141 141 138 128 114 85 66 74 76 132 136 154 161 172 186 196 233 243 248 248 247 247 247 247 247 247 247 
247 247 247 247 247 247 247 247 247 249 246 236 199 144 127 115 177 193 178 166 117 120 124 115 109 91 86 70 71 75 73 70 65 62 62 62 70 72 80 84 89 93 95 98 99 100 101 104 106 108 116 122 124 125 130 132 140 141 142 140 138 139 139 139 139 139 135 129 107 92 84 82 131 136 157 159 162 170 176 229 242 248 248 247 247 247 247 247 247 247 
247 247 247 247 247 247 247 247 247 248 247 241 210 164 151 143 202 217 186 172 115 117 121 114 108 93 89 70 71 76 75 74 67 63 65 66 73 74 81 83 86 87 87 88 88 88 88 89 90 92 100 106 112 114 119 120 126 127 129 125 123 110 106 106 109 122 122 121 106 96 94 94 132 138 164 174 191 193 195 234 244 248 247 247 247 247 247 247 247 247 
247 247 247 247 247 247 247 247 247 247 247 248 226 194 188 184 238 252 199 182 112 114 118 111 107 97 94 70 72 78 78 79 71 65 71 72 77 78 82 82 81 78 76 74 73 69 69 67 68 69 77 82 94 97 102 103 106 107 109 104 101 67 58 56 64 97 102 110 106 103 110 112 133 141 174 198 234 228 224 242 247 247 247 247 247 247 247 247 247 247 
247 247 247 247 247 247 247 247 247 247 247 247 239 228 225 224 246 251 213 194 117 116 115 109 105 99 98 72 73 77 81 88 78 72 70 70 63 61 56 53 48 52 54 64 66 64 64 66 70 77 81 83 100 104 124 126 135 137 140 139 139 77 61 27 35 66 84 110 109 108 123 127 135 145 186 209 245 242 240 245 247 247 247 247 247 247 247 247 247 247 
247 247 247 247 247 247 247 247 247 247 247 247 248 250 251 251 251 251 222 202 121 118 114 108 104 102 101 73 74 76 83 94 84 77 70 68 54 51 38 34 27 35 40 58 62 61 62 65 72 83 84 84 104 109 139 142 154 156 160 163 165 84 64 8 16 46 72 111 111 111 132 137 136 148 194 217 252 251 250 248 247 247 247 247 247 247 247 247 247 247 
247 247 247 247 247 247 247 247 247 247 247 247 247 248 248 248 248 248 241 222 145 131 112 105 102 104 104 86 83 70 81 97 93 90 74 70 28 24 12 22 37 61 77 106 113 119 121 129 139 156 158 159 166 168 191 190 188 190 193 191 191 109 89 39 51 101 110 124 122 120 137 142 140 154 212 227 250 249 248 247 247 247 247 247 247 247 247 247 247 247 
247 247 247 247 247 247 247 247 247 247 247 247 247 247 247 247 248 248 246 227 151 135 111 105 101 104 105 90 86 69 81 98 96 94 76 71 21 18 6 20 40 68 86 118 126 134 136 145 157 174 176 178 182 183 204 202 196 198 201 199 197 115 95 47 61 115 120 127 125 123 139 143 141 156 217 230 250 248 247 247 247 247 247 247 247 247 247 247 247 247 
247 247 247 247 247 247 247 247 247 247 247 247 247 247 247 247 247 247 252 241 198 164 112 105 101 95 94 110 102 70 78 90 100 106 90 86 69 62 32 44 61 93 115 138 144 154 156 166 171 179 190 197 193 192 200 199 193 191 187 167 154 112 101 123 130 156 143 124 131 135 136 136 154 170 235 241 249 248 247 247 247 247 247 247 247 247 247 247 247 247 
247 247 247 247 247 247 247 247 247 247 247 247 247 247 247 247 247 247 251 242 206 170 117 107 101 94 93 109 102 73 79 87 99 107 91 87 76 70 44 51 62 88 105 127 132 140 142 151 157 166 177 185 182 182 186 185 179 178 176 159 148 116 108 130 135 156 143 124 131 135 135 135 159 174 237 242 248 247 247 247 247 247 247 247 247 247 247 247 247 247 
247 247 247 247 247 247 247 247 247 247 247 247 247 247 247 247 247 247 249 247 238 197 136 114 100 90 88 106 102 87 82 75 98 113 94 89 107 104 94 83 67 67 67 82 86 83 84 89 99 114 127 135 140 141 133 131 125 128 133 129 126 136 138 158 158 158 145 125 133 138 133 132 178 192 247 247 247 247 247 247 247 247 247 247 247 247 247 247 247 247 
247 247 247 247 247 247 247 247 247 247 247 247 247 247 247 247 247 247 248 247 244 209 158 122 99 90 88 99 98 91 83 71 94 109 96 92 106 105 100 91 78 75 74 83 85 86 88 95 103 115 123 129 132 133 133 134 138 140 143 139 136 145 148 161 160 157 145 128 134 138 135 135 192 203 248 247 247 247 247 247 247 247 247 247 247 247 247 247 247 247 
247 247 247 247 247 247 247 247 247 247 247 247 247 247 247 247 247 247 247 248 252 228 192 135 97 90 88 89 91 98 85 65 88 103 99 98 106 107 110 104 94 89 85 83 83 90 93 105 110 118 119 120 121 121 132 137 157 157 158 154 152 160 162 166 164 156 147 133 136 138 139 139 214 221 250 249 247 247 247 247 247 247 247 247 247 247 247 247 247 247 
247 247 247 247 247 247 247 247 247 247 247 247 247 247 247 247 247 247 247 247 250 239 223 160 119 92 85 85 87 95 85 71 84 92 103 105 100 103 112 108 102 96 92 89 88 89 91 101 106 114 117 119 120 120 131 135 149 151 154 156 158 165 167 166 163 150 146 139 138 137 152 156 232 235 249 248 247 247 247 247 247 247 247 247 247 247 247 247 247 247 
247 247 247 247 247 247 247 247 247 247 247 247 247 247 247 247 247 247 247 247 249 247 243 177 133 94 84 83 85 93 86 75 81 85 105 110 97 100 113 111 107 101 97 93 92 89 91 98 103 111 115 118 120 120 131 134 144 147 151 158 162 169 171 166 162 146 145 144 139 136 162 168 244 245 248 248 247 247 247 247 247 247 247 247 247 247 247 247 247 247 
247 247 247 247 247 247 247 247 247 247 247 247 247 247 247 247 247 247 247 247 247 248 250 217 194 114 94 81 82 85 85 85 78 75 104 112 91 94 105 108 112 107 103 97 96 88 87 85 88 92 99 103 109 111 117 120 133 139 149 159 165 168 168 159 157 147 147 147 146 145 198 211 249 248 247 247 247 247 247 247 247 247 247 247 247 247 247 247 247 247 
247 247 247 247 247 247 247 247 247 247 247 247 247 247 247 247 247 247 247 247 247 249 252 227 210 120 97 81 81 83 85 87 78 72 104 112 90 93 103 107 113 108 105 99 97 88 87 82 84 87 95 100 107 109 114 117 130 138 149 159 166 168 168 158 156 148 148 148 147 147 207 222 250 249 247 247 247 247 247 247 247 247 247 247 247 247 247 247 247 247 
247 247 247 247 247 247 247 247 247 247 247 247 247 247 247 247 247 247 247 247 247 247 247 250 252 189 173 82 82 80 83 87 79 73 91 95 105 102 91 98 109 110 110 106 105 96 94 85 85 85 88 90 99 101 113 117 133 141 153 161 166 164 163 157 157 157 153 148 179 199 240 250 247 247 247 247 247 247 247 247 247 247 247 247 247 247 247 247 247 247 
247 247 247 247 247 247 247 247 247 247 247 247 247 247 247 247 247 247 247 247 247 247 247 249 251 200 187 93 90 79 81 86 79 75 88 91 106 103 92 98 107 108 109 106 105 97 96 89 89 89 92 93 102 104 116 120 135 143 154 161 166 164 163 158 158 158 156 153 186 208 241 249 247 247 247 247 247 247 247 247 247 247 247 247 247 247 247 247 247 247 
247 247 247 247 247 247 247 247 247 247 247 247 247 247 247 247 247 247 247 247 247 247 247 248 249 245 244 136 124 75 77 81 83 84 77 75 113 109 94 97 101 104 106 104 104 103 103 105 105 106 107 108 114 115 131 134 144 150 158 163 166 164 164 163 163 161 167 176 217 244 247 248 247 247 247 247 247 247 247 247 247 247 247 247 247 247 247 247 247 247 
247 247 247 247 247 247 247 247 247 247 247 247 247 247 247 247 247 247 247 247 247 247 247 248 248 247 247 173 156 87 84 78 82 85 77 75 104 104 101 101 101 104 105 104 104 103 104 107 108 110 112 114 120 122 136 138 146 151 158 161 163 163 163 165 165 164 177 195 226 246 247 248 247 247 247 247 247 247 247 247 247 247 247 247 247 247 247 247 247 247 
247 247 247 247 247 247 247 247 247 247 247 247 247 247 247 247 247 247 247 247 247 247 247 247 247 250 251 228 204 106 93 74 82 88 78 75 91 95 113 108 101 103 105 104 104 103 104 110 112 116 120 123 131 133 144 145 150 153 158 159 160 162 162 168 168 170 192 224 240 250 248 247 247 247 247 247 247 247 247 247 247 247 247 247 247 247 247 247 247 247 
247 247 247 247 247 247 247 247 247 247 247 247 247 247 247 247 247 247 247 247 247 247 247 247 247 248 248 243 227 165 132 82 82 83 80 80 82 88 111 109 106 107 108 107 107 107 108 114 116 120 124 126 133 135 144 146 153 156 160 158 156 162 164 171 175 189 209 239 244 248 247 247 247 247 247 247 247 247 247 247 247 247 247 247 247 247 247 247 247 247 
247 247 247 247 247 247 247 247 247 247 247 247 247 247 247 247 247 247 247 247 247 247 247 247 247 247 247 253 243 204 157 87 83 80 82 83 76 83 110 110 110 110 110 109 109 110 111 117 119 123 126 128 134 136 144 146 155 157 161 157 154 163 165 173 179 202 221 249 248 247 247 247 247 247 247 247 247 247 247 247 247 247 247 247 247 247 247 247 247 247 
247 247 247 247 247 247 247 247 247 247 247 247 247 247 247 247 247 247 247 247 247 247 247 247 247 247 247 248 247 243 209 159 110 78 79 80 74 78 93 100 109 112 114 118 119 114 114 116 117 120 122 123 128 129 138 140 149 152 157 156 156 166 169 181 190 228 236 249 248 247 247 247 247 247 247 247 247 247 247 247 247 247 247 247 247 247 247 247 247 247 
247 247 247 247 247 247 247 247 247 247 247 247 247 247 247 247 247 247 247 247 247 247 247 247 247 247 247 247 248 253 223 177 117 77 79 79 74 77 89 97 109 113 115 121 122 115 115 116 117 119 121 122 126 127 137 139 147 151 156 156 156 167 170 183 193 235 241 249 248 247 247 247 247 247 247 247 247 247 247 247 247 247 247 247 247 247 247 247 247 247 
247 247 247 247 247 247 247 247 247 247 247 247 247 247 247 247 247 247 247 247 247 247 247 247 247 247 247 247 247 248 249 250 198 164 89 70 68 69 72 79 89 94 98 107 109 118 118 120 120 121 122 122 123 123 135 136 139 143 149 153 155 159 160 211 219 250 249 247 247 247 247 247 247 247 247 247 247 247 247 247 247 247 247 247 247 247 247 247 247 247 
247 247 247 247 247 247 247 247 247 247 247 247 247 247 247 247 247 247 247 247 247 247 247 247 247 247 247 247 247 248 248 250 208 181 107 88 69 69 69 75 84 90 93 102 104 113 114 117 118 120 121 122 122 122 132 133 136 139 144 147 148 159 161 218 224 249 248 247 247 247 247 247 247 247 247 247 247 247 247 247 247 247 247 247 247 247 247 247 247 247 
247 247 247 247 247 247 247 247 247 247 247 247 247 247 247 247 247 247 247 247 247 247 247 247 247 247 247 247 247 247 248 249 249 249 179 161 76 72 57 60 64 70 74 83 85 96 98 107 111 116 119 121 119 118 122 123 125 126 127 125 123 157 166 245 246 248 248 247 247 247 247 247 247 247 247 247 247 247 247 247 247 247 247 247 247 247 247 247 247 247 
247 247 247 247 247 247 247 247 247 247 247 247 247 247 247 247 247 247 247 247 247 247 247 247 247 247 247 247 247 247 247 248 248 248 207 196 131 122 89 81 69 68 67 72 73 83 85 93 98 104 107 110 108 107 110 111 112 113 114 125 132 181 193 247 247 248 247 247 247 247 247 247 247 247 247 247 247 247 247 247 247 247 247 247 247 247 247 247 247 247 
247 247 247 247 247 247 247 247 247 247 247 247 247 247 247 247 247 247 247 247 247 247 247 247 247 247 247 247 247 247 247 247 248 248 250 250 213 198 138 113 76 65 58 56 56 63 65 73 78 86 90 93 91 91 93 93 92 93 95 125 145 216 234 250 249 247 247 247 247 247 247 247 247 247 247 247 247 247 247 247 247 247 247 247 247 247 247 247 247 247 
247 247 247 247 247 247 247 247 247 247 247 247 247 247 247 247 247 247 247 247 247 247 247 247 247 247 247 247 247 247 247 247 247 247 248 248 236 230 206 191 168 152 142 120 115 84 81 67 67 68 72 74 74 74 81 86 105 122 148 181 203 235 244 248 248 247 247 247 247 247 247 247 247 247 247 247 247 247 247 247 247 247 247 247 247 247 247 247 247 247 
247 247 247 247 247 247 247 247 247 247 247 247 247 247 247 247 247 247 247 247 247 247 247 247 247 247 247 247 247 247 247 247 247 247 247 247 252 252 251 243 230 211 198 163 154 99 92 63 60 56 60 62 63 63 74 82 113 141 183 218 242 248 250 247 247 247 247 247 247 247 247 247 247 247 247 247 247 247 247 247 247 247 247 247 247 247 247 247 247 247 
247 247 247 247 247 247 247 247 247 247 247 247 247 247 247 247 247 247 247 247 247 247 247 247 247 247 247 247 247 247 247 247 247 247 247 247 248 248 248 247 246 243 242 235 234 216 210 189 183 173 171 170 173 174 192 197 218 226 238 243 247 247 248 247 247 247 247 247 247 247 247 247 247 247 247 247 247 247 247 247 247 247 247 247 247 247 247 247 247 247 
247 247 247 247 247 247 247 247 247 247 247 247 247 247 247 247 247 247 247 247 247 247 247 247 247 247 247 247 247 247 247 247 247 247 247 247 247 247 247 248 250 252 253 254 254 245 240 221 214 203 199 197 201 202 221 226 245 248 252 250 248 247 247 247 247 247 247 247 247 247 247 247 247 247 247 247 247 247 247 247 247 247 247 247 247 247 247 247 247 247 
