247 247 247 247 247 247 247 247 247 247 247 247 247 247 247 247 247 247 247 247 247 247 247 247 247 247 247 247 247 247 247 247 247 247 247 247 249 249 249 249 249 249 208 208 208 160 160 160 141 141 141 124 124 124 124 124 124 118 118 118 120 120 120 107 107 107 94 94 94 87 87 87 82 82 82 86 86 86 95 95 95 94 94 94 93 93 93 102 102 102 109 109 109 105 105 105 113 113 113 134 134 134 149 149 149 162 162 162 227 227 227 251 251 251 247 247 247 247 247 247 247 247 247 247 247 247 247 247 247 247 247 247 247 247 247 247 247 247 247 247 247 247 247 247 247 247 247 247 247 247 
247 247 247 247 247 247 247 247 247 247 247 247 247 247 247 247 247 247 247 247 247 247 247 247 247 247 247 247 247 247 247 247 247 247 247 247 249 249 249 249 249 249 208 208 208 160 160 160 141 141 141 124 124 124 124 124 124 118 118 118 120 120 120 107 107 107 94 94 94 87 87 87 82 82 82 86 86 86 95 95 95 94 94 94 93 93 93 102 102 102 109 109 109 105 105 105 113 113 113 134 134 134 149 149 149 162 162 162 227 227 227 251 251 251 247 247 247 247 247 247 247 247 247 247 247 247 247 247 247 247 247 247 247 247 247 247 247 247 247 247 247 247 247 247 247 247 247 247 247 247 
247 247 247 247 247 247 247 247 247 247 247 247 247 247 247 247 247 247 247 247 247 247 247 247 247 247 247 247 247 247 247 247 247 247 247 247 249 249 249 249 249 249 208 208 208 160 160 160 141 141 141 124 124 124 124 124 124 118 118 118 120 120 120 107 107 107 94 94 94 87 87 87 82 82 82 86 86 86 95 95 95 94 94 94 93 93 93 102 102 102 109 109 109 105 105 105 113 113 113 134 134 134 149 149 149 162 162 162 227 227 227 251 251 251 247 247 247 247 247 247 247 247 247 247 247 247 247 247 247 247 247 247 247 247 247 247 247 247 247 247 247 247 247 247 247 247 247 247 247 247 
247 247 247 247 247 247 247 247 247 247 247 247 247 247 247 247 247 247 247 247 247 247 247 247 247 247 247 247 247 247 247 247 247 249 249 249 245 245 245 198 198 198 152 152 152 147 147 147 123 123 123 110 110 110 112 112 112 102 102 102 99 99 99 96 96 96 77 77 77 87 87 87 86 86 86 84 84 84 89 89 89 95 95 95 103 103 103 114 114 114 114 114 114 102 102 102 103 103 103 101 101 101 128 128 128 146 146 146 164 164 164 230 230 230 249 249 249 247 247 247 247 247 247 247 247 247 247 247 247 247 247 247 247 247 247 247 247 247 247 247 247 247 247 247 247 247 247 247 247 247 
247 247 247 247 247 247 247 247 247 247 247 247 247 247 247 247 247 247 247 247 247 247 247 247 247 247 247 247 247 247 247 247 247 249 249 249 245 245 245 198 198 198 152 152 152 147 147 147 123 123 123 110 110 110 112 112 112 102 102 102 99 99 99 96 96 96 77 77 77 87 87 87 86 86 86 84 84 84 89 89 89 95 95 95 103 103 103 114 114 114 114 114 114 102 102 102 103 103 103 101 101 101 128 128 128 146 146 146 164 164 164 230 230 230 249 249 249 247 247 247 247 247 247 247 247 247 247 247 247 247 247 247 247 247 247 247 247 247 247 247 247 247 247 247 247 247 247 247 247 247 
247 247 247 247 247 247 247 247 247 247 247 247 247 247 247 247 247 247 247 247 247 247 247 247 247 247 247 247 247 247 247 247 247 249 249 249 245 245 245 198 198 198 152 152 152 147 147 147 123 123 123 110 110 110 112 112 112 102 102 102 99 99 99 96 96 96 77 77 77 87 87 87 86 86 86 84 84 84 89 89 89 95 95 95 103 103 103 114 114 114 114 114 114 102 102 102 103 103 103 101 101 101 128 128 128 146 146 146 164 164 164 230 230 230 249 249 249 247 247 247 247 247 247 247 247 247 247 247 247 247 247 247 247 247 247 247 247 247 247 247 247 247 247 247 247 247 247 247 247 247 
247 247 247 247 247 247 247 247 247 247 247 247 247 247 247 247 247 247 247 247 247 247 247 247 247 247 247 247 247 247 249 249 249 245 245 245 184 184 184 144 144 144 130 130 130 121 121 121 101 101 101 96 96 96 96 96 96 100 100 100 93 93 93 88 88 88 89 89 89 102 102 102 108 108 108 126 126 126 109 109 109 103 103 103 126 126 126 138 138 138 128 128 128 112 112 112 120 120 120 122 122 122 120 120 120 132 132 132 138 138 138 172 172 172 245 245 245 249 249 249 247 247 247 247 247 247 247 247 247 247 247 247 247 247 247 247 247 247 247 247 247 247 247 247 247 247 247 247 247 247 
247 247 247 247 247 247 247 247 247 247 247 247 247 247 247 247 247 247 247 247 247 247 247 247 247 247 247 247 247 247 249 249 249 245 245 245 184 184 184 144 144 144 130 130 130 121 121 121 101 101 101 96 96 96 96 96 96 100 100 100 93 93 93 88 88 88 89 89 89 102 102 102 108 108 108 126 126 126 109 109 109 103 103 103 126 126 126 138 138 138 128 128 128 112 112 112 120 120 120 122 122 122 120 120 120 132 132 132 138 138 138 172 172 172 245 245 245 249 249 249 247 247 247 247 247 247 247 247 247 247 247 247 247 247 247 247 247 247 247 247 247 247 247 247 247 247 247 247 247 247 
247 247 247 247 247 247 247 247 247 247 247 247 247 247 247 247 247 247 247 247 247 247 247 247 247 247 247 247 247 247 249 249 249 245 245 245 184 184 184 144 144 144 130 130 130 121 121 121 101 101 101 96 96 96 96 96 96 100 100 100 93 93 93 88 88 88 89 89 89 102 102 102 108 108 108 126 126 126 109 109 109 103 103 103 126 126 126 138 138 138 128 128 128 112 112 112 120 120 120 122 122 122 120 120 120 132 132 132 138 138 138 172 172 172 245 245 245 249 249 249 247 247 247 247 247 247 247 247 247 247 247 247 247 247 247 247 247 247 247 247 247 247 247 247 247 247 247 247 247 247 
247 247 247 247 247 247 247 247 247 247 247 247 247 247 247 247 247 247 247 247 247 247 247 247 247 247 247 248 248 248 247 247 247 183 183 183 142 142 142 113 113 113 91 91 91 96 96 96 96 96 96 110 110 110 117 117 117 136 136 136 138 138 138 140 140 140 147 147 147 142 142 142 144 144 144 154 154 154 156 156 156 158 158 158 167 167 167 171 171 171 174 174 174 172 172 172 181 181 181 190 190 190 179 179 179 172 172 172 165 165 165 153 153 153 168 168 168 217 217 217 250 250 250 247 247 247 247 247 247 247 247 247 247 247 247 247 247 247 247 247 247 247 247 247 247 247 247 247 247 247 
247 247 247 247 247 247 247 247 247 247 247 247 247 247 247 247 247 247 247 247 247 247 247 247 247 247 247 248 248 248 247 247 247 183 183 183 142 142 142 113 113 113 91 91 91 96 96 96 96 96 96 110 110 110 117 117 117 136 136 136 138 138 138 140 140 140 147 147 147 142 142 142 144 144 144 154 154 154 156 156 156 158 158 158 167 167 167 171 171 171 174 174 174 172 172 172 181 181 181 190 190 190 179 179 179 172 172 172 165 165 165 153 153 153 168 168 168 217 217 217 250 250 250 247 247 247 247 247 247 247 247 247 247 247 247 247 247 247 247 247 247 247 247 247 247 247 247 247 247 247 
247 247 247 247 247 247 247 247 247 247 247 247 247 247 247 247 247 247 247 247 247 247 247 247 247 247 247 248 248 248 247 247 247 183 183 183 142 142 142 113 113 113 91 91 91 96 96 96 96 96 96 110 110 110 117 117 117 136 136 136 138 138 138 140 140 140 147 147 147 142 142 142 144 144 144 154 154 154 156 156 156 158 158 158 167 167 167 171 171 171 174 174 174 172 172 172 181 181 181 190 190 190 179 179 179 172 172 172 165 165 165 153 153 153 168 168 168 217 217 217 250 250 250 247 247 247 247 247 247 247 247 247 247 247 247 247 247 247 247 247 247 247 247 247 247 247 247 247 247 247 
247 247 247 247 247 247 247 247 247 247 247 247 247 247 247 247 247 247 247 247 247 247 247 247 248 248 248 250 250 250 184 184 184 123 123 123 124 124 124 96 96 96 88 88 88 108 108 108 135 135 135 155 155 155 155 155 155 156 156 156 156 156 156 154 154 154 156 156 156 155 155 155 153 153 153 153 153 153 159 159 159 169 169 169 173 173 173 175 175 175 176 176 176 178 178 178 184 184 184 197 197 197 211 211 211 212 212 212 206 206 206 183 183 183 148 148 148 173 173 173 242 242 242 248 248 248 247 247 247 247 247 247 247 247 247 247 247 247 247 247 247 247 247 247 247 247 247 247 247 247 
247 247 247 247 247 247 247 247 247 247 247 247 247 247 247 247 247 247 247 247 247 247 247 247 248 248 248 250 250 250 184 184 184 123 123 123 124 124 124 96 96 96 88 88 88 108 108 108 135 135 135 155 155 155 155 155 155 156 156 156 156 156 156 154 154 154 156 156 156 155 155 155 153 153 153 153 153 153 159 159 159 169 169 169 173 173 173 175 175 175 176 176 176 178 178 178 184 184 184 197 197 197 211 211 211 212 212 212 206 206 206 183 183 183 148 148 148 173 173 173 242 242 242 248 248 248 247 247 247 247 247 247 247 247 247 247 247 247 247 247 247 247 247 247 247 247 247 247 247 247 
247 247 247 247 247 247 247 247 247 247 247 247 247 247 247 247 247 247 247 247 247 247 247 247 248 248 248 250 250 250 184 184 184 123 123 123 124 124 124 96 96 96 88 88 88 108 108 108 135 135 135 155 155 155 155 155 155 156 156 156 156 156 156 154 154 154 156 156 156 155 155 155 153 153 153 153 153 153 159 159 159 169 169 169 173 173 173 175 175 175 176 176 176 178 178 178 184 184 184 197 197 197 211 211 211 212 212 212 206 206 206 183 183 183 148 148 148 173 173 173 242 242 242 248 248 248 247 247 247 247 247 247 247 247 247 247 247 247 247 247 247 247 247 247 247 247 247 247 247 247 
247 247 247 247 247 247 247 247 247 247 247 247 247 247 247 247 247 247 247 247 247 247 247 247 251 251 251 205 205 205 117 117 117 102 102 102 101 101 101 89 89 89 103 103 103 133 133 133 151 151 151 155 155 155 153 153 153 152 152 152 153 153 153 155 155 155 155 155 155 153 153 153 152 152 152 151 151 151 154 154 154 163 163 163 168 168 168 171 171 171 172 172 172 172 172 172 176 176 176 184 184 184 199 199 199 209 209 209 212 212 212 209 209 209 178 178 178 142 142 142 179 179 179 241 241 241 248 248 248 247 247 247 247 247 247 247 247 247 247 247 247 247 247 247 247 247 247 247 247 247 
247 247 247 247 247 247 247 247 247 247 247 247 247 247 247 247 247 247 247 247 247 247 247 247 251 251 251 205 205 205 117 117 117 102 102 102 101 101 101 89 89 89 103 103 103 133 133 133 151 151 151 155 155 155 153 153 153 152 152 152 153 153 153 155 155 155 155 155 155 153 153 153 152 152 152 151 151 151 154 154 154 163 163 163 168 168 168 171 171 171 172 172 172 172 172 172 176 176 176 184 184 184 199 199 199 209 209 209 212 212 212 209 209 209 178 178 178 142 142 142 179 179 179 241 241 241 248 248 248 247 247 247 247 247 247 247 247 247 247 247 247 247 247 247 247 247 247 247 247 247 
247 247 247 247 247 247 247 247 247 247 247 247 247 247 247 247 247 247 247 247 247 247 247 247 251 251 251 205 205 205 117 117 117 102 102 102 101 101 101 89 89 89 103 103 103 133 133 133 151 151 151 155 155 155 153 153 153 152 152 152 153 153 153 155 155 155 155 155 155 153 153 153 152 152 152 151 151 151 154 154 154 163 163 163 168 168 168 171 171 171 172 172 172 172 172 172 176 176 176 184 184 184 199 199 199 209 209 209 212 212 212 209 209 209 178 178 178 142 142 142 179 179 179 241 241 241 248 248 248 247 247 247 247 247 247 247 247 247 247 247 247 247 247 247 247 247 247 247 247 247 
247 247 247 247 247 247 247 247 247 247 247 247 247 247 247 247 247 247 247 247 247 249 249 249 234 234 234 137 137 137 107 107 107 97 97 97 101 101 101 92 92 92 115 115 115 138 138 138 146 146 146 148 148 148 149 149 149 150 150 150 150 150 150 153 153 153 154 154 154 154 154 154 154 154 154 154 154 154 157 157 157 163 163 163 164 164 164 167 167 167 170 170 170 171 171 171 174 174 174 182 182 182 189 189 189 200 200 200 208 208 208 211 211 211 198 198 198 151 151 151 145 145 145 208 208 208 251 251 251 247 247 247 247 247 247 247 247 247 247 247 247 247 247 247 247 247 247 247 247 247 
247 247 247 247 247 247 247 247 247 247 247 247 247 247 247 247 247 247 247 247 247 249 249 249 234 234 234 137 137 137 107 107 107 97 97 97 101 101 101 92 92 92 115 115 115 138 138 138 146 146 146 148 148 148 149 149 149 150 150 150 150 150 150 153 153 153 154 154 154 154 154 154 154 154 154 154 154 154 157 157 157 163 163 163 164 164 164 167 167 167 170 170 170 171 171 171 174 174 174 182 182 182 189 189 189 200 200 200 208 208 208 211 211 211 198 198 198 151 151 151 145 145 145 208 208 208 251 251 251 247 247 247 247 247 247 247 247 247 247 247 247 247 247 247 247 247 247 247 247 247 
247 247 247 247 247 247 247 247 247 247 247 247 247 247 247 247 247 247 247 247 247 249 249 249 234 234 234 137 137 137 107 107 107 97 97 97 101 101 101 92 92 92 115 115 115 138 138 138 146 146 146 148 148 148 149 149 149 150 150 150 150 150 150 153 153 153 154 154 154 154 154 154 154 154 154 154 154 154 157 157 157 163 163 163 164 164 164 167 167 167 170 170 170 171 171 171 174 174 174 182 182 182 189 189 189 200 200 200 208 208 208 211 211 211 198 198 198 151 151 151 145 145 145 208 208 208 251 251 251 247 247 247 247 247 247 247 247 247 247 247 247 247 247 247 247 247 247 247 247 247 
247 247 247 247 247 247 247 247 247 247 247 247 247 247 247 247 247 247 247 247 247 252 252 252 198 198 198 106 106 106 97 97 97 101 101 101 90 90 90 93 93 93 111 111 111 134 134 134 140 140 140 141 141 141 143 143 143 144 144 144 148 148 148 152 152 152 154 154 154 157 157 157 155 155 155 156 156 156 160 160 160 163 163 163 165 165 165 171 171 171 176 176 176 176 176 176 179 179 179 183 183 183 188 188 188 194 194 194 199 199 199 205 205 205 201 201 201 167 167 167 148 148 148 180 180 180 244 244 244 248 248 248 247 247 247 247 247 247 247 247 247 247 247 247 247 247 247 247 247 247 
247 247 247 247 247 247 247 247 247 247 247 247 247 247 247 247 247 247 247 247 247 252 252 252 198 198 198 106 106 106 97 97 97 101 101 101 90 90 90 93 93 93 111 111 111 134 134 134 140 140 140 141 141 141 143 143 143 144 144 144 148 148 148 152 152 152 154 154 154 157 157 157 155 155 155 156 156 156 160 160 160 163 163 163 165 165 165 171 171 171 176 176 176 176 176 176 179 179 179 183 183 183 188 188 188 194 194 194 199 199 199 205 205 205 201 201 201 167 167 167 148 148 148 180 180 180 244 244 244 248 248 248 247 247 247 247 247 247 247 247 247 247 247 247 247 247 247 247 247 247 
247 247 247 247 247 247 247 247 247 247 247 247 247 247 247 247 247 247 247 247 247 252 252 252 198 198 198 106 106 106 97 97 97 101 101 101 90 90 90 93 93 93 111 111 111 134 134 134 140 140 140 141 141 141 143 143 143 144 144 144 148 148 148 152 152 152 154 154 154 157 157 157 155 155 155 156 156 156 160 160 160 163 163 163 165 165 165 171 171 171 176 176 176 176 176 176 179 179 179 183 183 183 188 188 188 194 194 194 199 199 199 205 205 205 201 201 201 167 167 167 148 148 148 180 180 180 244 244 244 248 248 248 247 247 247 247 247 247 247 247 247 247 247 247 247 247 247 247 247 247 
247 247 247 247 247 247 247 247 247 247 247 247 247 247 247 247 247 247 247 247 247 250 250 250 152 152 152 90 90 90 95 95 95 110 110 110 101 101 101 91 91 91 104 104 104 126 126 126 134 134 134 133 133 133 133 133 133 135 135 135 140 140 140 148 148 148 156 156 156 159 159 159 157 157 157 156 156 156 162 162 162 163 163 163 166 166 166 176 176 176 187 187 187 184 184 184 184 184 184 190 190 190 194 194 194 193 193 193 194 194 194 200 200 200 201 201 201 168 168 168 163 163 163 166 166 166 215 215 215 250 250 250 247 247 247 247 247 247 247 247 247 247 247 247 247 247 247 247 247 247 
247 247 247 247 247 247 247 247 247 247 247 247 247 247 247 247 247 247 247 247 247 250 250 250 152 152 152 90 90 90 95 95 95 110 110 110 101 101 101 91 91 91 104 104 104 126 126 126 134 134 134 133 133 133 133 133 133 135 135 135 140 140 140 148 148 148 156 156 156 159 159 159 157 157 157 156 156 156 162 162 162 163 163 163 166 166 166 176 176 176 187 187 187 184 184 184 184 184 184 190 190 190 194 194 194 193 193 193 194 194 194 200 200 200 201 201 201 168 168 168 163 163 163 166 166 166 215 215 215 250 250 250 247 247 247 247 247 247 247 247 247 247 247 247 247 247 247 247 247 247 
247 247 247 247 247 247 247 247 247 247 247 247 247 247 247 247 247 247 247 247 247 250 250 250 152 152 152 90 90 90 95 95 95 110 110 110 101 101 101 91 91 91 104 104 104 126 126 126 134 134 134 133 133 133 133 133 133 135 135 135 140 140 140 148 148 148 156 156 156 159 159 159 157 157 157 156 156 156 162 162 162 163 163 163 166 166 166 176 176 176 187 187 187 184 184 184 184 184 184 190 190 190 194 194 194 193 193 193 194 194 194 200 200 200 201 201 201 168 168 168 163 163 163 166 166 166 215 215 215 250 250 250 247 247 247 247 247 247 247 247 247 247 247 247 247 247 247 247 247 247 
247 247 247 247 247 247 247 247 247 247 247 247 247 247 247 247 247 247 249 249 249 234 234 234 108 108 108 95 95 95 97 97 97 99 99 99 101 101 101 91 91 91 106 106 106 120 120 120 127 127 127 127 127 127 126 126 126 127 127 127 128 128 128 130 130 130 141 141 141 149 149 149 148 148 148 151 151 151 158 158 158 161 161 161 162 162 162 174 174 174 184 184 184 180 180 180 177 177 177 180 180 180 185 185 185 186 186 186 187 187 187 194 194 194 202 202 202 174 174 174 167 167 167 170 170 170 184 184 184 248 248 248 247 247 247 247 247 247 247 247 247 247 247 247 247 247 247 247 247 247 
247 247 247 247 247 247 247 247 247 247 247 247 247 247 247 247 247 247 249 249 249 234 234 234 108 108 108 95 95 95 97 97 97 99 99 99 101 101 101 91 91 91 106 106 106 120 120 120 127 127 127 127 127 127 126 126 126 127 127 127 128 128 128 130 130 130 141 141 141 149 149 149 148 148 148 151 151 151 158 158 158 161 161 161 162 162 162 174 174 174 184 184 184 180 180 180 177 177 177 180 180 180 185 185 185 186 186 186 187 187 187 194 194 194 202 202 202 174 174 174 167 167 167 170 170 170 184 184 184 248 248 248 247 247 247 247 247 247 247 247 247 247 247 247 247 247 247 247 247 247 
247 247 247 247 247 247 247 247 247 247 247 247 247 247 247 247 247 247 249 249 249 234 234 234 108 108 108 95 95 95 97 97 97 99 99 99 101 101 101 91 91 91 106 106 106 120 120 120 127 127 127 127 127 127 126 126 126 127 127 127 128 128 128 130 130 130 141 141 141 149 149 149 148 148 148 151 151 151 158 158 158 161 161 161 162 162 162 174 174 174 184 184 184 180 180 180 177 177 177 180 180 180 185 185 185 186 186 186 187 187 187 194 194 194 202 202 202 174 174 174 167 167 167 170 170 170 184 184 184 248 248 248 247 247 247 247 247 247 247 247 247 247 247 247 247 247 247 247 247 247 
247 247 247 247 247 247 247 247 247 247 247 247 247 247 247 247 247 247 251 251 251 220 220 220 90 90 90 91 91 91 98 98 98 106 106 106 103 103 103 98 98 98 102 102 102 111 111 111 122 122 122 122 122 122 121 121 121 123 123 123 123 123 123 124 124 124 132 132 132 142 142 142 145 145 145 146 146 146 155 155 155 159 159 159 161 161 161 170 170 170 181 181 181 179 179 179 176 176 176 179 179 179 183 183 183 183 183 183 184 184 184 185 185 185 198 198 198 180 180 180 163 163 163 184 184 184 181 181 181 243 243 243 248 248 248 247 247 247 247 247 247 247 247 247 247 247 247 247 247 247 
247 247 247 247 247 247 247 247 247 247 247 247 247 247 247 247 247 247 251 251 251 220 220 220 90 90 90 91 91 91 98 98 98 106 106 106 103 103 103 98 98 98 102 102 102 111 111 111 122 122 122 122 122 122 121 121 121 123 123 123 123 123 123 124 124 124 132 132 132 142 142 142 145 145 145 146 146 146 155 155 155 159 159 159 161 161 161 170 170 170 181 181 181 179 179 179 176 176 176 179 179 179 183 183 183 183 183 183 184 184 184 185 185 185 198 198 198 180 180 180 163 163 163 184 184 184 181 181 181 243 243 243 248 248 248 247 247 247 247 247 247 247 247 247 247 247 247 247 247 247 
247 247 247 247 247 247 247 247 247 247 247 247 247 247 247 247 247 247 251 251 251 220 220 220 90 90 90 91 91 91 98 98 98 106 106 106 103 103 103 98 98 98 102 102 102 111 111 111 122 122 122 122 122 122 121 121 121 123 123 123 123 123 123 124 124 124 132 132 132 142 142 142 145 145 145 146 146 146 155 155 155 159 159 159 161 161 161 170 170 170 181 181 181 179 179 179 176 176 176 179 179 179 183 183 183 183 183 183 184 184 184 185 185 185 198 198 198 180 180 180 163 163 163 184 184 184 181 181 181 243 243 243 248 248 248 247 247 247 247 247 247 247 247 247 247 247 247 247 247 247 
247 247 247 247 247 247 247 247 247 247 247 247 247 247 247 247 247 247 252 252 252 205 205 205 93 93 93 91 91 91 107 107 107 121 121 121 101 101 101 98 98 98 107 107 107 114 114 114 115 115 115 120 120 120 125 125 125 127 127 127 133 133 133 138 138 138 143 143 143 150 150 150 152 152 152 154 154 154 159 159 159 161 161 161 161 161 161 162 162 162 173 173 173 174 174 174 176 176 176 178 178 178 184 184 184 186 186 186 186 186 186 185 185 185 192 192 192 186 186 186 173 173 173 178 178 178 169 169 169 234 234 234 249 249 249 247 247 247 247 247 247 247 247 247 247 247 247 247 247 247 
247 247 247 247 247 247 247 247 247 247 247 247 247 247 247 247 247 247 252 252 252 205 205 205 93 93 93 91 91 91 107 107 107 121 121 121 101 101 101 98 98 98 107 107 107 114 114 114 115 115 115 120 120 120 125 125 125 127 127 127 133 133 133 138 138 138 143 143 143 150 150 150 152 152 152 154 154 154 159 159 159 161 161 161 161 161 161 162 162 162 173 173 173 174 174 174 176 176 176 178 178 178 184 184 184 186 186 186 186 186 186 185 185 185 192 192 192 186 186 186 173 173 173 178 178 178 169 169 169 234 234 234 249 249 249 247 247 247 247 247 247 247 247 247 247 247 247 247 247 247 
247 247 247 247 247 247 247 247 247 247 247 247 247 247 247 247 247 247 252 252 252 205 205 205 93 93 93 91 91 91 107 107 107 121 121 121 101 101 101 98 98 98 107 107 107 114 114 114 115 115 115 120 120 120 125 125 125 127 127 127 133 133 133 138 138 138 143 143 143 150 150 150 152 152 152 154 154 154 159 159 159 161 161 161 161 161 161 162 162 162 173 173 173 174 174 174 176 176 176 178 178 178 184 184 184 186 186 186 186 186 186 185 185 185 192 192 192 186 186 186 173 173 173 178 178 178 169 169 169 234 234 234 249 249 249 247 247 247 247 247 247 247 247 247 247 247 247 247 247 247 
247 247 247 247 247 247 247 247 247 247 247 247 247 247 247 247 247 247 253 253 253 184 184 184 90 90 90 94 94 94 122 122 122 126 126 126 107 107 107 102 102 102 116 116 116 121 121 121 116 116 116 117 117 117 124 124 124 135 135 135 141 141 141 147 147 147 150 150 150 155 155 155 158 158 158 160 160 160 166 166 166 165 165 165 165 165 165 162 162 162 168 168 168 174 174 174 178 178 178 182 182 182 189 189 189 192 192 192 187 187 187 183 183 183 189 189 189 195 195 195 182 182 182 174 174 174 171 171 171 219 219 219 250 250 250 247 247 247 247 247 247 247 247 247 247 247 247 247 247 247 
247 247 247 247 247 247 247 247 247 247 247 247 247 247 247 247 247 247 253 253 253 184 184 184 90 90 90 94 94 94 122 122 122 126 126 126 107 107 107 102 102 102 116 116 116 121 121 121 116 116 116 117 117 117 124 124 124 135 135 135 141 141 141 147 147 147 150 150 150 155 155 155 158 158 158 160 160 160 166 166 166 165 165 165 165 165 165 162 162 162 168 168 168 174 174 174 178 178 178 182 182 182 189 189 189 192 192 192 187 187 187 183 183 183 189 189 189 195 195 195 182 182 182 174 174 174 171 171 171 219 219 219 250 250 250 247 247 247 247 247 247 247 247 247 247 247 247 247 247 247 
247 247 247 247 247 247 247 247 247 247 247 247 247 247 247 247 247 247 253 253 253 184 184 184 90 90 90 94 94 94 122 122 122 126 126 126 107 107 107 102 102 102 116 116 116 121 121 121 116 116 116 117 117 117 124 124 124 135 135 135 141 141 141 147 147 147 150 150 150 155 155 155 158 158 158 160 160 160 166 166 166 165 165 165 165 165 165 162 162 162 168 168 168 174 174 174 178 178 178 182 182 182 189 189 189 192 192 192 187 187 187 183 183 183 189 189 189 195 195 195 182 182 182 174 174 174 171 171 171 219 219 219 250 250 250 247 247 247 247 247 247 247 247 247 247 247 247 247 247 247 
247 247 247 247 247 247 247 247 247 247 247 247 247 247 247 247 247 247 252 252 252 177 177 177 99 99 99 97 97 97 115 115 115 116 116 116 107 107 107 106 106 106 120 120 120 125 125 125 123 123 123 119 119 119 123 123 123 135 135 135 142 142 142 146 146 146 149 149 149 150 150 150 156 156 156 160 160 160 165 165 165 167 167 167 167 167 167 161 161 161 165 165 165 177 177 177 176 176 176 180 180 180 186 186 186 187 187 187 187 187 187 187 187 187 186 186 186 192 192 192 194 194 194 186 186 186 178 178 178 206 206 206 250 250 250 247 247 247 247 247 247 247 247 247 247 247 247 247 247 247 
247 247 247 247 247 247 247 247 247 247 247 247 247 247 247 247 247 247 252 252 252 177 177 177 99 99 99 97 97 97 115 115 115 116 116 116 107 107 107 106 106 106 120 120 120 125 125 125 123 123 123 119 119 119 123 123 123 135 135 135 142 142 142 146 146 146 149 149 149 150 150 150 156 156 156 160 160 160 165 165 165 167 167 167 167 167 167 161 161 161 165 165 165 177 177 177 176 176 176 180 180 180 186 186 186 187 187 187 187 187 187 187 187 187 186 186 186 192 192 192 194 194 194 186 186 186 178 178 178 206 206 206 250 250 250 247 247 247 247 247 247 247 247 247 247 247 247 247 247 247 
247 247 247 247 247 247 247 247 247 247 247 247 247 247 247 247 247 247 252 252 252 177 177 177 99 99 99 97 97 97 115 115 115 116 116 116 107 107 107 106 106 106 120 120 120 125 125 125 123 123 123 119 119 119 123 123 123 135 135 135 142 142 142 146 146 146 149 149 149 150 150 150 156 156 156 160 160 160 165 165 165 167 167 167 167 167 167 161 161 161 165 165 165 177 177 177 176 176 176 180 180 180 186 186 186 187 187 187 187 187 187 187 187 187 186 186 186 192 192 192 194 194 194 186 186 186 178 178 178 206 206 206 250 250 250 247 247 247 247 247 247 247 247 247 247 247 247 247 247 247 
247 247 247 247 247 247 247 247 247 247 247 247 247 247 247 247 247 247 251 251 251 157 157 157 105 105 105 98 98 98 103 103 103 100 100 100 105 105 105 112 112 112 118 118 118 117 117 117 118 118 118 126 126 126 131 131 131 135 135 135 138 138 138 139 139 139 136 136 136 135 135 135 141 141 141 147 147 147 150 150 150 154 154 154 162 162 162 153 153 153 154 154 154 168 168 168 165 165 165 166 166 166 172 172 172 177 177 177 186 186 186 195 195 195 198 198 198 195 195 195 197 197 197 195 195 195 181 181 181 210 210 210 250 250 250 247 247 247 247 247 247 247 247 247 247 247 247 247 247 247 
247 247 247 247 247 247 247 247 247 247 247 247 247 247 247 247 247 247 251 251 251 157 157 157 105 105 105 98 98 98 103 103 103 100 100 100 105 105 105 112 112 112 118 118 118 117 117 117 118 118 118 126 126 126 131 131 131 135 135 135 138 138 138 139 139 139 136 136 136 135 135 135 141 141 141 147 147 147 150 150 150 154 154 154 162 162 162 153 153 153 154 154 154 168 168 168 165 165 165 166 166 166 172 172 172 177 177 177 186 186 186 195 195 195 198 198 198 195 195 195 197 197 197 195 195 195 181 181 181 210 210 210 250 250 250 247 247 247 247 247 247 247 247 247 247 247 247 247 247 247 
247 247 247 247 247 247 247 247 247 247 247 247 247 247 247 247 247 247 251 251 251 157 157 157 105 105 105 98 98 98 103 103 103 100 100 100 105 105 105 112 112 112 118 118 118 117 117 117 118 118 118 126 126 126 131 131 131 135 135 135 138 138 138 139 139 139 136 136 136 135 135 135 141 141 141 147 147 147 150 150 150 154 154 154 162 162 162 153 153 153 154 154 154 168 168 168 165 165 165 166 166 166 172 172 172 177 177 177 186 186 186 195 195 195 198 198 198 195 195 195 197 197 197 195 195 195 181 181 181 210 210 210 250 250 250 247 247 247 247 247 247 247 247 247 247 247 247 247 247 247 
247 247 247 247 247 247 247 247 247 247 247 247 247 247 247 248 248 248 248 248 248 139 139 139 88 88 88 82 82 82 91 91 91 90 90 90 106 106 106 115 115 115 119 119 119 118 118 118 124 124 124 135 135 135 138 138 138 138 138 138 131 131 131 118 118 118 110 110 110 112 112 112 115 115 115 123 123 123 130 130 130 133 133 133 146 146 146 139 139 139 137 137 137 143 143 143 124 124 124 112 112 112 109 109 109 123 123 123 137 137 137 155 155 155 187 187 187 203 203 203 197 197 197 195 195 195 176 176 176 207 207 207 250 250 250 247 247 247 247 247 247 247 247 247 247 247 247 247 247 247 
247 247 247 247 247 247 247 247 247 247 247 247 247 247 247 248 248 248 248 248 248 139 139 139 88 88 88 82 82 82 91 91 91 90 90 90 106 106 106 115 115 115 119 119 119 118 118 118 124 124 124 135 135 135 138 138 138 138 138 138 131 131 131 118 118 118 110 110 110 112 112 112 115 115 115 123 123 123 130 130 130 133 133 133 146 146 146 139 139 139 137 137 137 143 143 143 124 124 124 112 112 112 109 109 109 123 123 123 137 137 137 155 155 155 187 187 187 203 203 203 197 197 197 195 195 195 176 176 176 207 207 207 250 250 250 247 247 247 247 247 247 247 247 247 247 247 247 247 247 247 
247 247 247 247 247 247 247 247 247 247 247 247 247 247 247 248 248 248 248 248 248 139 139 139 88 88 88 82 82 82 91 91 91 90 90 90 106 106 106 115 115 115 119 119 119 118 118 118 124 124 124 135 135 135 138 138 138 138 138 138 131 131 131 118 118 118 110 110 110 112 112 112 115 115 115 123 123 123 130 130 130 133 133 133 146 146 146 139 139 139 137 137 137 143 143 143 124 124 124 112 112 112 109 109 109 123 123 123 137 137 137 155 155 155 187 187 187 203 203 203 197 197 197 195 195 195 176 176 176 207 207 207 250 250 250 247 247 247 247 247 247 247 247 247 247 247 247 247 247 247 
247 247 247 247 247 247 247 247 247 247 247 247 247 247 247 248 248 248 245 245 245 126 126 126 73 73 73 73 73 73 85 85 85 97 97 97 113 113 113 120 120 120 122 122 122 123 123 123 136 136 136 132 132 132 106 106 106 88 88 88 71 71 71 61 61 61 58 58 58 57 57 57 67 67 67 85 85 85 101 101 101 113 113 113 138 138 138 133 133 133 124 124 124 101 101 101 68 68 68 40 40 40 33 33 33 41 41 41 61 61 61 78 78 78 119 119 119 190 190 190 203 203 203 203 203 203 176 176 176 204 204 204 250 250 250 247 247 247 247 247 247 247 247 247 247 247 247 247 247 247 
247 247 247 247 247 247 247 247 247 247 247 247 247 247 247 248 248 248 245 245 245 126 126 126 73 73 73 73 73 73 85 85 85 97 97 97 113 113 113 120 120 120 122 122 122 123 123 123 136 136 136 132 132 132 106 106 106 88 88 88 71 71 71 61 61 61 58 58 58 57 57 57 67 67 67 85 85 85 101 101 101 113 113 113 138 138 138 133 133 133 124 124 124 101 101 101 68 68 68 40 40 40 33 33 33 41 41 41 61 61 61 78 78 78 119 119 119 190 190 190 203 203 203 203 203 203 176 176 176 204 204 204 250 250 250 247 247 247 247 247 247 247 247 247 247 247 247 247 247 247 
247 247 247 247 247 247 247 247 247 247 247 247 247 247 247 248 248 248 245 245 245 126 126 126 73 73 73 73 73 73 85 85 85 97 97 97 113 113 113 120 120 120 122 122 122 123 123 123 136 136 136 132 132 132 106 106 106 88 88 88 71 71 71 61 61 61 58 58 58 57 57 57 67 67 67 85 85 85 101 101 101 113 113 113 138 138 138 133 133 133 124 124 124 101 101 101 68 68 68 40 40 40 33 33 33 41 41 41 61 61 61 78 78 78 119 119 119 190 190 190 203 203 203 203 203 203 176 176 176 204 204 204 250 250 250 247 247 247 247 247 247 247 247 247 247 247 247 247 247 247 
247 247 247 247 247 247 247 247 247 247 247 247 247 247 247 248 248 248 244 244 244 121 121 121 63 63 63 74 74 74 85 85 85 107 107 107 118 118 118 122 122 122 123 123 123 124 124 124 118 118 118 80 80 80 46 46 46 36 36 36 35 35 35 35 35 35 32 32 32 33 33 33 41 41 41 51 51 51 69 69 69 102 102 102 135 135 135 145 145 145 119 119 119 76 76 76 69 69 69 65 65 65 69 69 69 83 83 83 100 100 100 107 107 107 94 94 94 135 135 135 201 201 201 211 211 211 176 176 176 200 200 200 250 250 250 247 247 247 247 247 247 247 247 247 247 247 247 247 247 247 
247 247 247 247 247 247 247 247 247 247 247 247 247 247 247 248 248 248 244 244 244 121 121 121 63 63 63 74 74 74 85 85 85 107 107 107 118 118 118 122 122 122 123 123 123 124 124 124 118 118 118 80 80 80 46 46 46 36 36 36 35 35 35 35 35 35 32 32 32 33 33 33 41 41 41 51 51 51 69 69 69 102 102 102 135 135 135 145 145 145 119 119 119 76 76 76 69 69 69 65 65 65 69 69 69 83 83 83 100 100 100 107 107 107 94 94 94 135 135 135 201 201 201 211 211 211 176 176 176 200 200 200 250 250 250 247 247 247 247 247 247 247 247 247 247 247 247 247 247 247 
247 247 247 247 247 247 247 247 247 247 247 247 247 247 247 248 248 248 244 244 244 121 121 121 63 63 63 74 74 74 85 85 85 107 107 107 118 118 118 122 122 122 123 123 123 124 124 124 118 118 118 80 80 80 46 46 46 36 36 36 35 35 35 35 35 35 32 32 32 33 33 33 41 41 41 51 51 51 69 69 69 102 102 102 135 135 135 145 145 145 119 119 119 76 76 76 69 69 69 65 65 65 69 69 69 83 83 83 100 100 100 107 107 107 94 94 94 135 135 135 201 201 201 211 211 211 176 176 176 200 200 200 250 250 250 247 247 247 247 247 247 247 247 247 247 247 247 247 247 247 
247 247 247 247 247 247 247 247 247 247 247 247 247 247 247 252 252 252 247 247 247 124 124 124 73 73 73 71 71 71 78 78 78 110 110 110 124 124 124 124 124 124 121 121 121 118 118 118 71 71 71 44 44 44 57 57 57 71 71 71 82 82 82 86 86 86 68 68 68 64 64 64 73 73 73 62 62 62 68 68 68 101 101 101 145 145 145 162 162 162 127 127 127 87 87 87 81 81 81 57 57 57 46 46 46 50 50 50 66 66 66 87 87 87 118 118 118 131 131 131 177 177 177 215 215 215 175 175 175 198 198 198 251 251 251 249 249 249 247 247 247 247 247 247 247 247 247 247 247 247 
247 247 247 247 247 247 247 247 247 247 247 247 247 247 247 252 252 252 247 247 247 124 124 124 73 73 73 71 71 71 78 78 78 110 110 110 124 124 124 124 124 124 121 121 121 118 118 118 71 71 71 44 44 44 57 57 57 71 71 71 82 82 82 86 86 86 68 68 68 64 64 64 73 73 73 62 62 62 68 68 68 101 101 101 145 145 145 162 162 162 127 127 127 87 87 87 81 81 81 57 57 57 46 46 46 50 50 50 66 66 66 87 87 87 118 118 118 131 131 131 177 177 177 215 215 215 175 175 175 198 198 198 251 251 251 249 249 249 247 247 247 247 247 247 247 247 247 247 247 247 
247 247 247 247 247 247 247 247 247 247 247 247 247 247 247 252 252 252 247 247 247 124 124 124 73 73 73 71 71 71 78 78 78 110 110 110 124 124 124 124 124 124 121 121 121 118 118 118 71 71 71 44 44 44 57 57 57 71 71 71 82 82 82 86 86 86 68 68 68 64 64 64 73 73 73 62 62 62 68 68 68 101 101 101 145 145 145 162 162 162 127 127 127 87 87 87 81 81 81 57 57 57 46 46 46 50 50 50 66 66 66 87 87 87 118 118 118 131 131 131 177 177 177 215 215 215 175 175 175 198 198 198 251 251 251 249 249 249 247 247 247 247 247 247 247 247 247 247 247 247 
247 247 247 247 247 247 247 247 247 247 247 247 247 247 247 222 222 222 215 215 215 130 130 130 82 82 82 68 68 68 80 80 80 118 118 118 130 130 130 125 125 125 124 124 124 90 90 90 64 64 64 68 68 68 57 57 57 37 37 37 24 24 24 33 33 33 55 55 55 47 47 47 58 58 58 54 54 54 68 68 68 112 112 112 155 155 155 172 172 172 136 136 136 81 81 81 63 63 63 58 58 58 51 51 51 53 53 53 72 72 72 62 62 62 56 56 56 118 118 118 165 165 165 212 212 212 174 174 174 163 163 163 203 203 203 236 236 236 248 248 248 247 247 247 247 247 247 247 247 247 
247 247 247 247 247 247 247 247 247 247 247 247 247 247 247 222 222 222 215 215 215 130 130 130 82 82 82 68 68 68 80 80 80 118 118 118 130 130 130 125 125 125 124 124 124 90 90 90 64 64 64 68 68 68 57 57 57 37 37 37 24 24 24 33 33 33 55 55 55 47 47 47 58 58 58 54 54 54 68 68 68 112 112 112 155 155 155 172 172 172 136 136 136 81 81 81 63 63 63 58 58 58 51 51 51 53 53 53 72 72 72 62 62 62 56 56 56 118 118 118 165 165 165 212 212 212 174 174 174 163 163 163 203 203 203 236 236 236 248 248 248 247 247 247 247 247 247 247 247 247 
247 247 247 247 247 247 247 247 247 247 247 247 247 247 247 222 222 222 215 215 215 130 130 130 82 82 82 68 68 68 80 80 80 118 118 118 130 130 130 125 125 125 124 124 124 90 90 90 64 64 64 68 68 68 57 57 57 37 37 37 24 24 24 33 33 33 55 55 55 47 47 47 58 58 58 54 54 54 68 68 68 112 112 112 155 155 155 172 172 172 136 136 136 81 81 81 63 63 63 58 58 58 51 51 51 53 53 53 72 72 72 62 62 62 56 56 56 118 118 118 165 165 165 212 212 212 174 174 174 163 163 163 203 203 203 236 236 236 248 248 248 247 247 247 247 247 247 247 247 247 
247 247 247 247 247 247 247 247 247 252 252 252 210 210 210 95 95 95 109 109 109 87 87 87 72 72 72 67 67 67 90 90 90 127 127 127 125 125 125 125 125 125 121 121 121 93 93 93 76 76 76 40 40 40 34 34 34 51 51 51 59 59 59 75 75 75 104 104 104 90 90 90 64 64 64 58 58 58 69 69 69 117 117 117 148 148 148 166 166 166 144 144 144 111 111 111 93 93 93 79 79 79 88 88 88 115 115 115 138 138 138 148 148 148 118 118 118 87 87 87 139 139 139 211 211 211 185 185 185 150 150 150 137 137 137 205 205 205 252 252 252 247 247 247 247 247 247 247 247 247 
247 247 247 247 247 247 247 247 247 252 252 252 210 210 210 95 95 95 109 109 109 87 87 87 72 72 72 67 67 67 90 90 90 127 127 127 125 125 125 125 125 125 121 121 121 93 93 93 76 76 76 40 40 40 34 34 34 51 51 51 59 59 59 75 75 75 104 104 104 90 90 90 64 64 64 58 58 58 69 69 69 117 117 117 148 148 148 166 166 166 144 144 144 111 111 111 93 93 93 79 79 79 88 88 88 115 115 115 138 138 138 148 148 148 118 118 118 87 87 87 139 139 139 211 211 211 185 185 185 150 150 150 137 137 137 205 205 205 252 252 252 247 247 247 247 247 247 247 247 247 
247 247 247 247 247 247 247 247 247 252 252 252 210 210 210 95 95 95 109 109 109 87 87 87 72 72 72 67 67 67 90 90 90 127 127 127 125 125 125 125 125 125 121 121 121 93 93 93 76 76 76 40 40 40 34 34 34 51 51 51 59 59 59 75 75 75 104 104 104 90 90 90 64 64 64 58 58 58 69 69 69 117 117 117 148 148 148 166 166 166 144 144 144 111 111 111 93 93 93 79 79 79 88 88 88 115 115 115 138 138 138 148 148 148 118 118 118 87 87 87 139 139 139 211 211 211 185 185 185 150 150 150 137 137 137 205 205 205 252 252 252 247 247 247 247 247 247 247 247 247 
247 247 247 247 247 247 247 247 247 253 253 253 179 179 179 77 77 77 98 98 98 97 97 97 84 84 84 69 69 69 103 103 103 128 128 128 119 119 119 118 118 118 99 99 99 73 73 73 51 51 51 54 54 54 76 76 76 91 91 91 93 93 93 94 94 94 88 88 88 75 75 75 78 78 78 80 80 80 92 92 92 125 125 125 142 142 142 163 163 163 160 160 160 139 139 139 131 131 131 113 113 113 99 99 99 97 97 97 107 107 107 125 125 125 136 136 136 135 135 135 144 144 144 197 197 197 202 202 202 174 174 174 133 133 133 201 201 201 252 252 252 247 247 247 247 247 247 247 247 247 
247 247 247 247 247 247 247 247 247 253 253 253 179 179 179 77 77 77 98 98 98 97 97 97 84 84 84 69 69 69 103 103 103 128 128 128 119 119 119 118 118 118 99 99 99 73 73 73 51 51 51 54 54 54 76 76 76 91 91 91 93 93 93 94 94 94 88 88 88 75 75 75 78 78 78 80 80 80 92 92 92 125 125 125 142 142 142 163 163 163 160 160 160 139 139 139 131 131 131 113 113 113 99 99 99 97 97 97 107 107 107 125 125 125 136 136 136 135 135 135 144 144 144 197 197 197 202 202 202 174 174 174 133 133 133 201 201 201 252 252 252 247 247 247 247 247 247 247 247 247 
247 247 247 247 247 247 247 247 247 253 253 253 179 179 179 77 77 77 98 98 98 97 97 97 84 84 84 69 69 69 103 103 103 128 128 128 119 119 119 118 118 118 99 99 99 73 73 73 51 51 51 54 54 54 76 76 76 91 91 91 93 93 93 94 94 94 88 88 88 75 75 75 78 78 78 80 80 80 92 92 92 125 125 125 142 142 142 163 163 163 160 160 160 139 139 139 131 131 131 113 113 113 99 99 99 97 97 97 107 107 107 125 125 125 136 136 136 135 135 135 144 144 144 197 197 197 202 202 202 174 174 174 133 133 133 201 201 201 252 252 252 247 247 247 247 247 247 247 247 247 
247 247 247 247 247 247 247 247 247 253 253 253 180 180 180 95 95 95 114 114 114 103 103 103 112 112 112 81 81 81 97 97 97 126 126 126 121 121 121 113 113 113 96 96 96 82 82 82 85 85 85 86 86 86 81 81 81 76 76 76 79 79 79 91 91 91 101 101 101 113 113 113 117 117 117 104 104 104 113 113 113 134 134 134 146 146 146 160 160 160 172 172 172 162 162 162 159 159 159 157 157 157 150 150 150 142 142 142 140 140 140 139 139 139 151 151 151 169 169 169 173 173 173 191 191 191 206 206 206 182 182 182 142 142 142 195 195 195 252 252 252 247 247 247 247 247 247 247 247 247 
247 247 247 247 247 247 247 247 247 253 253 253 180 180 180 95 95 95 114 114 114 103 103 103 112 112 112 81 81 81 97 97 97 126 126 126 121 121 121 113 113 113 96 96 96 82 82 82 85 85 85 86 86 86 81 81 81 76 76 76 79 79 79 91 91 91 101 101 101 113 113 113 117 117 117 104 104 104 113 113 113 134 134 134 146 146 146 160 160 160 172 172 172 162 162 162 159 159 159 157 157 157 150 150 150 142 142 142 140 140 140 139 139 139 151 151 151 169 169 169 173 173 173 191 191 191 206 206 206 182 182 182 142 142 142 195 195 195 252 252 252 247 247 247 247 247 247 247 247 247 
247 247 247 247 247 247 247 247 247 253 253 253 180 180 180 95 95 95 114 114 114 103 103 103 112 112 112 81 81 81 97 97 97 126 126 126 121 121 121 113 113 113 96 96 96 82 82 82 85 85 85 86 86 86 81 81 81 76 76 76 79 79 79 91 91 91 101 101 101 113 113 113 117 117 117 104 104 104 113 113 113 134 134 134 146 146 146 160 160 160 172 172 172 162 162 162 159 159 159 157 157 157 150 150 150 142 142 142 140 140 140 139 139 139 151 151 151 169 169 169 173 173 173 191 191 191 206 206 206 182 182 182 142 142 142 195 195 195 252 252 252 247 247 247 247 247 247 247 247 247 
247 247 247 247 247 247 247 247 247 253 253 253 173 173 173 102 102 102 123 123 123 122 122 122 111 111 111 95 95 95 102 102 102 126 126 126 120 120 120 117 117 117 115 115 115 118 118 118 125 125 125 120 120 120 120 120 120 122 122 122 131 131 131 130 130 130 129 129 129 129 129 129 116 116 116 115 115 115 128 128 128 140 140 140 154 154 154 163 163 163 180 180 180 174 174 174 165 165 165 165 165 165 160 160 160 160 160 160 162 162 162 157 157 157 162 162 162 184 184 184 196 196 196 191 191 191 199 199 199 184 184 184 151 151 151 187 187 187 252 252 252 247 247 247 247 247 247 247 247 247 
247 247 247 247 247 247 247 247 247 253 253 253 173 173 173 102 102 102 123 123 123 122 122 122 111 111 111 95 95 95 102 102 102 126 126 126 120 120 120 117 117 117 115 115 115 118 118 118 125 125 125 120 120 120 120 120 120 122 122 122 131 131 131 130 130 130 129 129 129 129 129 129 116 116 116 115 115 115 128 128 128 140 140 140 154 154 154 163 163 163 180 180 180 174 174 174 165 165 165 165 165 165 160 160 160 160 160 160 162 162 162 157 157 157 162 162 162 184 184 184 196 196 196 191 191 191 199 199 199 184 184 184 151 151 151 187 187 187 252 252 252 247 247 247 247 247 247 247 247 247 
247 247 247 247 247 247 247 247 247 253 253 253 173 173 173 102 102 102 123 123 123 122 122 122 111 111 111 95 95 95 102 102 102 126 126 126 120 120 120 117 117 117 115 115 115 118 118 118 125 125 125 120 120 120 120 120 120 122 122 122 131 131 131 130 130 130 129 129 129 129 129 129 116 116 116 115 115 115 128 128 128 140 140 140 154 154 154 163 163 163 180 180 180 174 174 174 165 165 165 165 165 165 160 160 160 160 160 160 162 162 162 157 157 157 162 162 162 184 184 184 196 196 196 191 191 191 199 199 199 184 184 184 151 151 151 187 187 187 252 252 252 247 247 247 247 247 247 247 247 247 
247 247 247 247 247 247 247 247 247 253 253 253 188 188 188 111 111 111 123 123 123 106 106 106 73 73 73 110 110 110 127 127 127 121 121 121 119 119 119 123 123 123 121 121 121 138 138 138 148 148 148 145 145 145 147 147 147 145 145 145 144 144 144 132 132 132 130 130 130 128 128 128 114 114 114 110 110 110 123 123 123 145 145 145 155 155 155 160 160 160 176 176 176 178 178 178 147 147 147 129 129 129 152 152 152 170 170 170 172 172 172 171 171 171 173 173 173 183 183 183 201 201 201 205 205 205 177 177 177 162 162 162 166 166 166 206 206 206 251 251 251 247 247 247 247 247 247 247 247 247 
247 247 247 247 247 247 247 247 247 253 253 253 188 188 188 111 111 111 123 123 123 106 106 106 73 73 73 110 110 110 127 127 127 121 121 121 119 119 119 123 123 123 121 121 121 138 138 138 148 148 148 145 145 145 147 147 147 145 145 145 144 144 144 132 132 132 130 130 130 128 128 128 114 114 114 110 110 110 123 123 123 145 145 145 155 155 155 160 160 160 176 176 176 178 178 178 147 147 147 129 129 129 152 152 152 170 170 170 172 172 172 171 171 171 173 173 173 183 183 183 201 201 201 205 205 205 177 177 177 162 162 162 166 166 166 206 206 206 251 251 251 247 247 247 247 247 247 247 247 247 
247 247 247 247 247 247 247 247 247 253 253 253 188 188 188 111 111 111 123 123 123 106 106 106 73 73 73 110 110 110 127 127 127 121 121 121 119 119 119 123 123 123 121 121 121 138 138 138 148 148 148 145 145 145 147 147 147 145 145 145 144 144 144 132 132 132 130 130 130 128 128 128 114 114 114 110 110 110 123 123 123 145 145 145 155 155 155 160 160 160 176 176 176 178 178 178 147 147 147 129 129 129 152 152 152 170 170 170 172 172 172 171 171 171 173 173 173 183 183 183 201 201 201 205 205 205 177 177 177 162 162 162 166 166 166 206 206 206 251 251 251 247 247 247 247 247 247 247 247 247 
247 247 247 247 247 247 247 247 247 250 250 250 231 231 231 130 130 130 105 105 105 84 84 84 58 58 58 114 114 114 132 132 132 116 116 116 123 123 123 124 124 124 130 130 130 146 146 146 148 148 148 145 145 145 148 148 148 151 151 151 145 145 145 138 138 138 133 133 133 102 102 102 96 96 96 113 113 113 127 127 127 146 146 146 153 153 153 155 155 155 169 169 169 188 188 188 165 165 165 140 140 140 100 100 100 119 119 119 157 157 157 172 172 172 182 182 182 188 188 188 193 193 193 212 212 212 185 185 185 153 153 153 184 184 184 236 236 236 249 249 249 247 247 247 247 247 247 247 247 247 
247 247 247 247 247 247 247 247 247 250 250 250 231 231 231 130 130 130 105 105 105 84 84 84 58 58 58 114 114 114 132 132 132 116 116 116 123 123 123 124 124 124 130 130 130 146 146 146 148 148 148 145 145 145 148 148 148 151 151 151 145 145 145 138 138 138 133 133 133 102 102 102 96 96 96 113 113 113 127 127 127 146 146 146 153 153 153 155 155 155 169 169 169 188 188 188 165 165 165 140 140 140 100 100 100 119 119 119 157 157 157 172 172 172 182 182 182 188 188 188 193 193 193 212 212 212 185 185 185 153 153 153 184 184 184 236 236 236 249 249 249 247 247 247 247 247 247 247 247 247 
247 247 247 247 247 247 247 247 247 250 250 250 231 231 231 130 130 130 105 105 105 84 84 84 58 58 58 114 114 114 132 132 132 116 116 116 123 123 123 124 124 124 130 130 130 146 146 146 148 148 148 145 145 145 148 148 148 151 151 151 145 145 145 138 138 138 133 133 133 102 102 102 96 96 96 113 113 113 127 127 127 146 146 146 153 153 153 155 155 155 169 169 169 188 188 188 165 165 165 140 140 140 100 100 100 119 119 119 157 157 157 172 172 172 182 182 182 188 188 188 193 193 193 212 212 212 185 185 185 153 153 153 184 184 184 236 236 236 249 249 249 247 247 247 247 247 247 247 247 247 
247 247 247 247 247 247 247 247 247 247 247 247 249 249 249 159 159 159 96 96 96 83 83 83 86 86 86 123 123 123 131 131 131 115 115 115 115 115 115 120 120 120 130 130 130 136 136 136 134 134 134 138 138 138 144 144 144 145 145 145 138 138 138 127 127 127 92 92 92 86 86 86 137 137 137 142 142 142 134 134 134 137 137 137 150 150 150 154 154 154 173 173 173 183 183 183 184 184 184 192 192 192 146 146 146 69 69 69 96 96 96 143 143 143 170 170 170 179 179 179 181 181 181 204 204 204 186 186 186 142 142 142 194 194 194 248 248 248 247 247 247 247 247 247 247 247 247 247 247 247 
247 247 247 247 247 247 247 247 247 247 247 247 249 249 249 159 159 159 96 96 96 83 83 83 86 86 86 123 123 123 131 131 131 115 115 115 115 115 115 120 120 120 130 130 130 136 136 136 134 134 134 138 138 138 144 144 144 145 145 145 138 138 138 127 127 127 92 92 92 86 86 86 137 137 137 142 142 142 134 134 134 137 137 137 150 150 150 154 154 154 173 173 173 183 183 183 184 184 184 192 192 192 146 146 146 69 69 69 96 96 96 143 143 143 170 170 170 179 179 179 181 181 181 204 204 204 186 186 186 142 142 142 194 194 194 248 248 248 247 247 247 247 247 247 247 247 247 247 247 247 
247 247 247 247 247 247 247 247 247 247 247 247 249 249 249 159 159 159 96 96 96 83 83 83 86 86 86 123 123 123 131 131 131 115 115 115 115 115 115 120 120 120 130 130 130 136 136 136 134 134 134 138 138 138 144 144 144 145 145 145 138 138 138 127 127 127 92 92 92 86 86 86 137 137 137 142 142 142 134 134 134 137 137 137 150 150 150 154 154 154 173 173 173 183 183 183 184 184 184 192 192 192 146 146 146 69 69 69 96 96 96 143 143 143 170 170 170 179 179 179 181 181 181 204 204 204 186 186 186 142 142 142 194 194 194 248 248 248 247 247 247 247 247 247 247 247 247 247 247 247 
247 247 247 247 247 247 247 247 247 247 247 247 253 253 253 179 179 179 94 94 94 90 90 90 107 107 107 130 130 130 131 131 131 121 121 121 113 113 113 115 115 115 119 119 119 116 116 116 115 115 115 117 117 117 122 122 122 122 122 122 118 118 118 89 89 89 67 67 67 102 102 102 121 121 121 119 119 119 106 106 106 96 96 96 118 118 118 132 132 132 142 142 142 138 138 138 129 129 129 132 132 132 146 146 146 109 109 109 60 60 60 93 93 93 129 129 129 147 147 147 162 162 162 190 190 190 191 191 191 147 147 147 198 198 198 250 250 250 247 247 247 247 247 247 247 247 247 247 247 247 
247 247 247 247 247 247 247 247 247 247 247 247 253 253 253 179 179 179 94 94 94 90 90 90 107 107 107 130 130 130 131 131 131 121 121 121 113 113 113 115 115 115 119 119 119 116 116 116 115 115 115 117 117 117 122 122 122 122 122 122 118 118 118 89 89 89 67 67 67 102 102 102 121 121 121 119 119 119 106 106 106 96 96 96 118 118 118 132 132 132 142 142 142 138 138 138 129 129 129 132 132 132 146 146 146 109 109 109 60 60 60 93 93 93 129 129 129 147 147 147 162 162 162 190 190 190 191 191 191 147 147 147 198 198 198 250 250 250 247 247 247 247 247 247 247 247 247 247 247 247 
247 247 247 247 247 247 247 247 247 247 247 247 253 253 253 179 179 179 94 94 94 90 90 90 107 107 107 130 130 130 131 131 131 121 121 121 113 113 113 115 115 115 119 119 119 116 116 116 115 115 115 117 117 117 122 122 122 122 122 122 118 118 118 89 89 89 67 67 67 102 102 102 121 121 121 119 119 119 106 106 106 96 96 96 118 118 118 132 132 132 142 142 142 138 138 138 129 129 129 132 132 132 146 146 146 109 109 109 60 60 60 93 93 93 129 129 129 147 147 147 162 162 162 190 190 190 191 191 191 147 147 147 198 198 198 250 250 250 247 247 247 247 247 247 247 247 247 247 247 247 
247 247 247 247 247 247 247 247 247 247 247 247 252 252 252 202 202 202 107 107 107 100 100 100 111 111 111 126 126 126 131 131 131 123 123 123 118 118 118 115 115 115 105 105 105 94 94 94 97 97 97 100 100 100 104 104 104 103 103 103 86 86 86 58 58 58 76 76 76 79 79 79 60 60 60 52 52 52 48 48 48 54 54 54 79 79 79 100 100 100 115 115 115 107 107 107 95 95 95 122 122 122 145 145 145 142 142 142 83 83 83 55 55 55 93 93 93 126 126 126 147 147 147 175 175 175 187 187 187 167 167 167 208 208 208 250 250 250 247 247 247 247 247 247 247 247 247 247 247 247 
247 247 247 247 247 247 247 247 247 247 247 247 252 252 252 202 202 202 107 107 107 100 100 100 111 111 111 126 126 126 131 131 131 123 123 123 118 118 118 115 115 115 105 105 105 94 94 94 97 97 97 100 100 100 104 104 104 103 103 103 86 86 86 58 58 58 76 76 76 79 79 79 60 60 60 52 52 52 48 48 48 54 54 54 79 79 79 100 100 100 115 115 115 107 107 107 95 95 95 122 122 122 145 145 145 142 142 142 83 83 83 55 55 55 93 93 93 126 126 126 147 147 147 175 175 175 187 187 187 167 167 167 208 208 208 250 250 250 247 247 247 247 247 247 247 247 247 247 247 247 
247 247 247 247 247 247 247 247 247 247 247 247 252 252 252 202 202 202 107 107 107 100 100 100 111 111 111 126 126 126 131 131 131 123 123 123 118 118 118 115 115 115 105 105 105 94 94 94 97 97 97 100 100 100 104 104 104 103 103 103 86 86 86 58 58 58 76 76 76 79 79 79 60 60 60 52 52 52 48 48 48 54 54 54 79 79 79 100 100 100 115 115 115 107 107 107 95 95 95 122 122 122 145 145 145 142 142 142 83 83 83 55 55 55 93 93 93 126 126 126 147 147 147 175 175 175 187 187 187 167 167 167 208 208 208 250 250 250 247 247 247 247 247 247 247 247 247 247 247 247 
247 247 247 247 247 247 247 247 247 247 247 247 249 249 249 232 232 232 125 125 125 114 114 114 114 114 114 115 115 115 127 127 127 124 124 124 120 120 120 110 110 110 88 88 88 82 82 82 84 84 84 85 85 85 86 86 86 78 78 78 52 52 52 64 64 64 80 80 80 79 79 79 62 62 62 50 50 50 45 45 45 40 40 40 56 56 56 77 77 77 104 104 104 132 132 132 145 145 145 146 146 146 147 147 147 147 147 147 124 124 124 65 65 65 57 57 57 99 99 99 134 134 134 160 160 160 180 180 180 190 190 190 226 226 226 249 249 249 247 247 247 247 247 247 247 247 247 247 247 247 
247 247 247 247 247 247 247 247 247 247 247 247 249 249 249 232 232 232 125 125 125 114 114 114 114 114 114 115 115 115 127 127 127 124 124 124 120 120 120 110 110 110 88 88 88 82 82 82 84 84 84 85 85 85 86 86 86 78 78 78 52 52 52 64 64 64 80 80 80 79 79 79 62 62 62 50 50 50 45 45 45 40 40 40 56 56 56 77 77 77 104 104 104 132 132 132 145 145 145 146 146 146 147 147 147 147 147 147 124 124 124 65 65 65 57 57 57 99 99 99 134 134 134 160 160 160 180 180 180 190 190 190 226 226 226 249 249 249 247 247 247 247 247 247 247 247 247 247 247 247 
247 247 247 247 247 247 247 247 247 247 247 247 249 249 249 232 232 232 125 125 125 114 114 114 114 114 114 115 115 115 127 127 127 124 124 124 120 120 120 110 110 110 88 88 88 82 82 82 84 84 84 85 85 85 86 86 86 78 78 78 52 52 52 64 64 64 80 80 80 79 79 79 62 62 62 50 50 50 45 45 45 40 40 40 56 56 56 77 77 77 104 104 104 132 132 132 145 145 145 146 146 146 147 147 147 147 147 147 124 124 124 65 65 65 57 57 57 99 99 99 134 134 134 160 160 160 180 180 180 190 190 190 226 226 226 249 249 249 247 247 247 247 247 247 247 247 247 247 247 247 
247 247 247 247 247 247 247 247 247 247 247 247 247 247 247 251 251 251 188 188 188 135 135 135 134 134 134 121 121 121 136 136 136 122 122 122 122 122 122 110 110 110 81 81 81 73 73 73 76 76 76 71 71 71 69 69 69 53 53 53 59 59 59 78 78 78 85 85 85 87 87 87 85 85 85 81 81 81 80 80 80 84 84 84 99 99 99 106 106 106 113 113 113 136 136 136 149 149 149 149 149 149 147 147 147 142 142 142 138 138 138 110 110 110 60 60 60 75 75 75 132 132 132 153 153 153 175 175 175 201 201 201 243 243 243 248 248 248 247 247 247 247 247 247 247 247 247 247 247 247 
247 247 247 247 247 247 247 247 247 247 247 247 247 247 247 251 251 251 188 188 188 135 135 135 134 134 134 121 121 121 136 136 136 122 122 122 122 122 122 110 110 110 81 81 81 73 73 73 76 76 76 71 71 71 69 69 69 53 53 53 59 59 59 78 78 78 85 85 85 87 87 87 85 85 85 81 81 81 80 80 80 84 84 84 99 99 99 106 106 106 113 113 113 136 136 136 149 149 149 149 149 149 147 147 147 142 142 142 138 138 138 110 110 110 60 60 60 75 75 75 132 132 132 153 153 153 175 175 175 201 201 201 243 243 243 248 248 248 247 247 247 247 247 247 247 247 247 247 247 247 
247 247 247 247 247 247 247 247 247 247 247 247 247 247 247 251 251 251 188 188 188 135 135 135 134 134 134 121 121 121 136 136 136 122 122 122 122 122 122 110 110 110 81 81 81 73 73 73 76 76 76 71 71 71 69 69 69 53 53 53 59 59 59 78 78 78 85 85 85 87 87 87 85 85 85 81 81 81 80 80 80 84 84 84 99 99 99 106 106 106 113 113 113 136 136 136 149 149 149 149 149 149 147 147 147 142 142 142 138 138 138 110 110 110 60 60 60 75 75 75 132 132 132 153 153 153 175 175 175 201 201 201 243 243 243 248 248 248 247 247 247 247 247 247 247 247 247 247 247 247 
247 247 247 247 247 247 247 247 247 247 247 247 247 247 247 249 249 249 236 236 236 144 144 144 115 115 115 193 193 193 178 178 178 117 117 117 124 124 124 109 109 109 86 86 86 70 70 70 75 75 75 70 70 70 62 62 62 62 62 62 70 70 70 80 80 80 89 89 89 95 95 95 99 99 99 100 100 100 104 104 104 108 108 108 122 122 122 125 125 125 130 130 130 140 140 140 142 142 142 138 138 138 139 139 139 139 139 139 139 139 139 129 129 129 92 92 92 82 82 82 131 131 131 157 157 157 162 162 162 176 176 176 242 242 242 248 248 248 247 247 247 247 247 247 247 247 247 247 247 247 
247 247 247 247 247 247 247 247 247 247 247 247 247 247 247 249 249 249 236 236 236 144 144 144 115 115 115 193 193 193 178 178 178 117 117 117 124 124 124 109 109 109 86 86 86 70 70 70 75 75 75 70 70 70 62 62 62 62 62 62 70 70 70 80 80 80 89 89 89 95 95 95 99 99 99 100 100 100 104 104 104 108 108 108 122 122 122 125 125 125 130 130 130 140 140 140 142 142 142 138 138 138 139 139 139 139 139 139 139 139 139 129 129 129 92 92 92 82 82 82 131 131 131 157 157 157 162 162 162 176 176 176 242 242 242 248 248 248 247 247 247 247 247 247 247 247 247 247 247 247 
247 247 247 247 247 247 247 247 247 247 247 247 247 247 247 249 249 249 236 236 236 144 144 144 115 115 115 193 193 193 178 178 178 117 117 117 124 124 124 109 109 109 86 86 86 70 70 70 75 75 75 70 70 70 62 62 62 62 62 62 70 70 70 80 80 80 89 89 89 95 95 95 99 99 99 100 100 100 104 104 104 108 108 108 122 122 122 125 125 125 130 130 130 140 140 140 142 142 142 138 138 138 139 139 139 139 139 139 139 139 139 129 129 129 92 92 92 82 82 82 131 131 131 157 157 157 162 162 162 176 176 176 242 242 242 248 248 248 247 247 247 247 247 247 247 247 247 247 247 247 
247 247 247 247 247 247 247 247 247 247 247 247 247 247 247 247 247 247 248 248 248 194 194 194 184 184 184 252 252 252 199 199 199 112 112 112 118 118 118 107 107 107 94 94 94 70 70 70 78 78 78 79 79 79 65 65 65 72 72 72 77 77 77 82 82 82 81 81 81 76 76 76 73 73 73 69 69 69 67 67 67 69 69 69 82 82 82 97 97 97 102 102 102 106 106 106 109 109 109 101 101 101 58 58 58 56 56 56 97 97 97 110 110 110 103 103 103 112 112 112 133 133 133 174 174 174 234 234 234 224 224 224 247 247 247 247 247 247 247 247 247 247 247 247 247 247 247 247 247 247 
247 247 247 247 247 247 247 247 247 247 247 247 247 247 247 247 247 247 248 248 248 194 194 194 184 184 184 252 252 252 199 199 199 112 112 112 118 118 118 107 107 107 94 94 94 70 70 70 78 78 78 79 79 79 65 65 65 72 72 72 77 77 77 82 82 82 81 81 81 76 76 76 73 73 73 69 69 69 67 67 67 69 69 69 82 82 82 97 97 97 102 102 102 106 106 106 109 109 109 101 101 101 58 58 58 56 56 56 97 97 97 110 110 110 103 103 103 112 112 112 133 133 133 174 174 174 234 234 234 224 224 224 247 247 247 247 247 247 247 247 247 247 247 247 247 247 247 247 247 247 
247 247 247 247 247 247 247 247 247 247 247 247 247 247 247 247 247 247 248 248 248 194 194 194 184 184 184 252 252 252 199 199 199 112 112 112 118 118 118 107 107 107 94 94 94 70 70 70 78 78 78 79 79 79 65 65 65 72 72 72 77 77 77 82 82 82 81 81 81 76 76 76 73 73 73 69 69 69 67 67 67 69 69 69 82 82 82 97 97 97 102 102 102 106 106 106 109 109 109 101 101 101 58 58 58 56 56 56 97 97 97 110 110 110 103 103 103 112 112 112 133 133 133 174 174 174 234 234 234 224 224 224 247 247 247 247 247 247 247 247 247 247 247 247 247 247 247 247 247 247 
247 247 247 247 247 247 247 247 247 247 247 247 247 247 247 247 247 247 247 247 247 250 250 250 251 251 251 251 251 251 222 222 222 121 121 121 114 114 114 104 104 104 101 101 101 73 73 73 76 76 76 94 94 94 77 77 77 68 68 68 54 54 54 38 38 38 27 27 27 40 40 40 62 62 62 61 61 61 65 65 65 83 83 83 84 84 84 109 109 109 139 139 139 154 154 154 160 160 160 165 165 165 64 64 64 8 8 8 46 46 46 111 111 111 111 111 111 137 137 137 136 136 136 194 194 194 252 252 252 250 250 250 247 247 247 247 247 247 247 247 247 247 247 247 247 247 247 247 247 247 
247 247 247 247 247 247 247 247 247 247 247 247 247 247 247 247 247 247 247 247 247 250 250 250 251 251 251 251 251 251 222 222 222 121 121 121 114 114 114 104 104 104 101 101 101 73 73 73 76 76 76 94 94 94 77 77 77 68 68 68 54 54 54 38 38 38 27 27 27 40 40 40 62 62 62 61 61 61 65 65 65 83 83 83 84 84 84 109 109 109 139 139 139 154 154 154 160 160 160 165 165 165 64 64 64 8 8 8 46 46 46 111 111 111 111 111 111 137 137 137 136 136 136 194 194 194 252 252 252 250 250 250 247 247 247 247 247 247 247 247 247 247 247 247 247 247 247 247 247 247 
247 247 247 247 247 247 247 247 247 247 247 247 247 247 247 247 247 247 247 247 247 250 250 250 251 251 251 251 251 251 222 222 222 121 121 121 114 114 114 104 104 104 101 101 101 73 73 73 76 76 76 94 94 94 77 77 77 68 68 68 54 54 54 38 38 38 27 27 27 40 40 40 62 62 62 61 61 61 65 65 65 83 83 83 84 84 84 109 109 109 139 139 139 154 154 154 160 160 160 165 165 165 64 64 64 8 8 8 46 46 46 111 111 111 111 111 111 137 137 137 136 136 136 194 194 194 252 252 252 250 250 250 247 247 247 247 247 247 247 247 247 247 247 247 247 247 247 247 247 247 
247 247 247 247 247 247 247 247 247 247 247 247 247 247 247 247 247 247 247 247 247 247 247 247 247 247 247 248 248 248 246 246 246 151 151 151 111 111 111 101 101 101 105 105 105 90 90 90 69 69 69 98 98 98 94 94 94 71 71 71 21 21 21 6 6 6 40 40 40 86 86 86 126 126 126 134 134 134 145 145 145 174 174 174 178 178 178 183 183 183 204 204 204 196 196 196 201 201 201 197 197 197 95 95 95 47 47 47 115 115 115 127 127 127 123 123 123 143 143 143 141 141 141 217 217 217 250 250 250 247 247 247 247 247 247 247 247 247 247 247 247 247 247 247 247 247 247 247 247 247 
247 247 247 247 247 247 247 247 247 247 247 247 247 247 247 247 247 247 247 247 247 247 247 247 247 247 247 248 248 248 246 246 246 151 151 151 111 111 111 101 101 101 105 105 105 90 90 90 69 69 69 98 98 98 94 94 94 71 71 71 21 21 21 6 6 6 40 40 40 86 86 86 126 126 126 134 134 134 145 145 145 174 174 174 178 178 178 183 183 183 204 204 204 196 196 196 201 201 201 197 197 197 95 95 95 47 47 47 115 115 115 127 127 127 123 123 123 143 143 143 141 141 141 217 217 217 250 250 250 247 247 247 247 247 247 247 247 247 247 247 247 247 247 247 247 247 247 247 247 247 
247 247 247 247 247 247 247 247 247 247 247 247 247 247 247 247 247 247 247 247 247 247 247 247 247 247 247 248 248 248 246 246 246 151 151 151 111 111 111 101 101 101 105 105 105 90 90 90 69 69 69 98 98 98 94 94 94 71 71 71 21 21 21 6 6 6 40 40 40 86 86 86 126 126 126 134 134 134 145 145 145 174 174 174 178 178 178 183 183 183 204 204 204 196 196 196 201 201 201 197 197 197 95 95 95 47 47 47 115 115 115 127 127 127 123 123 123 143 143 143 141 141 141 217 217 217 250 250 250 247 247 247 247 247 247 247 247 247 247 247 247 247 247 247 247 247 247 247 247 247 
247 247 247 247 247 247 247 247 247 247 247 247 247 247 247 247 247 247 247 247 247 247 247 247 247 247 247 247 247 247 252 252 252 198 198 198 112 112 112 101 101 101 94 94 94 110 110 110 70 70 70 90 90 90 106 106 106 86 86 86 69 69 69 32 32 32 61 61 61 115 115 115 144 144 144 154 154 154 166 166 166 179 179 179 197 197 197 192 192 192 200 200 200 193 193 193 187 187 187 154 154 154 101 101 101 123 123 123 156 156 156 124 124 124 135 135 135 136 136 136 154 154 154 235 235 235 249 249 249 247 247 247 247 247 247 247 247 247 247 247 247 247 247 247 247 247 247 247 247 247 
247 247 247 247 247 247 247 247 247 247 247 247 247 247 247 247 247 247 247 247 247 247 247 247 247 247 247 247 247 247 252 252 252 198 198 198 112 112 112 101 101 101 94 94 94 110 110 110 70 70 70 90 90 90 106 106 106 86 86 86 69 69 69 32 32 32 61 61 61 115 115 115 144 144 144 154 154 154 166 166 166 179 179 179 197 197 197 192 192 192 200 200 200 193 193 193 187 187 187 154 154 154 101 101 101 123 123 123 156 156 156 124 124 124 135 135 135 136 136 136 154 154 154 235 235 235 249 249 249 247 247 247 247 247 247 247 247 247 247 247 247 247 247 247 247 247 247 247 247 247 
247 247 247 247 247 247 247 247 247 247 247 247 247 247 247 247 247 247 247 247 247 247 247 247 247 247 247 247 247 247 252 252 252 198 198 198 112 112 112 101 101 101 94 94 94 110 110 110 70 70 70 90 90 90 106 106 106 86 86 86 69 69 69 32 32 32 61 61 61 115 115 115 144 144 144 154 154 154 166 166 166 179 179 179 197 197 197 192 192 192 200 200 200 193 193 193 187 187 187 154 154 154 101 101 101 123 123 123 156 156 156 124 124 124 135 135 135 136 136 136 154 154 154 235 235 235 249 249 249 247 247 247 247 247 247 247 247 247 247 247 247 247 247 247 247 247 247 247 247 247 
247 247 247 247 247 247 247 247 247 247 247 247 247 247 247 247 247 247 247 247 247 247 247 247 247 247 247 247 247 247 249 249 249 238 238 238 136 136 136 100 100 100 88 88 88 106 106 106 87 87 87 75 75 75 113 113 113 89 89 89 107 107 107 94 94 94 67 67 67 67 67 67 86 86 86 83 83 83 89 89 89 114 114 114 135 135 135 141 141 141 133 133 133 125 125 125 133 133 133 126 126 126 138 138 138 158 158 158 158 158 158 125 125 125 138 138 138 132 132 132 178 178 178 247 247 247 247 247 247 247 247 247 247 247 247 247 247 247 247 247 247 247 247 247 247 247 247 247 247 247 
247 247 247 247 247 247 247 247 247 247 247 247 247 247 247 247 247 247 247 247 247 247 247 247 247 247 247 247 247 247 249 249 249 238 238 238 136 136 136 100 100 100 88 88 88 106 106 106 87 87 87 75 75 75 113 113 113 89 89 89 107 107 107 94 94 94 67 67 67 67 67 67 86 86 86 83 83 83 89 89 89 114 114 114 135 135 135 141 141 141 133 133 133 125 125 125 133 133 133 126 126 126 138 138 138 158 158 158 158 158 158 125 125 125 138 138 138 132 132 132 178 178 178 247 247 247 247 247 247 247 247 247 247 247 247 247 247 247 247 247 247 247 247 247 247 247 247 247 247 247 
247 247 247 247 247 247 247 247 247 247 247 247 247 247 247 247 247 247 247 247 247 247 247 247 247 247 247 247 247 247 249 249 249 238 238 238 136 136 136 100 100 100 88 88 88 106 106 106 87 87 87 75 75 75 113 113 113 89 89 89 107 107 107 94 94 94 67 67 67 67 67 67 86 86 86 83 83 83 89 89 89 114 114 114 135 135 135 141 141 141 133 133 133 125 125 125 133 133 133 126 126 126 138 138 138 158 158 158 158 158 158 125 125 125 138 138 138 132 132 132 178 178 178 247 247 247 247 247 247 247 247 247 247 247 247 247 247 247 247 247 247 247 247 247 247 247 247 247 247 247 
247 247 247 247 247 247 247 247 247 247 247 247 247 247 247 247 247 247 247 247 247 247 247 247 247 247 247 247 247 247 247 247 247 252 252 252 192 192 192 97 97 97 88 88 88 89 89 89 98 98 98 65 65 65 103 103 103 98 98 98 106 106 106 110 110 110 94 94 94 85 85 85 83 83 83 90 90 90 105 105 105 118 118 118 120 120 120 121 121 121 132 132 132 157 157 157 158 158 158 152 152 152 162 162 162 166 166 166 156 156 156 133 133 133 138 138 138 139 139 139 214 214 214 250 250 250 247 247 247 247 247 247 247 247 247 247 247 247 247 247 247 247 247 247 247 247 247 247 247 247 
247 247 247 247 247 247 247 247 247 247 247 247 247 247 247 247 247 247 247 247 247 247 247 247 247 247 247 247 247 247 247 247 247 252 252 252 192 192 192 97 97 97 88 88 88 89 89 89 98 98 98 65 65 65 103 103 103 98 98 98 106 106 106 110 110 110 94 94 94 85 85 85 83 83 83 90 90 90 105 105 105 118 118 118 120 120 120 121 121 121 132 132 132 157 157 157 158 158 158 152 152 152 162 162 162 166 166 166 156 156 156 133 133 133 138 138 138 139 139 139 214 214 214 250 250 250 247 247 247 247 247 247 247 247 247 247 247 247 247 247 247 247 247 247 247 247 247 247 247 247 
247 247 247 247 247 247 247 247 247 247 247 247 247 247 247 247 247 247 247 247 247 247 247 247 247 247 247 247 247 247 247 247 247 252 252 252 192 192 192 97 97 97 88 88 88 89 89 89 98 98 98 65 65 65 103 103 103 98 98 98 106 106 106 110 110 110 94 94 94 85 85 85 83 83 83 90 90 90 105 105 105 118 118 118 120 120 120 121 121 121 132 132 132 157 157 157 158 158 158 152 152 152 162 162 162 166 166 166 156 156 156 133 133 133 138 138 138 139 139 139 214 214 214 250 250 250 247 247 247 247 247 247 247 247 247 247 247 247 247 247 247 247 247 247 247 247 247 247 247 247 
247 247 247 247 247 247 247 247 247 247 247 247 247 247 247 247 247 247 247 247 247 247 247 247 247 247 247 247 247 247 247 247 247 249 249 249 243 243 243 133 133 133 84 84 84 83 83 83 93 93 93 75 75 75 85 85 85 110 110 110 97 97 97 113 113 113 107 107 107 97 97 97 92 92 92 89 89 89 98 98 98 111 111 111 118 118 118 120 120 120 131 131 131 144 144 144 151 151 151 162 162 162 171 171 171 166 166 166 146 146 146 144 144 144 136 136 136 168 168 168 244 244 244 248 248 248 247 247 247 247 247 247 247 247 247 247 247 247 247 247 247 247 247 247 247 247 247 247 247 247 
247 247 247 247 247 247 247 247 247 247 247 247 247 247 247 247 247 247 247 247 247 247 247 247 247 247 247 247 247 247 247 247 247 249 249 249 243 243 243 133 133 133 84 84 84 83 83 83 93 93 93 75 75 75 85 85 85 110 110 110 97 97 97 113 113 113 107 107 107 97 97 97 92 92 92 89 89 89 98 98 98 111 111 111 118 118 118 120 120 120 131 131 131 144 144 144 151 151 151 162 162 162 171 171 171 166 166 166 146 146 146 144 144 144 136 136 136 168 168 168 244 244 244 248 248 248 247 247 247 247 247 247 247 247 247 247 247 247 247 247 247 247 247 247 247 247 247 247 247 247 
247 247 247 247 247 247 247 247 247 247 247 247 247 247 247 247 247 247 247 247 247 247 247 247 247 247 247 247 247 247 247 247 247 249 249 249 243 243 243 133 133 133 84 84 84 83 83 83 93 93 93 75 75 75 85 85 85 110 110 110 97 97 97 113 113 113 107 107 107 97 97 97 92 92 92 89 89 89 98 98 98 111 111 111 118 118 118 120 120 120 131 131 131 144 144 144 151 151 151 162 162 162 171 171 171 166 166 166 146 146 146 144 144 144 136 136 136 168 168 168 244 244 244 248 248 248 247 247 247 247 247 247 247 247 247 247 247 247 247 247 247 247 247 247 247 247 247 247 247 247 
247 247 247 247 247 247 247 247 247 247 247 247 247 247 247 247 247 247 247 247 247 247 247 247 247 247 247 247 247 247 247 247 247 247 247 247 252 252 252 210 210 210 97 97 97 81 81 81 83 83 83 87 87 87 72 72 72 112 112 112 90 90 90 103 103 103 113 113 113 105 105 105 97 97 97 88 88 88 82 82 82 87 87 87 100 100 100 109 109 109 114 114 114 130 130 130 149 149 149 166 166 166 168 168 168 158 158 158 148 148 148 148 148 148 147 147 147 222 222 222 250 250 250 247 247 247 247 247 247 247 247 247 247 247 247 247 247 247 247 247 247 247 247 247 247 247 247 247 247 247 
247 247 247 247 247 247 247 247 247 247 247 247 247 247 247 247 247 247 247 247 247 247 247 247 247 247 247 247 247 247 247 247 247 247 247 247 252 252 252 210 210 210 97 97 97 81 81 81 83 83 83 87 87 87 72 72 72 112 112 112 90 90 90 103 103 103 113 113 113 105 105 105 97 97 97 88 88 88 82 82 82 87 87 87 100 100 100 109 109 109 114 114 114 130 130 130 149 149 149 166 166 166 168 168 168 158 158 158 148 148 148 148 148 148 147 147 147 222 222 222 250 250 250 247 247 247 247 247 247 247 247 247 247 247 247 247 247 247 247 247 247 247 247 247 247 247 247 247 247 247 
247 247 247 247 247 247 247 247 247 247 247 247 247 247 247 247 247 247 247 247 247 247 247 247 247 247 247 247 247 247 247 247 247 247 247 247 252 252 252 210 210 210 97 97 97 81 81 81 83 83 83 87 87 87 72 72 72 112 112 112 90 90 90 103 103 103 113 113 113 105 105 105 97 97 97 88 88 88 82 82 82 87 87 87 100 100 100 109 109 109 114 114 114 130 130 130 149 149 149 166 166 166 168 168 168 158 158 158 148 148 148 148 148 148 147 147 147 222 222 222 250 250 250 247 247 247 247 247 247 247 247 247 247 247 247 247 247 247 247 247 247 247 247 247 247 247 247 247 247 247 
247 247 247 247 247 247 247 247 247 247 247 247 247 247 247 247 247 247 247 247 247 247 247 247 247 247 247 247 247 247 247 247 247 247 247 247 247 247 247 252 252 252 173 173 173 82 82 82 80 80 80 87 87 87 73 73 73 95 95 95 105 105 105 91 91 91 109 109 109 110 110 110 105 105 105 96 96 96 85 85 85 85 85 85 90 90 90 101 101 101 113 113 113 133 133 133 153 153 153 166 166 166 163 163 163 157 157 157 157 157 157 148 148 148 199 199 199 250 250 250 247 247 247 247 247 247 247 247 247 247 247 247 247 247 247 247 247 247 247 247 247 247 247 247 247 247 247 247 247 247 
247 247 247 247 247 247 247 247 247 247 247 247 247 247 247 247 247 247 247 247 247 247 247 247 247 247 247 247 247 247 247 247 247 247 247 247 247 247 247 252 252 252 173 173 173 82 82 82 80 80 80 87 87 87 73 73 73 95 95 95 105 105 105 91 91 91 109 109 109 110 110 110 105 105 105 96 96 96 85 85 85 85 85 85 90 90 90 101 101 101 113 113 113 133 133 133 153 153 153 166 166 166 163 163 163 157 157 157 157 157 157 148 148 148 199 199 199 250 250 250 247 247 247 247 247 247 247 247 247 247 247 247 247 247 247 247 247 247 247 247 247 247 247 247 247 247 247 247 247 247 
247 247 247 247 247 247 247 247 247 247 247 247 247 247 247 247 247 247 247 247 247 247 247 247 247 247 247 247 247 247 247 247 247 247 247 247 247 247 247 252 252 252 173 173 173 82 82 82 80 80 80 87 87 87 73 73 73 95 95 95 105 105 105 91 91 91 109 109 109 110 110 110 105 105 105 96 96 96 85 85 85 85 85 85 90 90 90 101 101 101 113 113 113 133 133 133 153 153 153 166 166 166 163 163 163 157 157 157 157 157 157 148 148 148 199 199 199 250 250 250 247 247 247 247 247 247 247 247 247 247 247 247 247 247 247 247 247 247 247 247 247 247 247 247 247 247 247 247 247 247 
247 247 247 247 247 247 247 247 247 247 247 247 247 247 247 247 247 247 247 247 247 247 247 247 247 247 247 247 247 247 247 247 247 247 247 247 247 247 247 249 249 249 244 244 244 136 136 136 75 75 75 81 81 81 84 84 84 75 75 75 113 113 113 94 94 94 101 101 101 106 106 106 104 104 104 103 103 103 105 105 105 106 106 106 108 108 108 115 115 115 131 131 131 144 144 144 158 158 158 166 166 166 164 164 164 163 163 163 161 161 161 176 176 176 244 244 244 248 248 248 247 247 247 247 247 247 247 247 247 247 247 247 247 247 247 247 247 247 247 247 247 247 247 247 247 247 247 247 247 247 
247 247 247 247 247 247 247 247 247 247 247 247 247 247 247 247 247 247 247 247 247 247 247 247 247 247 247 247 247 247 247 247 247 247 247 247 247 247 247 249 249 249 244 244 244 136 136 136 75 75 75 81 81 81 84 84 84 75 75 75 113 113 113 94 94 94 101 101 101 106 106 106 104 104 104 103 103 103 105 105 105 106 106 106 108 108 108 115 115 115 131 131 131 144 144 144 158 158 158 166 166 166 164 164 164 163 163 163 161 161 161 176 176 176 244 244 244 248 248 248 247 247 247 247 247 247 247 247 247 247 247 247 247 247 247 247 247 247 247 247 247 247 247 247 247 247 247 247 247 247 
247 247 247 247 247 247 247 247 247 247 247 247 247 247 247 247 247 247 247 247 247 247 247 247 247 247 247 247 247 247 247 247 247 247 247 247 247 247 247 249 249 249 244 244 244 136 136 136 75 75 75 81 81 81 84 84 84 75 75 75 113 113 113 94 94 94 101 101 101 106 106 106 104 104 104 103 103 103 105 105 105 106 106 106 108 108 108 115 115 115 131 131 131 144 144 144 158 158 158 166 166 166 164 164 164 163 163 163 161 161 161 176 176 176 244 244 244 248 248 248 247 247 247 247 247 247 247 247 247 247 247 247 247 247 247 247 247 247 247 247 247 247 247 247 247 247 247 247 247 247 
247 247 247 247 247 247 247 247 247 247 247 247 247 247 247 247 247 247 247 247 247 247 247 247 247 247 247 247 247 247 247 247 247 247 247 247 247 247 247 247 247 247 251 251 251 228 228 228 106 106 106 74 74 74 88 88 88 75 75 75 91 91 91 113 113 113 101 101 101 105 105 105 104 104 104 103 103 103 110 110 110 116 116 116 123 123 123 133 133 133 144 144 144 150 150 150 158 158 158 160 160 160 162 162 162 168 168 168 170 170 170 224 224 224 250 250 250 247 247 247 247 247 247 247 247 247 247 247 247 247 247 247 247 247 247 247 247 247 247 247 247 247 247 247 247 247 247 247 247 247 
247 247 247 247 247 247 247 247 247 247 247 247 247 247 247 247 247 247 247 247 247 247 247 247 247 247 247 247 247 247 247 247 247 247 247 247 247 247 247 247 247 247 251 251 251 228 228 228 106 106 106 74 74 74 88 88 88 75 75 75 91 91 91 113 113 113 101 101 101 105 105 105 104 104 104 103 103 103 110 110 110 116 116 116 123 123 123 133 133 133 144 144 144 150 150 150 158 158 158 160 160 160 162 162 162 168 168 168 170 170 170 224 224 224 250 250 250 247 247 247 247 247 247 247 247 247 247 247 247 247 247 247 247 247 247 247 247 247 247 247 247 247 247 247 247 247 247 247 247 247 
247 247 247 247 247 247 247 247 247 247 247 247 247 247 247 247 247 247 247 247 247 247 247 247 247 247 247 247 247 247 247 247 247 247 247 247 247 247 247 247 247 247 251 251 251 228 228 228 106 106 106 74 74 74 88 88 88 75 75 75 91 91 91 113 113 113 101 101 101 105 105 105 104 104 104 103 103 103 110 110 110 116 116 116 123 123 123 133 133 133 144 144 144 150 150 150 158 158 158 160 160 160 162 162 162 168 168 168 170 170 170 224 224 224 250 250 250 247 247 247 247 247 247 247 247 247 247 247 247 247 247 247 247 247 247 247 247 247 247 247 247 247 247 247 247 247 247 247 247 247 
247 247 247 247 247 247 247 247 247 247 247 247 247 247 247 247 247 247 247 247 247 247 247 247 247 247 247 247 247 247 247 247 247 247 247 247 247 247 247 247 247 247 247 247 247 253 253 253 204 204 204 87 87 87 80 80 80 83 83 83 76 76 76 110 110 110 110 110 110 110 110 110 109 109 109 110 110 110 117 117 117 123 123 123 128 128 128 136 136 136 144 144 144 155 155 155 161 161 161 154 154 154 165 165 165 173 173 173 202 202 202 249 249 249 247 247 247 247 247 247 247 247 247 247 247 247 247 247 247 247 247 247 247 247 247 247 247 247 247 247 247 247 247 247 247 247 247 247 247 247 
247 247 247 247 247 247 247 247 247 247 247 247 247 247 247 247 247 247 247 247 247 247 247 247 247 247 247 247 247 247 247 247 247 247 247 247 247 247 247 247 247 247 247 247 247 253 253 253 204 204 204 87 87 87 80 80 80 83 83 83 76 76 76 110 110 110 110 110 110 110 110 110 109 109 109 110 110 110 117 117 117 123 123 123 128 128 128 136 136 136 144 144 144 155 155 155 161 161 161 154 154 154 165 165 165 173 173 173 202 202 202 249 249 249 247 247 247 247 247 247 247 247 247 247 247 247 247 247 247 247 247 247 247 247 247 247 247 247 247 247 247 247 247 247 247 247 247 247 247 247 
247 247 247 247 247 247 247 247 247 247 247 247 247 247 247 247 247 247 247 247 247 247 247 247 247 247 247 247 247 247 247 247 247 247 247 247 247 247 247 247 247 247 247 247 247 253 253 253 204 204 204 87 87 87 80 80 80 83 83 83 76 76 76 110 110 110 110 110 110 110 110 110 109 109 109 110 110 110 117 117 117 123 123 123 128 128 128 136 136 136 144 144 144 155 155 155 161 161 161 154 154 154 165 165 165 173 173 173 202 202 202 249 249 249 247 247 247 247 247 247 247 247 247 247 247 247 247 247 247 247 247 247 247 247 247 247 247 247 247 247 247 247 247 247 247 247 247 247 247 247 
247 247 247 247 247 247 247 247 247 247 247 247 247 247 247 247 247 247 247 247 247 247 247 247 247 247 247 247 247 247 247 247 247 247 247 247 247 247 247 247 247 247 247 247 247 247 247 247 253 253 253 177 177 177 77 77 77 79 79 79 74 74 74 89 89 89 109 109 109 115 115 115 122 122 122 115 115 115 116 116 116 119 119 119 122 122 122 127 127 127 137 137 137 147 147 147 156 156 156 156 156 156 170 170 170 183 183 183 235 235 235 249 249 249 247 247 247 247 247 247 247 247 247 247 247 247 247 247 247 247 247 247 247 247 247 247 247 247 247 247 247 247 247 247 247 247 247 247 247 247 
247 247 247 247 247 247 247 247 247 247 247 247 247 247 247 247 247 247 247 247 247 247 247 247 247 247 247 247 247 247 247 247 247 247 247 247 247 247 247 247 247 247 247 247 247 247 247 247 253 253 253 177 177 177 77 77 77 79 79 79 74 74 74 89 89 89 109 109 109 115 115 115 122 122 122 115 115 115 116 116 116 119 119 119 122 122 122 127 127 127 137 137 137 147 147 147 156 156 156 156 156 156 170 170 170 183 183 183 235 235 235 249 249 249 247 247 247 247 247 247 247 247 247 247 247 247 247 247 247 247 247 247 247 247 247 247 247 247 247 247 247 247 247 247 247 247 247 247 247 247 
247 247 247 247 247 247 247 247 247 247 247 247 247 247 247 247 247 247 247 247 247 247 247 247 247 247 247 247 247 247 247 247 247 247 247 247 247 247 247 247 247 247 247 247 247 247 247 247 253 253 253 177 177 177 77 77 77 79 79 79 74 74 74 89 89 89 109 109 109 115 115 115 122 122 122 115 115 115 116 116 116 119 119 119 122 122 122 127 127 127 137 137 137 147 147 147 156 156 156 156 156 156 170 170 170 183 183 183 235 235 235 249 249 249 247 247 247 247 247 247 247 247 247 247 247 247 247 247 247 247 247 247 247 247 247 247 247 247 247 247 247 247 247 247 247 247 247 247 247 247 
247 247 247 247 247 247 247 247 247 247 247 247 247 247 247 247 247 247 247 247 247 247 247 247 247 247 247 247 247 247 247 247 247 247 247 247 247 247 247 247 247 247 247 247 247 247 247 247 248 248 248 250 250 250 164 164 164 70 70 70 68 68 68 72 72 72 89 89 89 98 98 98 109 109 109 118 118 118 120 120 120 121 121 121 122 122 122 123 123 123 135 135 135 139 139 139 149 149 149 155 155 155 160 160 160 211 211 211 250 250 250 247 247 247 247 247 247 247 247 247 247 247 247 247 247 247 247 247 247 247 247 247 247 247 247 247 247 247 247 247 247 247 247 247 247 247 247 247 247 247 
247 247 247 247 247 247 247 247 247 247 247 247 247 247 247 247 247 247 247 247 247 247 247 247 247 247 247 247 247 247 247 247 247 247 247 247 247 247 247 247 247 247 247 247 247 247 247 247 248 248 248 250 250 250 164 164 164 70 70 70 68 68 68 72 72 72 89 89 89 98 98 98 109 109 109 118 118 118 120 120 120 121 121 121 122 122 122 123 123 123 135 135 135 139 139 139 149 149 149 155 155 155 160 160 160 211 211 211 250 250 250 247 247 247 247 247 247 247 247 247 247 247 247 247 247 247 247 247 247 247 247 247 247 247 247 247 247 247 247 247 247 247 247 247 247 247 247 247 247 247 
247 247 247 247 247 247 247 247 247 247 247 247 247 247 247 247 247 247 247 247 247 247 247 247 247 247 247 247 247 247 247 247 247 247 247 247 247 247 247 247 247 247 247 247 247 247 247 247 248 248 248 250 250 250 164 164 164 70 70 70 68 68 68 72 72 72 89 89 89 98 98 98 109 109 109 118 118 118 120 120 120 121 121 121 122 122 122 123 123 123 135 135 135 139 139 139 149 149 149 155 155 155 160 160 160 211 211 211 250 250 250 247 247 247 247 247 247 247 247 247 247 247 247 247 247 247 247 247 247 247 247 247 247 247 247 247 247 247 247 247 247 247 247 247 247 247 247 247 247 247 
247 247 247 247 247 247 247 247 247 247 247 247 247 247 247 247 247 247 247 247 247 247 247 247 247 247 247 247 247 247 247 247 247 247 247 247 247 247 247 247 247 247 247 247 247 247 247 247 247 247 247 249 249 249 249 249 249 161 161 161 76 76 76 57 57 57 64 64 64 74 74 74 85 85 85 96 96 96 107 107 107 116 116 116 121 121 121 118 118 118 122 122 122 125 125 125 127 127 127 123 123 123 166 166 166 245 245 245 248 248 248 247 247 247 247 247 247 247 247 247 247 247 247 247 247 247 247 247 247 247 247 247 247 247 247 247 247 247 247 247 247 247 247 247 247 247 247 247 247 247 
247 247 247 247 247 247 247 247 247 247 247 247 247 247 247 247 247 247 247 247 247 247 247 247 247 247 247 247 247 247 247 247 247 247 247 247 247 247 247 247 247 247 247 247 247 247 247 247 247 247 247 249 249 249 249 249 249 161 161 161 76 76 76 57 57 57 64 64 64 74 74 74 85 85 85 96 96 96 107 107 107 116 116 116 121 121 121 118 118 118 122 122 122 125 125 125 127 127 127 123 123 123 166 166 166 245 245 245 248 248 248 247 247 247 247 247 247 247 247 247 247 247 247 247 247 247 247 247 247 247 247 247 247 247 247 247 247 247 247 247 247 247 247 247 247 247 247 247 247 247 
247 247 247 247 247 247 247 247 247 247 247 247 247 247 247 247 247 247 247 247 247 247 247 247 247 247 247 247 247 247 247 247 247 247 247 247 247 247 247 247 247 247 247 247 247 247 247 247 247 247 247 249 249 249 249 249 249 161 161 161 76 76 76 57 57 57 64 64 64 74 74 74 85 85 85 96 96 96 107 107 107 116 116 116 121 121 121 118 118 118 122 122 122 125 125 125 127 127 127 123 123 123 166 166 166 245 245 245 248 248 248 247 247 247 247 247 247 247 247 247 247 247 247 247 247 247 247 247 247 247 247 247 247 247 247 247 247 247 247 247 247 247 247 247 247 247 247 247 247 247 
247 247 247 247 247 247 247 247 247 247 247 247 247 247 247 247 247 247 247 247 247 247 247 247 247 247 247 247 247 247 247 247 247 247 247 247 247 247 247 247 247 247 247 247 247 247 247 247 247 247 247 247 247 247 248 248 248 250 250 250 213 213 213 138 138 138 76 76 76 58 58 58 56 56 56 63 63 63 73 73 73 86 86 86 93 93 93 91 91 91 93 93 93 92 92 92 95 95 95 145 145 145 234 234 234 250 250 250 247 247 247 247 247 247 247 247 247 247 247 247 247 247 247 247 247 247 247 247 247 247 247 247 247 247 247 247 247 247 247 247 247 247 247 247 247 247 247 247 247 247 
247 247 247 247 247 247 247 247 247 247 247 247 247 247 247 247 247 247 247 247 247 247 247 247 247 247 247 247 247 247 247 247 247 247 247 247 247 247 247 247 247 247 247 247 247 247 247 247 247 247 247 247 247 247 248 248 248 250 250 250 213 213 213 138 138 138 76 76 76 58 58 58 56 56 56 63 63 63 73 73 73 86 86 86 93 93 93 91 91 91 93 93 93 92 92 92 95 95 95 145 145 145 234 234 234 250 250 250 247 247 247 247 247 247 247 247 247 247 247 247 247 247 247 247 247 247 247 247 247 247 247 247 247 247 247 247 247 247 247 247 247 247 247 247 247 247 247 247 247 247 
247 247 247 247 247 247 247 247 247 247 247 247 247 247 247 247 247 247 247 247 247 247 247 247 247 247 247 247 247 247 247 247 247 247 247 247 247 247 247 247 247 247 247 247 247 247 247 247 247 247 247 247 247 247 248 248 248 250 250 250 213 213 213 138 138 138 76 76 76 58 58 58 56 56 56 63 63 63 73 73 73 86 86 86 93 93 93 91 91 91 93 93 93 92 92 92 95 95 95 145 145 145 234 234 234 250 250 250 247 247 247 247 247 247 247 247 247 247 247 247 247 247 247 247 247 247 247 247 247 247 247 247 247 247 247 247 247 247 247 247 247 247 247 247 247 247 247 247 247 247 
247 247 247 247 247 247 247 247 247 247 247 247 247 247 247 247 247 247 247 247 247 247 247 247 247 247 247 247 247 247 247 247 247 247 247 247 247 247 247 247 247 247 247 247 247 247 247 247 247 247 247 247 247 247 247 247 247 247 247 247 252 252 252 251 251 251 230 230 230 198 198 198 154 154 154 99 99 99 63 63 63 56 56 56 62 62 62 63 63 63 74 74 74 113 113 113 183 183 183 242 242 242 250 250 250 247 247 247 247 247 247 247 247 247 247 247 247 247 247 247 247 247 247 247 247 247 247 247 247 247 247 247 247 247 247 247 247 247 247 247 247 247 247 247 247 247 247 247 247 247 
247 247 247 247 247 247 247 247 247 247 247 247 247 247 247 247 247 247 247 247 247 247 247 247 247 247 247 247 247 247 247 247 247 247 247 247 247 247 247 247 247 247 247 247 247 247 247 247 247 247 247 247 247 247 247 247 247 247 247 247 252 252 252 251 251 251 230 230 230 198 198 198 154 154 154 99 99 99 63 63 63 56 56 56 62 62 62 63 63 63 74 74 74 113 113 113 183 183 183 242 242 242 250 250 250 247 247 247 247 247 247 247 247 247 247 247 247 247 247 247 247 247 247 247 247 247 247 247 247 247 247 247 247 247 247 247 247 247 247 247 247 247 247 247 247 247 247 247 247 247 
247 247 247 247 247 247 247 247 247 247 247 247 247 247 247 247 247 247 247 247 247 247 247 247 247 247 247 247 247 247 247 247 247 247 247 247 247 247 247 247 247 247 247 247 247 247 247 247 247 247 247 247 247 247 247 247 247 247 247 247 252 252 252 251 251 251 230 230 230 198 198 198 154 154 154 99 99 99 63 63 63 56 56 56 62 62 62 63 63 63 74 74 74 113 113 113 183 183 183 242 242 242 250 250 250 247 247 247 247 247 247 247 247 247 247 247 247 247 247 247 247 247 247 247 247 247 247 247 247 247 247 247 247 247 247 247 247 247 247 247 247 247 247 247 247 247 247 247 247 247 
247 247 247 247 247 247 247 247 247 247 247 247 247 247 247 247 247 247 247 247 247 247 247 247 247 247 247 247 247 247 247 247 247 247 247 247 247 247 247 247 247 247 247 247 247 247 247 247 247 247 247 247 247 247 247 247 247 247 247 247 247 247 247 247 247 247 250 250 250 253 253 253 254 254 254 245 245 245 221 221 221 203 203 203 197 197 197 202 202 202 221 221 221 245 245 245 252 252 252 248 248 248 247 247 247 247 247 247 247 247 247 247 247 247 247 247 247 247 247 247 247 247 247 247 247 247 247 247 247 247 247 247 247 247 247 247 247 247 247 247 247 247 247 247 247 247 247 247 247 247 
247 247 247 247 247 247 247 247 247 247 247 247 247 247 247 247 247 247 247 247 247 247 247 247 247 247 247 247 247 247 247 247 247 247 247 247 247 247 247 247 247 247 247 247 247 247 247 247 247 247 247 247 247 247 247 247 247 247 247 247 247 247 247 247 247 247 250 250 250 253 253 253 254 254 254 245 245 245 221 221 221 203 203 203 197 197 197 202 202 202 221 221 221 245 245 245 252 252 252 248 248 248 247 247 247 247 247 247 247 247 247 247 247 247 247 247 247 247 247 247 247 247 247 247 247 247 247 247 247 247 247 247 247 247 247 247 247 247 247 247 247 247 247 247 247 247 247 247 247 247 
247 247 247 247 247 247 247 247 247 247 247 247 247 247 247 247 247 247 247 247 247 247 247 247 247 247 247 247 247 247 247 247 247 247 247 247 247 247 247 247 247 247 247 247 247 247 247 247 247 247 247 247 247 247 247 247 247 247 247 247 247 247 247 247 247 247 250 250 250 253 253 253 254 254 254 245 245 245 221 221 221 203 203 203 197 197 197 202 202 202 221 221 221 245 245 245 252 252 252 248 248 248 247 247 247 247 247 247 247 247 247 247 247 247 247 247 247 247 247 247 247 247 247 247 247 247 247 247 247 247 247 247 247 247 247 247 247 247 247 247 247 247 247 247 247 247 247 247 247 247 
