247 247 247 247 247 247 247 247 247 247 247 247 247 247 247 247 247 247 247 247 247 247 247 247 247 247 247 249 249 249 249 234 208 203 160 160 144 141 131 124 124 124 124 118 118 120 120 113 107 103 94 94 87 87 83 82 84 86 88 95 95 94 94 93 93 97 102 103 109 109 105 105 110 113 122 134 136 149 149 161 162 204 227 236 251 251 247 247 247 247 247 247 247 247 247 247 247 247 247 247 247 247 247 247 247 247 247 247 247 247 247 247 247 
247 247 247 247 247 247 247 247 247 247 247 247 247 247 247 247 247 247 247 247 247 247 247 247 247 247 247 249 249 249 249 234 208 203 160 160 144 141 131 124 124 124 124 118 118 120 120 113 107 103 94 94 87 87 83 82 84 86 88 95 95 94 94 93 93 97 102 103 109 109 105 105 110 113 122 134 136 149 149 161 162 204 227 236 251 251 247 247 247 247 247 247 247 247 247 247 247 247 247 247 247 247 247 247 247 247 247 247 247 247 247 247 247 
247 247 247 247 247 247 247 247 247 247 247 247 247 247 247 247 247 247 247 247 247 247 247 247 247 248 248 246 246 224 211 195 167 165 150 150 131 128 119 113 114 115 114 106 106 105 104 101 99 94 81 81 87 87 85 85 85 84 86 90 90 94 95 99 100 105 111 111 113 113 103 103 105 105 107 110 113 133 133 148 150 169 180 201 235 237 248 248 247 247 247 247 247 247 247 247 247 247 247 247 247 247 247 247 247 247 247 247 247 247 247 247 247 
247 247 247 247 247 247 247 247 247 247 247 247 247 247 247 247 247 247 247 247 247 247 247 247 247 249 249 245 245 216 198 181 152 151 147 147 127 123 115 110 111 112 111 102 102 100 99 97 96 91 77 77 87 87 86 86 85 84 85 89 89 95 95 101 103 108 114 114 114 114 103 102 103 103 102 101 105 128 128 144 146 158 164 189 230 232 249 249 247 247 247 247 247 247 247 247 247 247 247 247 247 247 247 247 247 247 247 247 247 247 247 247 247 
247 247 247 247 247 247 247 247 247 247 247 247 247 247 247 247 247 247 247 247 247 247 247 248 248 247 247 219 216 188 172 161 141 141 134 134 116 112 107 103 104 104 104 101 101 97 96 94 92 89 83 83 94 94 96 96 100 104 103 99 99 99 99 110 114 119 125 125 121 121 107 107 110 111 111 111 113 124 124 138 139 147 151 171 202 208 247 247 248 248 247 247 247 247 247 247 247 247 247 247 247 247 247 247 247 247 247 247 247 247 247 247 247 
247 247 247 247 247 247 247 247 247 247 247 247 247 247 247 247 247 247 247 247 247 247 248 249 248 245 245 191 184 159 144 139 130 129 121 121 104 101 98 96 96 96 96 100 100 94 93 90 88 88 89 89 102 102 107 108 117 126 122 109 109 103 103 120 126 132 138 136 128 128 113 112 117 120 121 122 122 120 120 131 132 136 138 151 172 181 245 245 248 249 248 247 247 247 247 247 247 247 247 247 247 247 247 247 247 247 247 247 247 247 247 247 247 
247 247 247 247 247 247 247 247 247 247 247 247 247 247 247 247 247 247 247 247 247 247 248 248 246 231 231 181 175 151 137 131 121 121 115 115 102 100 99 99 99 101 101 108 108 104 103 101 99 100 102 102 111 111 115 116 124 132 129 119 119 115 115 129 135 140 145 144 138 138 126 125 131 133 135 137 136 133 133 140 141 143 144 153 168 175 228 228 240 242 245 248 247 247 247 247 247 247 247 247 247 247 247 247 247 247 247 247 247 247 247 247 247 
247 247 247 247 247 247 247 247 247 247 247 247 247 247 247 247 247 247 247 247 248 248 248 247 238 183 183 147 142 124 113 105 91 92 96 96 96 96 104 110 112 117 118 136 136 138 138 139 140 142 147 147 142 142 144 144 149 154 154 156 156 158 158 164 167 169 171 172 174 174 172 172 178 181 185 190 188 179 179 173 172 168 165 160 153 155 168 168 210 217 237 250 249 247 247 247 247 247 247 247 247 247 247 247 247 247 247 247 247 247 247 247 247 
247 247 247 247 247 247 247 247 247 247 247 247 247 247 247 247 247 247 247 247 248 248 248 247 238 183 183 147 142 124 113 105 91 92 96 96 96 96 104 110 112 117 118 136 136 138 138 139 140 142 147 147 142 142 144 144 149 154 154 156 156 158 158 164 167 169 171 172 174 174 172 172 178 181 185 190 188 179 179 173 172 168 165 160 153 155 168 168 210 217 237 250 249 247 247 247 247 247 247 247 247 247 247 247 247 247 247 247 247 247 247 247 247 
247 247 247 247 247 247 247 247 247 247 247 247 247 247 247 247 247 247 248 248 249 250 224 186 178 125 125 125 125 107 97 93 88 90 107 107 129 133 145 153 153 153 153 155 155 155 155 154 153 154 156 155 154 154 153 153 153 153 154 159 159 168 168 171 173 174 175 175 176 176 178 178 182 184 189 197 199 210 210 210 210 206 204 196 182 178 149 149 171 175 215 242 244 248 248 247 247 247 247 247 247 247 247 247 247 247 247 247 247 247 247 247 247 
247 247 247 247 247 247 247 247 247 247 247 247 247 247 247 247 247 247 248 248 249 250 224 184 175 123 123 124 124 107 96 93 88 90 108 108 131 135 147 155 155 155 155 156 156 156 156 155 154 155 156 156 155 155 153 153 153 153 154 159 159 169 169 172 173 174 175 175 176 176 178 178 182 184 189 197 199 211 211 212 212 208 206 197 183 179 148 148 169 173 214 242 244 248 248 247 247 247 247 247 247 247 247 247 247 247 247 247 247 247 247 247 247 
247 247 247 247 247 247 247 247 247 247 247 247 247 247 247 247 247 247 250 250 229 218 186 137 133 108 108 108 108 97 91 94 98 101 125 125 143 146 151 155 154 153 153 153 153 154 154 154 155 155 155 155 153 153 153 152 152 151 152 155 155 165 165 168 169 171 172 172 173 173 174 174 177 178 182 188 190 203 203 209 210 210 210 207 201 197 169 169 154 151 179 198 213 243 243 248 248 247 247 247 247 247 247 247 247 247 247 247 247 247 247 247 247 
247 247 247 247 247 247 247 247 247 247 247 247 247 247 247 247 247 247 251 251 221 205 170 117 115 102 102 101 101 94 89 94 103 106 133 133 148 151 153 155 154 153 153 152 152 153 153 154 155 155 155 155 153 153 152 152 152 151 152 154 154 163 163 167 168 169 171 171 172 172 172 172 175 176 179 184 186 199 199 208 209 211 212 211 209 205 178 178 147 142 164 179 200 241 242 248 248 247 247 247 247 247 247 247 247 247 247 247 247 247 247 247 247 
247 247 247 247 247 247 247 247 247 247 247 247 247 247 247 247 248 248 244 243 198 175 150 113 111 100 100 101 101 94 90 97 108 111 135 135 146 149 150 152 151 151 151 151 151 151 151 153 154 154 155 155 153 153 153 153 153 152 153 155 155 163 163 165 166 168 169 169 171 171 171 171 174 175 178 183 185 194 194 204 205 208 210 210 210 207 187 187 152 146 157 164 185 226 228 249 249 247 247 247 247 247 247 247 247 247 247 247 247 247 247 247 247 
247 247 247 247 247 247 247 247 247 247 247 247 247 247 247 247 249 249 235 234 170 137 125 107 106 97 97 101 101 95 92 100 115 117 138 138 145 146 147 148 148 149 149 150 150 150 150 152 153 153 154 154 154 154 154 154 154 154 155 157 157 163 163 164 164 165 167 168 170 170 171 171 173 174 177 182 183 189 189 199 200 205 208 209 211 209 198 198 158 151 147 145 166 208 211 251 251 248 247 247 247 247 247 247 247 247 247 247 247 247 247 247 247 
247 247 247 247 247 247 247 247 247 247 247 247 247 247 247 247 249 249 229 227 164 131 121 105 104 98 98 99 99 95 92 100 114 116 137 137 144 145 146 147 147 148 148 149 149 149 149 151 153 153 154 154 155 155 154 154 154 154 155 157 157 163 163 164 164 166 168 168 171 171 172 172 174 175 178 182 183 189 189 198 199 204 206 208 210 208 198 198 160 154 149 145 165 203 207 250 250 248 247 247 247 247 247 247 247 247 247 247 247 247 247 247 247 
247 247 247 247 247 247 247 247 247 247 247 247 247 247 247 248 252 252 202 198 137 106 102 97 98 101 101 91 90 92 93 99 111 113 134 134 139 140 141 141 142 143 143 144 144 147 148 150 152 153 154 154 157 157 155 155 156 156 157 160 160 163 163 164 165 168 171 172 176 176 176 176 178 179 181 183 184 188 188 193 194 197 199 201 205 205 201 201 172 167 156 148 159 180 185 244 244 247 248 247 247 247 247 247 247 247 247 247 247 247 247 247 247 
247 247 247 247 247 247 247 247 247 247 247 247 247 247 247 248 252 252 202 198 137 106 102 97 98 101 101 91 90 92 93 99 111 113 134 134 139 140 141 141 142 143 143 144 144 147 148 150 152 153 154 154 157 157 155 155 156 156 157 160 160 163 163 164 165 168 171 172 176 176 176 176 178 179 181 183 184 188 188 193 194 197 199 201 205 205 201 201 172 167 156 148 159 180 185 244 244 247 248 247 247 247 247 247 247 247 247 247 247 247 247 247 247 
247 247 247 247 247 247 247 247 247 247 247 247 247 247 247 247 250 250 163 156 113 91 93 95 97 109 109 101 100 94 91 96 104 107 126 126 133 134 134 134 134 134 134 136 136 140 141 145 148 150 156 156 159 159 157 157 156 156 157 162 162 163 163 165 166 170 175 178 186 186 183 183 184 184 186 189 190 193 193 193 193 194 194 197 200 200 201 201 173 168 164 162 163 167 171 217 217 244 250 248 247 247 247 247 247 247 247 247 247 247 247 247 247 
247 247 247 247 247 247 247 247 247 247 247 247 247 247 247 248 250 250 160 152 111 90 92 95 97 110 110 102 101 95 91 96 104 106 126 126 133 134 133 133 133 133 133 135 135 139 140 144 148 150 156 156 159 159 157 157 157 156 157 162 162 163 163 165 166 171 176 178 187 187 184 184 184 184 187 190 191 194 194 193 193 194 194 196 200 200 201 201 173 168 165 163 164 166 170 215 215 244 250 248 247 247 247 247 247 247 247 247 247 247 247 247 247 
247 247 247 247 247 247 247 247 247 247 247 247 247 247 248 247 239 239 132 123 103 93 94 96 97 103 103 101 101 95 91 96 105 107 122 122 128 129 129 129 129 128 128 130 130 131 132 134 136 139 146 146 152 152 151 151 152 153 154 159 159 161 162 163 163 168 175 177 185 185 181 181 180 179 181 183 184 188 188 188 188 189 189 192 196 197 202 202 176 172 168 165 166 168 170 194 194 239 248 248 247 247 247 247 247 247 247 247 247 247 247 247 247 
247 247 247 247 247 247 247 247 247 247 247 247 247 248 249 246 234 234 118 108 99 95 96 97 97 99 99 101 101 95 91 96 106 107 120 120 126 127 127 127 127 126 126 127 127 128 128 129 130 133 141 141 149 149 148 148 150 151 153 158 158 161 161 162 162 168 174 176 184 184 180 180 178 177 178 180 181 185 185 186 186 187 187 190 194 195 202 202 178 174 170 167 168 170 171 184 184 236 248 247 247 247 247 247 247 247 247 247 247 247 247 247 247 
247 247 247 247 247 247 247 247 247 247 247 247 247 248 250 246 228 228 111 101 96 93 95 97 98 102 102 102 102 97 94 98 104 105 116 116 124 125 125 125 125 124 124 125 125 126 126 127 128 130 137 137 146 146 146 147 148 149 151 157 157 160 160 161 161 167 172 174 183 183 180 180 178 176 178 180 180 184 184 185 185 185 186 187 190 191 200 200 180 176 170 165 169 176 176 183 183 234 246 247 247 247 247 247 247 247 247 247 247 247 247 247 247 
247 247 247 247 247 247 247 247 247 247 247 247 247 249 251 245 220 220 100 90 91 91 94 98 99 106 106 103 103 100 98 99 102 103 111 111 120 122 122 122 122 121 121 123 123 123 123 124 124 126 132 132 142 142 144 145 146 146 148 155 155 159 159 160 161 165 170 172 181 181 179 179 177 176 177 179 180 183 183 183 183 184 184 184 185 187 198 198 183 180 170 163 170 184 184 181 181 232 243 246 248 248 247 247 247 247 247 247 247 247 247 247 247 
247 247 247 247 247 247 247 247 247 247 247 247 247 249 251 245 218 218 101 90 91 91 94 99 100 108 108 103 103 100 98 100 102 103 111 111 119 121 121 122 122 122 122 124 124 124 124 125 126 128 134 134 143 143 145 146 146 147 149 156 156 159 159 160 161 164 169 171 180 180 178 178 177 176 177 179 179 183 183 183 183 184 184 185 185 186 197 197 183 181 171 164 171 183 183 179 179 230 242 245 248 248 247 247 247 247 247 247 247 247 247 247 247 
247 247 247 247 247 247 247 247 247 247 247 247 247 249 252 244 205 205 102 93 92 91 97 107 109 121 121 103 101 99 98 101 107 108 114 114 115 115 118 120 122 125 125 127 127 132 133 136 138 139 143 143 150 150 152 152 153 154 155 159 159 161 161 161 161 161 162 164 173 173 174 174 175 176 177 178 179 184 184 186 186 186 186 186 185 186 192 192 187 186 178 173 175 178 177 169 169 222 234 242 249 248 247 247 247 247 247 247 247 247 247 247 247 
247 247 247 247 247 247 247 247 247 247 247 247 247 249 252 244 205 205 102 93 92 91 97 107 109 121 121 103 101 99 98 101 107 108 114 114 115 115 118 120 122 125 125 127 127 132 133 136 138 139 143 143 150 150 152 152 153 154 155 159 159 161 161 161 161 161 162 164 173 173 174 174 175 176 177 178 179 184 184 186 186 186 186 186 185 186 192 192 187 186 178 173 175 178 177 169 169 222 234 242 249 248 247 247 247 247 247 247 247 247 247 247 247 
247 247 247 247 247 247 247 247 247 247 247 247 247 249 253 241 186 186 98 90 93 93 104 120 121 125 125 108 106 103 101 106 115 115 120 120 117 116 117 117 119 124 125 134 134 139 140 143 146 147 149 149 154 154 156 157 158 159 161 165 165 164 164 164 164 163 162 163 169 169 174 174 176 178 179 181 182 188 188 191 191 188 187 185 183 184 189 189 193 194 186 181 178 174 174 171 171 212 221 237 250 249 247 247 247 247 247 247 247 247 247 247 247 
247 247 247 247 247 247 247 247 247 247 247 247 247 250 253 241 184 184 98 90 93 94 105 122 123 126 126 109 107 104 102 107 116 117 121 121 117 116 117 117 119 124 125 135 135 140 141 144 147 148 150 150 155 155 157 158 159 160 161 166 166 165 165 165 165 164 162 163 168 168 174 174 177 178 180 182 183 189 189 192 192 189 187 185 183 184 189 189 194 195 187 182 179 174 174 171 171 210 219 236 250 249 247 247 247 247 247 247 247 247 247 247 247 
247 247 247 247 247 247 247 247 247 247 247 247 247 249 252 239 180 180 102 95 96 96 104 118 118 120 120 109 107 105 104 109 118 119 123 123 121 120 119 118 120 123 124 135 135 140 142 144 146 147 149 149 152 152 155 157 158 160 161 165 165 166 166 166 166 164 161 162 166 166 175 176 176 177 178 181 182 187 187 189 189 187 187 186 185 186 187 187 192 193 191 189 187 181 181 175 175 204 211 233 250 249 247 247 247 247 247 247 247 247 247 247 247 
247 247 247 247 247 247 247 247 247 247 247 247 247 249 252 238 177 177 105 99 98 97 104 115 115 116 116 108 107 106 106 111 120 121 125 125 123 123 121 119 120 123 124 135 135 141 142 144 146 147 149 149 150 150 155 156 158 160 161 165 165 167 167 167 167 164 161 162 165 165 176 177 176 176 178 180 181 186 186 187 187 187 187 187 187 187 186 186 191 192 193 194 191 186 185 178 178 201 206 231 250 249 247 247 247 247 247 247 247 247 247 247 247 
247 247 247 247 247 247 247 247 247 247 247 247 247 249 252 237 170 170 107 101 99 97 102 111 110 110 110 107 106 107 108 112 119 119 122 122 121 121 121 121 123 126 126 135 135 139 140 142 143 143 144 144 145 145 149 150 153 155 156 159 159 162 162 164 165 162 158 159 161 161 173 174 172 172 173 175 176 181 181 183 183 185 186 188 190 190 190 190 193 193 194 195 193 189 188 179 179 202 207 231 250 249 247 247 247 247 247 247 247 247 247 247 247 
247 247 247 247 247 247 247 247 247 247 247 247 247 249 251 234 157 157 109 105 100 98 100 103 103 100 100 104 105 109 112 114 118 118 117 117 118 118 123 126 128 131 131 135 135 137 138 139 139 138 136 136 135 135 140 141 144 147 148 150 150 154 154 160 162 158 153 153 154 154 167 168 166 165 165 166 167 172 172 176 177 183 186 189 195 195 198 198 195 195 196 197 196 195 194 181 181 205 210 232 250 249 247 247 247 247 247 247 247 247 247 247 247 
247 247 247 247 247 247 247 247 247 247 247 247 247 249 251 233 155 155 107 103 99 96 98 102 101 99 99 104 105 109 112 114 118 118 117 117 118 118 123 127 128 132 132 135 135 137 137 137 137 136 133 133 132 132 137 138 141 145 145 148 148 152 152 158 160 156 151 152 152 152 165 165 162 161 161 160 161 166 166 171 172 177 181 185 191 192 197 197 196 196 196 197 196 195 194 180 180 204 209 232 250 249 247 247 247 247 247 247 247 247 247 247 247 
247 247 247 247 247 247 247 247 247 247 247 248 248 248 248 228 139 139 92 88 84 82 86 91 91 90 90 104 106 112 115 116 119 119 118 118 123 124 130 135 136 138 138 138 138 132 131 124 118 116 110 110 112 112 114 115 119 123 125 130 130 133 133 142 146 143 139 139 137 137 143 143 130 124 119 112 112 109 109 122 123 132 137 144 155 159 187 187 201 203 199 197 196 195 193 176 176 201 207 231 250 249 247 247 247 247 247 247 247 247 247 247 247 
247 247 247 247 247 247 247 247 247 247 247 248 248 248 248 228 139 139 92 88 84 82 86 91 91 90 90 104 106 112 115 116 119 119 118 118 123 124 130 135 136 138 138 138 138 132 131 124 118 116 110 110 112 112 114 115 119 123 125 130 130 133 133 142 146 143 139 139 137 137 143 143 130 124 119 112 112 109 109 122 123 132 137 144 155 159 187 187 201 203 199 197 196 195 193 176 176 201 207 231 250 249 247 247 247 247 247 247 247 247 247 247 247 
247 247 247 247 247 247 247 247 247 247 247 248 248 247 245 224 128 128 79 75 75 74 79 86 87 96 96 110 112 116 119 120 121 122 122 122 132 134 133 132 126 111 110 96 96 83 80 75 70 69 66 66 66 66 72 75 83 91 94 106 106 116 116 133 139 137 134 132 126 126 109 108 87 77 66 51 50 45 45 53 54 66 73 80 90 95 130 130 183 192 198 202 202 201 199 176 176 199 204 230 250 249 247 247 247 247 247 247 247 247 247 247 247 
247 247 247 247 247 247 247 247 247 247 247 248 248 247 245 224 126 126 77 73 73 73 78 85 87 97 97 111 113 117 120 121 122 122 123 123 134 136 134 132 124 106 105 88 88 74 71 66 61 60 58 58 57 57 65 67 76 85 89 101 101 113 113 131 138 136 133 131 124 124 102 101 79 68 56 40 39 33 33 40 41 54 61 67 78 83 119 119 180 190 198 203 203 203 201 176 176 199 204 230 250 249 247 247 247 247 247 247 247 247 247 247 247 
247 247 247 247 247 247 247 247 247 247 247 248 248 246 244 222 123 123 71 67 71 73 78 85 87 103 103 114 116 119 121 121 122 123 123 123 125 125 112 102 92 71 70 58 58 51 50 48 46 45 43 43 43 43 50 52 58 65 69 82 82 106 106 128 136 138 140 136 121 121 88 86 74 69 63 54 54 54 54 64 65 77 84 88 95 96 104 104 150 158 184 202 204 207 205 176 176 197 202 229 250 249 247 247 247 247 247 247 247 247 247 247 247 
247 247 247 247 247 247 247 247 247 247 247 248 248 246 244 222 121 121 68 63 70 74 78 85 88 107 107 117 118 120 122 122 123 123 124 124 119 118 96 80 69 46 45 36 36 35 35 35 35 34 32 32 33 33 39 41 46 51 55 69 69 101 102 126 135 140 145 140 119 119 79 76 71 69 67 65 66 69 69 82 83 94 100 103 107 105 94 94 129 135 175 201 204 211 208 176 176 196 200 228 250 249 247 247 247 247 247 247 247 247 247 247 247 
247 247 247 247 247 247 247 247 247 247 247 248 249 247 245 223 122 122 71 66 71 73 77 83 86 108 108 118 120 121 122 122 122 122 122 122 106 103 83 68 62 49 49 47 47 49 50 51 51 49 43 43 43 43 49 51 53 54 58 68 68 101 102 128 138 144 150 145 121 121 82 79 75 73 68 62 62 61 61 71 72 83 89 93 101 101 101 101 129 134 169 193 200 212 209 175 175 195 199 228 250 249 248 248 247 247 247 247 247 247 247 247 247 
247 247 247 247 247 247 247 247 247 247 247 251 252 250 247 225 124 124 77 73 72 71 74 78 82 110 110 122 124 124 124 123 121 121 118 118 79 71 55 44 48 57 58 71 71 80 82 84 86 81 68 68 64 64 71 73 68 62 63 68 68 100 101 133 145 153 162 155 127 127 89 87 83 81 71 57 55 46 46 50 50 60 66 74 87 91 118 118 129 131 159 177 190 215 212 175 175 194 198 228 251 250 249 249 247 247 247 247 247 247 247 247 247 
247 247 247 247 247 247 247 247 247 247 247 249 250 248 245 223 124 124 77 73 72 71 74 78 83 110 110 122 124 124 124 123 121 120 116 116 78 70 56 45 49 57 58 69 69 77 78 81 83 78 67 67 63 63 70 72 67 61 63 68 68 101 101 133 146 153 163 155 127 127 89 87 82 80 70 57 55 46 46 50 50 60 66 74 85 89 114 114 128 130 158 176 189 215 212 175 175 192 196 225 248 248 248 248 247 247 247 247 247 247 247 247 247 
247 247 247 247 247 247 247 247 247 247 247 229 222 219 215 200 130 130 86 82 73 68 73 80 85 118 118 129 130 127 125 125 124 121 90 90 68 64 66 68 64 57 56 37 37 27 24 29 33 39 55 55 47 47 55 58 56 54 57 68 68 111 112 143 155 163 172 165 136 136 84 81 69 63 61 58 57 51 51 53 53 65 72 68 62 61 56 56 109 118 146 165 181 212 209 174 174 165 163 185 203 213 236 236 248 248 247 247 247 247 247 247 247 
247 247 247 247 247 247 247 247 247 247 247 229 222 219 215 200 130 130 86 82 73 68 73 80 85 118 118 129 130 127 125 125 124 121 90 90 68 64 66 68 64 57 56 37 37 27 24 29 33 39 55 55 47 47 55 58 56 54 57 68 68 111 112 143 155 163 172 165 136 136 84 81 69 63 61 58 57 51 51 53 53 65 72 68 62 61 56 56 109 118 146 165 181 212 209 174 174 165 163 185 203 213 236 236 248 248 247 247 247 247 247 247 247 
247 247 247 247 247 247 248 251 251 219 217 149 120 125 130 124 96 96 76 74 69 67 75 88 93 125 125 126 126 125 125 124 122 119 92 92 76 74 57 45 43 38 39 48 48 51 52 60 66 74 94 94 81 81 67 63 60 57 60 69 69 115 116 140 149 157 167 162 142 142 107 105 93 87 82 75 76 80 80 100 102 117 125 127 131 128 105 105 95 93 124 144 167 211 209 183 183 158 152 151 150 168 211 213 251 251 248 247 247 247 247 247 247 
247 247 247 247 247 247 248 252 252 212 210 129 95 101 109 105 87 87 73 72 69 67 76 90 95 127 127 125 125 125 125 124 121 118 93 93 79 76 55 40 38 34 35 51 51 57 59 68 75 83 104 104 90 90 70 64 61 58 61 69 69 116 117 139 148 156 166 162 144 144 113 111 99 93 87 79 80 88 88 112 115 130 138 142 148 144 118 118 91 87 118 139 163 211 209 185 185 156 150 143 137 157 205 207 252 252 248 247 247 247 247 247 247 
247 247 247 247 247 247 248 252 252 196 193 118 85 93 103 101 92 92 79 78 72 68 80 97 101 127 127 122 122 121 121 117 109 106 82 82 65 62 54 47 50 57 58 72 72 76 77 82 85 88 95 95 82 82 74 71 71 70 73 81 81 120 121 138 145 154 164 162 152 152 127 126 117 113 107 97 97 94 94 104 105 115 121 126 136 134 128 128 115 113 130 142 162 203 203 194 194 168 163 147 135 155 203 205 252 252 248 247 247 247 247 247 247 
247 247 247 247 247 247 248 253 253 182 179 108 77 86 98 98 97 97 85 84 74 69 83 103 107 128 128 120 119 118 118 111 99 96 73 73 55 51 53 54 61 76 77 91 91 93 93 94 94 92 88 88 75 75 77 78 79 80 83 92 92 124 125 137 142 152 163 162 160 160 140 139 134 131 123 113 111 99 99 97 97 103 107 114 125 126 136 136 135 135 140 144 162 197 197 202 202 179 174 151 133 153 201 203 252 252 248 247 247 247 247 247 247 
247 247 247 247 247 247 248 253 253 182 179 111 82 91 102 102 99 99 92 92 79 72 84 101 105 127 127 120 119 118 116 110 98 96 75 75 63 60 62 63 67 77 78 87 87 88 89 91 93 92 92 91 86 86 88 89 88 87 89 98 98 127 127 139 143 152 162 162 163 163 146 145 141 139 133 125 123 113 113 110 109 114 116 121 129 130 140 140 144 144 149 152 167 195 196 203 203 181 176 153 135 154 199 201 252 252 248 247 247 247 247 247 247 
247 247 247 247 247 247 248 253 253 183 180 120 95 103 114 112 103 103 111 112 92 81 87 97 101 126 126 122 121 116 113 107 96 95 82 82 85 85 86 86 84 81 81 76 76 78 79 85 91 94 101 101 113 113 116 117 111 104 106 113 113 134 134 143 146 152 160 162 172 172 163 162 160 159 158 157 156 150 150 143 142 141 140 140 139 140 151 151 166 169 171 173 179 191 192 206 206 186 182 160 142 158 195 197 252 252 248 247 247 247 247 247 247 
247 247 247 247 247 247 248 253 253 183 180 120 95 103 114 112 103 103 111 112 92 81 87 97 101 126 126 121 121 116 113 107 96 95 83 83 85 86 86 87 85 82 81 77 77 79 80 86 92 94 101 102 113 113 116 117 111 104 106 113 113 134 134 143 146 152 160 162 172 172 163 162 160 159 158 157 156 150 150 143 142 141 140 140 139 141 151 151 167 169 172 173 179 191 192 206 206 186 182 160 142 158 195 197 252 252 248 247 247 247 247 247 247 
247 247 247 247 247 247 248 253 253 176 173 123 102 111 123 123 122 122 112 111 100 95 98 102 105 126 126 121 120 118 117 116 115 115 118 118 124 125 122 120 120 120 120 122 122 129 131 130 130 130 129 129 129 129 119 116 116 115 118 128 128 140 140 150 154 158 163 166 180 180 174 174 168 165 165 165 164 160 160 160 160 161 162 160 157 158 162 162 181 184 191 196 194 191 192 199 199 187 184 166 151 162 187 190 252 252 248 247 247 247 247 247 247 
247 247 247 247 247 247 248 253 253 176 173 123 102 111 123 123 122 122 112 111 100 95 98 102 105 126 126 121 120 118 117 116 115 115 118 118 124 125 122 120 120 120 120 122 122 129 131 130 130 130 129 129 129 129 119 116 116 115 118 128 128 140 140 150 154 158 163 166 180 180 174 174 168 165 165 165 164 160 160 160 160 161 162 160 157 158 162 162 181 184 191 196 194 191 192 199 199 187 184 166 151 162 187 190 252 252 248 247 247 247 247 247 247 
247 247 247 247 247 247 248 253 253 187 184 131 109 115 123 121 110 110 84 82 98 106 112 121 121 122 122 120 119 121 121 121 119 121 133 133 141 142 140 139 139 140 140 139 139 141 141 136 131 131 130 129 128 128 118 114 113 111 114 124 124 143 144 152 155 157 161 164 177 177 177 177 159 151 145 138 140 154 154 166 167 169 169 169 167 168 170 170 181 183 193 200 200 202 200 182 182 170 167 165 162 174 201 203 251 251 248 247 247 247 247 247 247 
247 247 247 247 247 247 248 253 253 191 188 134 111 116 123 120 106 106 76 73 97 110 117 127 126 121 121 119 119 121 123 122 121 123 138 138 146 148 146 145 146 147 147 145 145 144 144 138 132 131 130 130 128 128 117 114 112 110 113 123 123 145 145 152 155 157 160 163 176 176 178 178 157 147 139 129 133 152 152 168 170 171 172 172 171 171 173 173 182 183 194 201 202 205 203 177 177 165 162 164 166 178 206 208 251 251 248 247 247 247 247 247 247 
247 247 247 247 247 247 248 252 252 211 210 147 121 118 114 110 95 95 68 66 96 112 119 130 128 119 119 121 121 122 124 124 126 127 142 142 147 148 146 145 146 148 147 148 148 145 145 139 135 134 132 131 115 115 107 105 108 112 115 125 125 145 146 152 154 155 158 160 173 173 182 183 164 156 147 135 133 126 126 143 145 157 165 167 172 172 178 178 184 186 192 197 201 209 206 181 181 162 158 167 175 189 221 222 250 250 247 247 247 247 247 247 247 
247 247 247 247 247 247 248 250 250 232 231 160 130 119 105 101 84 84 60 58 95 114 121 132 130 116 116 122 123 124 124 126 130 132 146 146 148 148 146 145 146 148 148 151 151 146 145 141 138 137 133 132 102 102 97 96 105 113 116 127 127 146 146 151 153 154 155 158 169 169 187 188 172 165 155 140 134 100 100 117 119 143 157 163 172 173 182 182 187 188 191 193 199 212 210 185 185 159 153 170 184 200 236 237 249 249 247 247 247 247 247 247 247 
247 247 247 247 247 247 247 249 249 236 235 166 137 122 103 99 84 84 66 65 99 116 122 132 129 116 116 120 121 122 123 125 130 131 143 143 144 144 144 143 144 147 147 149 149 144 143 139 135 132 123 123 98 98 104 106 113 120 122 128 128 143 144 150 152 153 155 158 170 170 186 187 175 169 162 152 146 111 111 107 107 129 142 151 165 167 179 179 185 186 188 190 197 210 208 185 185 157 150 170 186 202 239 239 248 248 247 247 247 247 247 247 247 
247 247 247 247 247 247 247 247 247 249 249 186 159 131 96 94 83 83 86 86 110 123 126 131 129 115 115 115 115 118 120 124 130 131 136 136 134 134 136 138 140 144 144 145 145 139 138 132 127 117 92 92 86 86 125 137 140 142 140 134 134 137 137 146 150 152 154 158 173 173 182 183 184 184 187 192 185 146 146 77 69 86 96 114 143 146 170 170 178 179 180 181 189 204 203 186 186 150 142 171 194 210 248 248 247 247 247 247 247 247 247 247 247 
247 247 247 247 247 247 247 247 247 249 249 186 159 131 96 94 83 83 86 86 110 123 126 131 129 115 115 115 115 118 120 124 130 131 136 136 134 134 136 138 140 144 144 145 145 139 138 132 127 117 92 92 86 86 125 137 140 142 140 134 134 137 137 146 150 152 154 158 173 173 182 183 184 184 187 192 185 146 146 77 69 86 96 114 143 146 170 170 178 179 180 181 189 204 203 186 186 150 142 171 194 210 248 248 247 247 247 247 247 247 247 247 247 
247 247 247 247 247 247 247 247 247 252 253 201 178 141 94 93 90 90 105 106 122 130 130 131 129 121 121 114 113 114 115 116 119 119 116 116 115 115 116 117 119 122 122 122 122 119 118 103 90 83 67 68 101 101 116 121 120 119 116 106 106 97 97 112 119 125 132 134 142 142 139 139 133 130 131 133 135 146 146 112 108 78 61 73 94 98 130 130 145 148 156 162 172 190 190 191 191 155 147 175 198 213 250 250 247 247 247 247 247 247 247 247 247 
247 247 247 247 247 247 247 247 247 253 253 201 179 142 94 93 90 90 106 107 122 130 130 131 130 121 121 114 113 114 115 116 119 119 116 116 115 115 116 117 119 122 122 122 122 119 118 102 89 83 67 68 102 102 116 121 120 119 116 106 106 96 96 112 118 124 132 134 142 142 138 138 132 129 130 132 134 146 146 113 109 78 60 73 93 97 129 129 144 147 156 162 172 190 190 191 191 155 147 176 198 214 250 250 247 247 247 247 247 247 247 247 247 
247 247 247 247 247 247 247 247 247 252 252 213 195 155 103 102 97 97 109 110 121 127 128 131 130 122 122 117 116 115 115 113 109 108 100 100 102 102 103 105 106 109 109 108 108 97 95 80 67 68 73 74 85 85 79 77 74 71 69 64 64 66 66 83 90 99 109 111 122 122 116 116 108 104 113 125 128 145 145 134 133 97 77 72 66 70 103 103 128 132 143 151 160 179 180 188 188 166 161 186 205 219 250 250 247 247 247 247 247 247 247 247 247 
247 247 247 247 247 247 247 247 247 252 252 217 202 160 107 106 100 100 110 111 121 126 128 131 130 123 123 119 118 116 115 111 105 104 94 94 97 97 99 100 101 104 104 103 103 89 86 71 58 63 76 76 79 79 65 60 56 52 51 48 48 54 54 72 79 89 100 103 115 115 107 107 99 95 106 122 126 145 145 142 142 104 83 72 55 60 93 93 121 126 139 147 157 175 176 187 187 171 167 190 208 221 250 250 247 247 247 247 247 247 247 247 247 
247 247 247 247 247 247 247 247 247 250 251 226 216 172 115 114 106 106 112 112 118 121 124 129 128 123 123 119 119 115 113 107 97 96 88 88 90 91 92 93 94 96 95 91 91 75 70 65 61 65 78 78 79 79 65 61 56 51 50 46 46 47 47 62 68 78 89 93 110 110 118 118 118 118 124 133 135 146 146 144 144 117 102 86 59 61 76 76 108 114 130 141 150 168 169 184 184 179 177 199 216 226 250 249 247 247 247 247 247 247 247 247 247 
247 247 247 247 247 247 247 247 247 249 249 237 232 185 125 123 114 114 114 114 115 115 120 127 127 124 124 120 120 114 110 102 88 87 82 82 84 84 85 85 85 86 86 78 78 57 52 58 64 68 80 80 79 79 66 62 56 50 49 45 45 40 40 52 56 66 77 82 104 104 130 132 141 145 145 146 146 147 147 147 147 132 124 102 65 64 57 57 93 99 120 134 143 160 162 180 180 188 190 210 226 233 249 249 247 247 247 247 247 247 247 247 247 
247 247 247 247 247 247 247 247 247 248 248 240 236 192 137 134 118 118 118 118 117 116 121 129 128 123 123 121 120 114 110 101 86 86 80 80 82 82 82 82 82 83 82 73 73 57 53 61 67 71 81 81 80 80 70 67 61 56 55 52 52 49 49 60 65 73 83 87 106 106 131 133 141 146 146 147 147 147 147 146 146 134 127 106 74 72 58 58 89 94 118 133 142 158 160 179 179 190 192 213 229 235 249 249 247 247 247 247 247 247 247 247 247 
247 247 247 247 247 247 247 247 247 247 247 250 251 223 188 178 135 135 134 134 125 121 127 136 134 122 122 122 122 115 110 100 81 80 73 73 76 76 73 71 70 69 68 53 53 58 59 69 78 80 85 85 87 87 85 85 83 81 81 80 80 84 84 95 99 102 106 107 113 113 135 136 145 149 149 149 149 147 147 143 142 139 138 127 110 104 60 60 73 75 109 132 139 153 155 175 175 196 201 225 243 244 248 248 247 247 247 247 247 247 247 247 247 
247 247 247 247 247 247 247 247 247 247 247 250 251 223 188 178 135 135 134 134 125 121 127 136 134 122 122 122 122 115 110 100 81 80 73 73 76 76 73 71 70 69 68 53 53 58 59 69 78 80 85 85 87 87 85 85 83 81 81 80 80 84 84 95 99 102 106 107 113 113 135 136 145 149 149 149 149 147 147 143 142 139 138 127 110 104 60 60 73 75 109 132 139 153 155 175 175 196 201 225 243 244 248 248 247 247 247 247 247 247 247 247 247 
247 247 247 247 247 247 247 247 247 247 247 248 249 242 233 217 143 143 118 116 164 189 183 175 167 117 117 123 124 115 109 100 86 84 70 70 74 75 72 70 67 62 62 61 61 68 69 75 80 82 89 89 94 94 97 98 98 99 100 103 103 106 107 116 120 122 124 125 129 129 139 140 141 142 141 138 139 139 139 139 139 139 139 135 128 123 90 90 83 82 111 131 140 157 157 163 163 175 177 213 242 244 248 248 247 247 247 247 247 247 247 247 247 
247 247 247 247 247 247 247 247 247 247 247 248 249 243 236 219 144 144 117 115 166 193 187 178 169 117 117 123 124 115 109 101 86 84 70 70 74 75 72 70 67 62 62 62 62 68 70 75 80 83 89 89 95 95 98 99 100 100 101 104 104 108 108 118 122 123 125 126 130 130 139 140 141 142 140 138 138 139 139 139 139 139 139 135 129 125 92 92 83 82 111 131 140 157 157 162 162 173 176 213 242 244 248 248 247 247 247 247 247 247 247 247 247 
247 247 247 247 247 247 247 247 247 247 247 247 248 246 244 232 178 178 163 162 209 233 217 192 181 113 113 119 120 112 108 102 91 89 70 70 76 77 76 76 72 64 64 69 69 73 75 78 81 82 83 84 82 82 81 81 80 79 79 79 79 81 81 91 95 100 106 107 111 111 116 117 118 119 117 113 108 84 84 82 82 100 110 112 116 114 99 99 102 102 120 132 144 168 172 211 211 209 209 229 245 246 247 247 247 247 247 247 247 247 247 247 247 
247 247 247 247 247 247 247 247 247 247 247 247 247 247 248 238 194 194 185 184 229 252 231 199 187 112 112 117 118 111 107 102 94 92 70 70 77 78 79 79 75 65 65 72 72 76 77 80 82 82 81 81 76 76 74 73 71 69 69 67 67 69 69 78 82 89 97 98 102 102 106 106 108 109 106 101 94 58 58 56 56 82 97 102 110 109 103 103 111 112 125 133 147 174 179 234 234 226 224 237 247 247 247 247 247 247 247 247 247 247 247 247 247 
247 247 247 247 247 247 247 247 247 247 247 247 247 247 247 242 217 217 212 212 238 251 234 208 196 116 116 116 116 110 106 102 97 94 71 71 76 77 82 85 80 70 70 70 70 68 67 65 63 62 58 58 61 61 67 68 67 66 66 66 66 74 75 80 83 92 102 105 117 117 126 126 129 130 129 128 117 60 60 38 36 61 76 89 110 110 106 106 120 122 130 134 150 182 187 241 241 236 235 242 247 247 247 247 247 247 247 247 247 247 247 247 247 
247 247 247 247 247 247 247 247 247 247 247 247 247 247 247 248 250 250 251 251 251 251 239 222 208 121 121 115 114 108 104 103 101 98 73 73 76 76 86 94 89 77 76 68 68 57 54 45 38 35 27 27 40 40 57 62 62 61 62 65 65 83 83 84 84 95 109 115 139 139 153 154 158 160 162 165 149 64 64 14 8 32 46 71 111 111 111 111 133 137 136 136 156 194 199 252 252 250 250 248 247 247 247 247 247 247 247 247 247 247 247 247 247 
247 247 247 247 247 247 247 247 247 247 247 247 247 247 247 247 249 249 250 250 250 250 241 226 212 126 126 115 113 107 103 103 102 99 76 76 75 75 86 94 90 80 79 68 68 52 49 40 33 32 29 29 47 47 66 72 72 72 74 78 78 97 97 99 99 109 121 126 149 149 160 161 165 166 168 170 154 69 69 20 14 41 57 78 113 113 113 113 134 138 137 137 157 198 202 252 252 250 249 248 247 247 247 247 247 247 247 247 247 247 247 247 247 
247 247 247 247 247 247 247 247 247 247 247 247 247 247 247 247 247 247 247 247 248 248 247 246 233 151 151 116 111 105 101 102 105 103 90 90 72 69 86 98 97 94 93 71 71 31 21 13 6 16 40 41 86 86 116 126 130 134 137 145 145 173 174 177 178 180 183 187 204 204 196 196 199 201 199 197 181 95 95 52 47 91 115 120 127 127 123 123 140 143 142 141 167 217 220 250 250 248 247 247 247 247 247 247 247 247 247 247 247 247 247 247 247 
247 247 247 247 247 247 247 247 247 247 247 247 247 247 247 247 247 247 247 247 248 248 247 246 233 151 151 116 111 105 101 102 105 103 90 90 72 69 86 98 97 94 93 71 71 31 21 13 6 16 40 41 86 86 116 126 130 134 137 145 145 173 174 177 178 180 183 187 204 204 196 196 199 201 199 197 181 95 95 52 47 91 115 120 127 127 123 123 140 143 142 141 167 217 220 250 250 248 247 247 247 247 247 247 247 247 247 247 247 247 247 247 247 
247 247 247 247 247 247 247 247 247 247 247 247 247 247 247 247 247 247 247 247 247 247 249 251 243 193 193 122 112 105 101 99 95 96 108 108 76 70 82 91 95 105 104 84 84 68 64 45 29 38 59 60 112 112 135 142 147 152 155 164 164 178 178 190 195 193 191 193 200 200 194 193 190 188 176 158 149 100 100 114 115 139 152 141 124 125 134 134 136 137 146 153 180 233 234 249 249 247 247 247 247 247 247 247 247 247 247 247 247 247 247 247 247 
247 247 247 247 247 247 247 247 247 247 247 247 247 247 247 247 247 247 247 247 247 247 249 252 244 198 198 122 112 105 101 98 94 96 110 110 76 70 82 90 95 106 105 86 86 72 69 49 32 40 61 62 115 115 137 144 149 154 157 166 166 179 179 192 197 195 192 194 200 200 193 193 189 187 173 154 146 101 101 121 123 144 156 144 124 125 135 135 136 136 147 154 182 235 236 249 249 247 247 247 247 247 247 247 247 247 247 247 247 247 247 247 247 
247 247 247 247 247 247 247 247 247 247 247 247 247 247 247 247 247 247 247 247 247 247 248 250 246 224 224 139 127 111 100 96 90 92 107 107 85 81 80 80 90 110 109 88 88 92 93 81 72 70 65 65 84 84 101 107 108 108 110 116 116 137 137 152 157 158 159 159 157 157 150 149 151 152 146 136 134 125 125 143 145 153 157 145 125 126 137 137 134 133 155 169 194 243 243 248 248 247 247 247 247 247 247 247 247 247 247 247 247 247 247 247 247 
247 247 247 247 247 247 247 247 247 247 247 247 247 247 247 247 247 247 247 247 247 247 248 249 247 238 238 148 136 114 100 96 88 90 106 106 90 87 80 75 87 113 112 89 89 103 107 100 94 86 67 67 67 67 81 86 85 83 84 89 89 113 114 129 135 138 141 139 133 133 125 125 130 133 130 126 128 138 138 156 158 158 158 145 125 127 138 138 133 132 160 178 201 247 247 247 247 247 247 247 247 247 247 247 247 247 247 247 247 247 247 247 247 
247 247 247 247 247 247 247 247 247 247 247 247 247 247 247 247 247 247 247 247 247 247 247 248 247 243 243 167 157 121 99 95 88 89 99 99 92 91 79 71 83 109 108 92 92 104 107 103 100 94 77 77 74 74 82 85 85 85 88 95 95 115 115 125 129 131 133 133 132 132 137 137 141 142 140 136 138 147 147 159 161 158 157 146 128 129 138 138 135 135 169 192 211 248 248 247 247 247 247 247 247 247 247 247 247 247 247 247 247 247 247 247 247 
247 247 247 247 247 247 247 247 247 247 247 247 247 247 247 247 247 247 247 247 247 247 247 247 248 252 252 199 192 133 97 94 88 88 89 89 97 98 79 65 77 103 103 98 98 104 106 108 110 106 94 94 85 85 83 83 87 90 94 105 105 118 118 119 120 120 121 123 132 132 155 157 158 158 155 152 154 162 162 166 166 160 156 147 133 134 138 138 139 139 184 214 226 250 250 247 247 247 247 247 247 247 247 247 247 247 247 247 247 247 247 247 247 
247 247 247 247 247 247 247 247 247 247 247 247 247 247 247 247 247 247 247 247 247 247 247 247 247 251 251 205 198 138 101 96 87 88 88 88 96 97 79 66 77 101 101 99 99 104 105 108 110 106 95 95 86 86 84 84 87 90 93 104 104 117 117 119 120 120 121 123 132 132 154 155 156 157 155 153 155 163 163 165 166 159 155 147 134 135 138 138 142 142 187 218 228 250 250 247 247 247 247 247 247 247 247 247 247 247 247 247 247 247 247 247 247 
247 247 247 247 247 247 247 247 247 247 247 247 247 247 247 247 247 247 247 247 247 247 247 247 247 249 249 244 243 175 133 115 84 84 83 83 91 93 83 75 78 85 87 110 110 100 97 106 113 111 107 107 97 97 93 92 91 89 91 98 98 111 111 116 118 119 120 122 131 131 143 144 149 151 156 162 163 171 171 167 166 153 146 145 144 143 136 136 164 168 214 244 245 248 248 247 247 247 247 247 247 247 247 247 247 247 247 247 247 247 247 247 247 
247 247 247 247 247 247 247 247 247 247 247 247 247 247 247 247 247 247 247 247 247 247 247 247 247 249 249 244 243 175 133 115 84 84 83 83 91 93 83 75 78 85 87 110 110 100 97 106 113 111 107 107 97 97 93 92 91 89 91 98 98 111 111 116 118 119 120 122 131 131 143 144 149 151 156 162 163 171 171 167 166 153 146 145 144 143 136 136 164 168 214 244 245 248 248 247 247 247 247 247 247 247 247 247 247 247 247 247 247 247 247 247 247 
247 247 247 247 247 247 247 247 247 247 247 247 247 247 247 247 247 247 247 247 247 247 247 247 247 247 247 250 251 219 199 162 95 94 81 81 84 84 85 85 81 74 76 112 112 95 91 98 104 106 112 112 104 104 98 96 92 88 87 84 84 90 90 99 102 106 110 112 116 116 131 132 144 149 156 165 166 168 168 160 159 152 148 148 147 147 145 145 205 214 235 249 248 247 247 247 247 247 247 247 247 247 247 247 247 247 247 247 247 247 247 247 247 
247 247 247 247 247 247 247 247 247 247 247 247 247 247 247 247 247 247 247 247 247 247 247 247 247 247 247 251 252 226 210 169 97 95 81 81 83 83 85 87 82 72 74 112 112 94 90 97 103 106 113 113 105 105 99 97 93 88 87 82 82 87 87 96 100 104 109 110 114 114 129 130 143 149 156 166 166 168 168 159 158 152 148 148 148 148 147 147 211 222 239 250 249 247 247 247 247 247 247 247 247 247 247 247 247 247 247 247 247 247 247 247 247 
247 247 247 247 247 247 247 247 247 247 247 247 247 247 247 247 247 247 247 247 247 247 247 247 247 247 247 249 249 240 235 202 143 136 81 81 81 81 84 87 82 73 74 102 102 100 99 97 96 100 110 110 108 108 103 102 97 93 91 84 84 86 86 92 94 99 104 106 113 113 131 132 145 151 157 166 166 165 165 158 157 155 153 151 148 151 178 178 230 239 244 248 248 247 247 247 247 247 247 247 247 247 247 247 247 247 247 247 247 247 247 247 247 
247 247 247 247 247 247 247 247 247 247 247 247 247 247 247 247 247 247 247 247 247 247 247 247 247 247 247 247 247 250 252 224 173 164 82 82 80 80 84 87 83 73 74 95 95 103 105 97 91 96 109 109 110 110 106 105 101 96 93 85 85 85 85 89 90 95 101 103 113 113 132 133 147 153 158 166 166 163 163 158 157 157 157 154 148 154 199 199 243 250 248 247 247 247 247 247 247 247 247 247 247 247 247 247 247 247 247 247 247 247 247 247 247 
247 247 247 247 247 247 247 247 247 247 247 247 247 247 247 247 247 247 247 247 247 247 247 247 247 247 247 247 247 249 251 232 197 187 100 100 82 78 82 85 82 77 77 88 88 104 108 99 92 96 106 106 109 109 106 105 101 98 97 92 92 92 92 95 96 101 106 108 119 119 136 137 149 155 159 166 166 163 163 159 159 158 158 158 157 164 214 214 244 249 248 247 247 247 247 247 247 247 247 247 247 247 247 247 247 247 247 247 247 247 247 247 247 
247 247 247 247 247 247 247 247 247 247 247 247 247 247 247 247 247 247 247 247 247 247 247 247 247 247 247 247 247 248 249 247 244 233 136 136 85 75 78 81 82 84 83 75 75 105 113 103 94 96 101 101 106 106 104 104 104 103 103 105 105 106 106 107 108 111 115 118 131 131 143 144 154 158 161 166 166 164 164 163 163 162 161 167 176 184 244 244 247 248 247 247 247 247 247 247 247 247 247 247 247 247 247 247 247 247 247 247 247 247 247 247 247 
247 247 247 247 247 247 247 247 247 247 247 247 247 247 247 247 247 247 247 247 247 247 247 247 247 247 247 247 247 248 249 247 244 234 143 143 88 77 79 80 82 84 84 75 75 104 111 103 95 97 101 101 106 106 104 104 103 103 103 105 105 107 107 108 109 112 116 119 132 132 144 144 153 158 161 165 165 164 164 163 163 162 162 169 180 187 244 244 247 248 247 247 247 247 247 247 247 247 247 247 247 247 247 247 247 247 247 247 247 247 247 247 247 
247 247 247 247 247 247 247 247 247 247 247 247 247 247 247 247 247 247 247 247 247 247 247 247 247 247 247 247 247 247 247 248 251 249 228 228 126 106 87 74 78 88 87 75 75 88 91 103 113 110 101 101 105 105 104 104 104 103 105 110 110 116 116 121 123 128 133 135 144 144 150 150 155 158 159 160 160 162 162 167 168 169 170 191 224 227 250 250 247 247 247 247 247 247 247 247 247 247 247 247 247 247 247 247 247 247 247 247 247 247 247 247 247 
247 247 247 247 247 247 247 247 247 247 247 247 247 247 247 247 247 247 247 247 247 247 247 247 247 247 247 247 247 247 247 248 251 249 228 228 126 106 87 74 78 88 87 75 75 88 91 103 113 110 101 101 105 105 104 104 104 103 105 110 110 116 116 121 123 128 133 135 144 144 150 150 155 158 159 160 160 162 162 167 168 169 170 191 224 227 250 250 247 247 247 247 247 247 247 247 247 247 247 247 247 247 247 247 247 247 247 247 247 247 247 247 247 
247 247 247 247 247 247 247 247 247 247 247 247 247 247 247 247 247 247 247 247 247 247 247 247 247 247 247 247 247 247 247 247 247 248 248 248 196 186 127 85 83 81 81 82 82 79 79 96 110 110 108 108 109 109 108 108 108 109 110 116 116 121 122 126 127 131 135 137 144 144 153 154 158 160 158 155 156 164 164 171 172 187 196 214 244 245 247 247 247 247 247 247 247 247 247 247 247 247 247 247 247 247 247 247 247 247 247 247 247 247 247 247 247 
247 247 247 247 247 247 247 247 247 247 247 247 247 247 247 247 247 247 247 247 247 247 247 247 247 247 247 247 247 247 247 247 247 248 253 253 212 204 136 87 85 80 80 83 83 77 76 94 110 110 110 110 110 110 109 109 110 110 112 117 117 123 123 127 128 132 136 138 144 144 154 155 159 161 158 154 156 165 165 172 173 192 202 220 249 249 247 247 247 247 247 247 247 247 247 247 247 247 247 247 247 247 247 247 247 247 247 247 247 247 247 247 247 
247 247 247 247 247 247 247 247 247 247 247 247 247 247 247 247 247 247 247 247 247 247 247 247 247 247 247 247 247 247 247 247 247 247 250 250 234 231 177 137 118 78 78 81 81 76 75 87 98 101 109 109 113 113 115 116 114 113 114 116 116 121 121 123 125 127 131 133 140 140 150 150 156 158 157 155 157 168 168 178 178 205 220 231 249 249 247 247 247 247 247 247 247 247 247 247 247 247 247 247 247 247 247 247 247 247 247 247 247 247 247 247 247 
247 247 247 247 247 247 247 247 247 247 247 247 247 247 247 247 247 247 247 247 247 247 247 247 247 247 247 247 247 247 247 247 247 247 247 247 252 253 209 177 145 77 77 79 79 75 74 82 89 95 109 109 115 115 120 122 119 115 115 116 116 119 119 121 122 124 127 129 137 137 146 147 153 156 156 156 158 170 170 182 183 216 235 240 249 249 247 247 247 247 247 247 247 247 247 247 247 247 247 247 247 247 247 247 247 247 247 247 247 247 247 247 247 
247 247 247 247 247 247 247 247 247 247 247 247 247 247 247 247 247 247 247 247 247 247 247 247 247 247 247 247 247 247 247 247 247 247 247 247 251 251 221 199 168 103 101 76 76 73 72 78 84 89 103 103 110 110 116 118 117 116 116 117 117 120 120 121 122 124 126 128 136 136 144 144 151 154 154 155 157 167 167 189 191 222 239 243 248 248 247 247 247 247 247 247 247 247 247 247 247 247 247 247 247 247 247 247 247 247 247 247 247 247 247 247 247 
247 247 247 247 247 247 247 247 247 247 247 247 247 247 247 247 247 247 247 247 247 247 247 247 247 247 247 247 247 247 247 247 247 247 247 247 248 248 249 250 222 164 158 70 70 68 68 70 72 77 89 89 98 98 106 109 114 118 118 120 120 121 121 122 122 122 123 125 135 135 139 139 146 149 152 155 156 160 160 206 211 236 250 249 247 247 247 247 247 247 247 247 247 247 247 247 247 247 247 247 247 247 247 247 247 247 247 247 247 247 247 247 247 
247 247 247 247 247 247 247 247 247 247 247 247 247 247 247 247 247 247 247 247 247 247 247 247 247 247 247 247 247 247 247 247 247 247 247 247 248 248 249 250 223 167 162 73 73 69 68 70 71 76 88 88 97 97 105 108 112 117 117 119 119 121 121 122 122 122 123 125 134 134 138 138 145 148 150 154 155 160 160 207 212 236 250 249 247 247 247 247 247 247 247 247 247 247 247 247 247 247 247 247 247 247 247 247 247 247 247 247 247 247 247 247 247 
247 247 247 247 247 247 247 247 247 247 247 247 247 247 247 247 247 247 247 247 247 247 247 247 247 247 247 247 247 247 247 247 247 247 247 247 247 247 248 249 249 249 244 161 161 93 76 66 57 59 64 64 74 74 82 85 91 96 99 107 107 116 116 120 121 120 118 119 122 122 125 125 126 127 125 123 130 166 166 237 245 247 248 248 247 247 247 247 247 247 247 247 247 247 247 247 247 247 247 247 247 247 247 247 247 247 247 247 247 247 247 247 247 
247 247 247 247 247 247 247 247 247 247 247 247 247 247 247 247 247 247 247 247 247 247 247 247 247 247 247 247 247 247 247 247 247 247 247 247 247 247 248 249 249 249 244 161 161 93 76 66 57 59 64 64 74 74 82 85 91 96 99 107 107 116 116 120 121 120 118 119 122 122 125 125 126 127 125 123 130 166 166 237 245 247 248 248 247 247 247 247 247 247 247 247 247 247 247 247 247 247 247 247 247 247 247 247 247 247 247 247 247 247 247 247 247 
247 247 247 247 247 247 247 247 247 247 247 247 247 247 247 247 247 247 247 247 247 247 247 247 247 247 247 247 247 247 247 247 247 247 247 247 247 247 247 247 248 248 247 230 230 192 183 149 120 107 73 73 61 61 62 62 66 70 72 80 80 92 93 97 99 98 97 97 99 99 99 99 101 102 118 140 153 219 219 246 249 248 247 247 247 247 247 247 247 247 247 247 247 247 247 247 247 247 247 247 247 247 247 247 247 247 247 247 247 247 247 247 247 
247 247 247 247 247 247 247 247 247 247 247 247 247 247 247 247 247 247 247 247 247 247 247 247 247 247 247 247 247 247 247 247 247 247 247 247 247 247 247 247 247 248 248 250 250 220 213 172 138 121 76 76 58 58 56 56 60 63 65 73 73 86 86 91 93 92 91 91 93 93 92 92 94 95 116 145 159 234 234 248 250 248 247 247 247 247 247 247 247 247 247 247 247 247 247 247 247 247 247 247 247 247 247 247 247 247 247 247 247 247 247 247 247 
247 247 247 247 247 247 247 247 247 247 247 247 247 247 247 247 247 247 247 247 247 247 247 247 247 247 247 247 247 247 247 247 247 247 247 247 247 247 247 247 247 247 247 248 248 236 233 214 197 185 156 156 131 131 113 107 94 81 78 68 68 70 70 75 77 76 76 78 83 83 102 103 129 141 164 195 203 242 242 248 248 247 247 247 247 247 247 247 247 247 247 247 247 247 247 247 247 247 247 247 247 247 247 247 247 247 247 247 247 247 247 247 247 
247 247 247 247 247 247 247 247 247 247 247 247 247 247 247 247 247 247 247 247 247 247 247 247 247 247 247 247 247 247 247 247 247 247 247 247 247 247 247 247 247 247 247 247 247 251 252 251 251 245 230 229 198 198 165 154 127 99 90 63 63 56 56 60 62 62 63 65 74 74 111 113 161 183 208 242 243 250 250 247 247 247 247 247 247 247 247 247 247 247 247 247 247 247 247 247 247 247 247 247 247 247 247 247 247 247 247 247 247 247 247 247 247 
247 247 247 247 247 247 247 247 247 247 247 247 247 247 247 247 247 247 247 247 247 247 247 247 247 247 247 247 247 247 247 247 247 247 247 247 247 247 247 247 247 247 247 247 247 250 251 250 250 246 235 235 212 212 188 180 158 137 129 104 104 94 94 96 97 98 99 102 112 112 145 147 184 201 219 243 244 249 249 247 247 247 247 247 247 247 247 247 247 247 247 247 247 247 247 247 247 247 247 247 247 247 247 247 247 247 247 247 247 247 247 247 247 
247 247 247 247 247 247 247 247 247 247 247 247 247 247 247 247 247 247 247 247 247 247 247 247 247 247 247 247 247 247 247 247 247 247 247 247 247 247 247 247 247 247 247 247 247 247 247 247 247 248 250 250 253 253 254 254 250 245 239 221 221 203 203 199 197 199 202 206 221 221 244 245 250 252 250 248 248 247 247 247 247 247 247 247 247 247 247 247 247 247 247 247 247 247 247 247 247 247 247 247 247 247 247 247 247 247 247 247 247 247 247 247 247 
247 247 247 247 247 247 247 247 247 247 247 247 247 247 247 247 247 247 247 247 247 247 247 247 247 247 247 247 247 247 247 247 247 247 247 247 247 247 247 247 247 247 247 247 247 247 247 247 247 248 250 250 253 253 254 254 250 245 239 221 221 203 203 199 197 199 202 206 221 221 244 245 250 252 250 248 248 247 247 247 247 247 247 247 247 247 247 247 247 247 247 247 247 247 247 247 247 247 247 247 247 247 247 247 247 247 247 247 247 247 247 247 247 
