247 247 247 247 247 247 247 247 247 247 247 247 247 247 247 247 247 247 247 247 247 247 247 247 248 249 249 249 231 208 189 160 153 141 136 124 124 124 123 118 118 120 118 107 105 94 93 87 87 82 82 86 86 95 95 94 94 93 93 101 102 108 109 106 105 111 113 127 134 144 149 157 162 198 227 239 251 249 247 247 247 247 247 247 247 247 247 247 247 247 247 247 247 247 247 247 247 247 247 247 247 247 
247 247 247 247 247 247 247 247 247 247 247 247 247 247 247 247 247 247 247 247 247 247 247 247 248 249 249 249 231 208 189 160 153 141 136 124 124 124 123 118 118 120 118 107 105 94 93 87 87 82 82 86 86 95 95 94 94 93 93 101 102 108 109 106 105 111 113 127 134 144 149 157 162 198 227 239 251 249 247 247 247 247 247 247 247 247 247 247 247 247 247 247 247 247 247 247 247 247 247 247 247 247 
247 247 247 247 247 247 247 247 247 247 247 247 247 247 247 247 247 247 247 247 247 247 248 249 247 245 223 200 180 154 151 147 139 124 119 110 111 112 110 102 102 100 99 96 94 78 78 87 87 86 86 84 84 89 89 94 95 101 102 112 113 114 114 105 102 103 103 103 102 119 129 139 146 158 166 200 231 239 249 248 247 247 247 247 247 247 247 247 247 247 247 247 247 247 247 247 247 247 247 247 247 247 
247 247 247 247 247 247 247 247 247 247 247 247 247 247 247 247 247 247 247 247 247 247 248 249 247 245 222 198 178 152 150 147 138 123 119 110 111 112 110 102 101 99 99 96 94 77 78 87 87 86 86 84 84 89 89 95 95 102 103 112 114 114 114 105 102 103 103 102 101 118 128 139 146 156 164 198 230 239 249 248 247 247 247 247 247 247 247 247 247 247 247 247 247 247 247 247 247 247 247 247 247 247 
247 247 247 247 247 247 247 247 247 247 247 247 247 247 247 247 247 247 247 247 248 249 247 245 216 189 169 148 141 132 128 123 116 103 101 97 97 97 98 100 99 93 93 88 89 88 89 101 101 106 106 122 122 108 107 103 102 121 124 134 136 129 127 115 111 116 118 120 120 120 121 128 133 137 140 159 176 209 245 247 249 248 247 247 247 247 247 247 247 247 247 247 247 247 247 247 247 247 247 247 247 247 
247 247 247 247 247 247 247 247 247 247 247 247 247 247 247 247 247 247 247 247 248 249 247 245 213 184 165 144 138 130 126 121 114 101 99 96 96 96 97 100 99 93 92 88 88 89 90 102 102 108 108 126 126 110 109 103 103 123 126 136 138 130 128 116 112 118 120 121 122 121 120 127 132 135 138 156 172 207 245 247 249 248 247 247 247 247 247 247 247 247 247 247 247 247 247 247 247 247 247 247 247 247 
247 247 247 247 247 247 247 247 247 247 247 247 247 247 247 247 247 247 247 248 247 247 215 190 168 147 132 117 107 96 97 99 98 96 100 108 110 114 118 132 132 132 133 134 134 140 140 137 137 139 139 151 151 150 150 151 151 161 162 166 167 168 168 166 165 171 174 179 182 175 172 169 167 164 162 158 155 166 177 196 221 232 249 249 247 247 247 247 247 247 247 247 247 247 247 247 247 247 247 247 247 247 
247 247 247 247 247 247 247 247 247 247 247 247 247 247 247 247 247 247 248 248 247 247 211 183 162 142 128 113 103 91 93 96 96 96 100 110 112 117 122 136 136 138 138 140 141 147 147 142 142 144 144 154 154 156 156 158 158 166 167 170 171 173 174 172 172 178 181 187 190 183 179 175 172 168 165 159 153 160 168 190 217 230 250 249 247 247 247 247 247 247 247 247 247 247 247 247 247 247 247 247 247 247 
247 247 247 247 247 247 247 247 247 247 247 247 247 247 247 247 248 248 249 249 216 194 160 133 129 127 113 99 94 88 95 106 114 129 135 148 148 149 150 153 153 153 153 152 152 155 154 153 153 151 151 153 153 158 158 167 167 171 172 174 174 175 176 177 177 182 183 192 196 202 206 205 206 202 199 188 178 165 151 164 180 205 243 245 248 248 247 247 247 247 247 247 247 247 247 247 247 247 247 247 247 247 
247 247 247 247 247 247 247 247 247 247 247 247 247 247 247 247 248 248 249 250 210 184 150 123 124 124 111 96 92 88 96 108 118 135 141 155 155 155 155 156 156 156 156 154 154 156 156 155 155 153 153 153 153 159 159 168 169 173 173 175 175 176 176 178 178 182 184 193 197 206 211 212 212 209 206 194 183 166 148 159 173 201 242 244 248 248 247 247 247 247 247 247 247 247 247 247 247 247 247 247 247 247 
247 247 247 247 247 247 247 247 247 247 247 247 247 247 247 247 249 250 227 214 164 130 117 106 106 106 98 90 95 100 111 128 135 148 150 155 155 153 153 153 153 153 154 155 155 155 155 153 153 152 152 151 151 155 155 163 164 168 169 171 172 172 173 173 173 176 178 184 186 196 201 206 209 210 211 207 204 189 172 161 148 165 191 210 242 244 248 247 247 247 247 247 247 247 247 247 247 247 247 247 247 247 
247 247 247 247 247 247 247 247 247 247 247 247 247 247 247 247 250 251 222 205 152 117 109 102 101 101 95 89 95 103 115 133 139 151 152 155 154 153 153 152 152 153 153 155 155 155 155 153 153 152 152 151 151 154 154 162 163 167 168 171 171 172 172 172 172 175 176 181 184 194 199 205 209 211 212 210 209 194 178 162 142 157 179 201 241 243 248 248 247 247 247 247 247 247 247 247 247 247 247 247 247 247 
247 247 247 247 247 247 247 247 247 247 247 247 247 247 248 248 241 238 184 153 127 109 103 98 100 101 96 91 100 112 122 137 141 147 148 149 150 150 150 150 150 151 151 153 153 154 154 154 154 154 154 153 153 156 156 162 163 165 165 167 168 170 170 171 171 174 174 180 182 188 191 198 202 206 209 210 210 202 193 173 149 150 153 176 216 227 250 249 247 247 247 247 247 247 247 247 247 247 247 247 247 247 
247 247 247 247 247 247 247 247 247 247 247 247 247 247 248 249 239 234 172 137 119 107 101 97 99 101 97 92 102 115 124 138 141 146 147 148 148 149 149 150 150 150 150 153 153 154 154 154 154 154 154 154 154 157 157 163 163 164 164 167 167 169 170 171 171 173 174 179 182 186 189 196 200 204 208 210 211 205 198 177 151 149 145 168 208 222 251 250 247 247 247 247 247 247 247 247 247 247 247 247 247 247 
247 247 247 247 247 247 247 247 247 247 247 247 247 247 250 251 222 208 148 115 106 100 100 100 96 93 93 92 101 112 121 135 137 142 142 143 143 144 145 145 146 148 149 152 152 154 154 156 156 155 155 155 155 159 159 162 163 164 165 169 170 173 174 175 175 177 177 181 183 186 188 192 195 199 201 204 207 204 200 183 162 156 147 162 188 206 246 246 248 247 247 247 247 247 247 247 247 247 247 247 247 247 
247 247 247 247 247 247 247 247 247 247 247 247 247 247 251 252 215 198 139 106 101 97 99 101 95 90 91 93 101 111 120 134 136 140 140 141 142 143 143 144 145 148 149 152 152 154 154 157 157 155 155 156 156 160 160 163 163 165 165 170 171 175 176 176 176 178 179 182 183 186 188 192 194 197 199 202 205 203 201 186 167 159 148 160 180 200 244 245 248 248 247 247 247 247 247 247 247 247 247 247 247 247 
247 247 247 247 247 247 247 247 247 247 247 247 247 247 249 251 193 167 121 95 95 96 102 107 102 97 94 91 98 106 115 128 131 136 136 135 136 136 137 138 139 142 144 149 150 155 156 158 158 156 156 156 156 161 161 163 163 165 166 173 174 181 183 182 181 182 182 186 188 190 192 193 193 194 195 199 202 201 201 186 168 164 158 163 170 188 224 231 249 249 247 247 247 247 247 247 247 247 247 247 247 247 
247 247 247 247 247 247 247 247 247 247 247 247 247 247 249 250 183 152 112 90 93 95 103 110 105 101 96 91 97 104 113 126 129 134 134 133 133 133 133 135 136 140 141 148 149 156 156 159 159 157 157 156 156 162 162 163 163 166 166 174 176 185 187 185 184 184 184 188 190 193 194 193 193 194 194 197 200 200 201 186 168 166 163 164 166 182 215 225 250 249 247 247 247 247 247 247 247 247 247 247 247 247 
247 247 247 247 247 247 247 247 247 247 247 247 248 248 242 240 161 124 104 93 95 96 100 103 102 101 96 91 97 105 112 122 125 129 129 129 129 128 129 130 130 132 133 136 138 146 147 152 152 151 151 153 153 159 159 161 162 163 163 173 175 183 185 182 181 180 179 182 183 187 188 188 188 189 189 193 196 199 202 188 172 169 165 167 168 177 195 210 249 248 247 247 247 247 247 247 247 247 247 247 247 247 
247 247 247 247 247 247 247 247 247 247 247 247 249 249 238 234 148 108 100 95 96 97 98 99 100 101 96 91 98 106 112 120 123 127 127 127 127 126 126 127 127 128 128 130 131 141 142 149 149 148 148 151 151 158 158 161 161 162 162 172 174 182 184 181 180 178 177 179 180 183 185 186 186 187 187 191 194 198 202 190 174 171 167 168 170 174 184 202 248 248 247 247 247 247 247 247 247 247 247 247 247 247 
247 247 247 247 247 247 247 247 247 247 247 247 249 250 232 226 138 97 94 92 95 98 100 103 103 102 99 95 99 103 108 114 118 124 124 124 124 123 123 125 125 125 125 126 127 135 136 145 145 146 146 148 148 156 156 159 160 161 161 170 172 180 182 180 179 177 176 178 179 182 184 184 184 185 185 187 189 194 200 190 178 172 165 169 178 180 182 200 245 246 248 247 247 247 247 247 247 247 247 247 247 247 
247 247 247 247 247 247 247 247 247 247 247 247 250 251 229 220 132 90 91 91 95 98 102 106 104 103 101 98 100 102 106 111 115 122 122 122 122 121 121 123 123 123 123 124 125 132 133 142 142 145 145 146 146 155 155 159 159 161 161 169 170 179 181 179 179 177 176 178 179 182 183 183 183 184 184 185 185 191 198 190 180 173 163 171 184 183 181 198 243 244 248 248 247 247 247 247 247 247 247 247 247 247 
247 247 247 247 247 247 247 247 247 247 247 247 250 251 223 212 130 92 91 91 98 103 109 114 108 102 100 98 101 105 108 113 115 118 119 121 121 123 124 125 126 128 129 132 132 138 139 146 147 149 149 150 150 157 157 160 160 161 161 165 165 174 176 176 176 176 176 178 178 182 184 184 185 185 185 185 185 189 195 190 183 177 168 173 180 179 174 192 238 240 248 248 247 247 247 247 247 247 247 247 247 247 
247 247 247 247 247 247 247 247 247 247 247 247 251 252 218 205 129 93 92 91 101 107 115 121 111 101 100 98 102 107 110 114 114 115 117 120 121 125 125 127 128 133 134 138 139 143 144 150 150 152 152 154 154 159 159 161 161 161 161 162 162 171 173 174 174 175 176 177 178 182 184 185 186 186 186 185 185 188 192 189 186 181 173 175 178 175 169 187 234 238 249 249 247 247 247 247 247 247 247 247 247 247 
247 247 247 247 247 247 247 247 247 247 247 247 251 252 210 194 124 91 92 92 106 115 120 124 113 104 102 100 105 112 114 117 117 115 116 118 120 124 126 131 132 137 138 142 143 147 147 152 153 155 155 157 157 162 163 163 163 163 163 162 162 168 170 173 174 176 177 179 180 184 187 188 189 188 186 185 184 187 190 190 191 185 178 177 176 174 170 186 226 232 250 249 247 247 247 247 247 247 247 247 247 247 
247 247 247 247 247 247 247 247 247 247 247 247 252 253 203 184 120 90 93 94 111 122 124 126 116 107 105 102 108 116 118 121 119 116 116 117 119 124 127 135 136 141 142 147 147 150 150 155 155 158 158 160 160 166 166 165 165 165 165 162 162 167 168 173 174 177 178 181 182 186 189 191 192 189 187 185 183 186 189 192 195 190 182 179 174 173 171 184 219 226 250 249 247 247 247 247 247 247 247 247 247 247 
247 247 247 247 247 247 247 247 247 247 247 247 251 252 201 180 122 94 95 95 109 118 120 121 114 107 105 104 110 118 120 123 121 119 119 118 119 123 126 135 136 141 142 146 147 150 150 152 153 157 157 160 160 165 165 166 166 166 166 162 161 165 166 173 175 176 177 180 181 185 188 189 190 188 187 186 185 186 188 190 193 191 188 185 180 178 174 185 213 222 250 249 247 247 247 247 247 247 247 247 247 247 
247 247 247 247 247 247 247 247 247 247 247 247 251 252 198 177 124 99 98 97 108 115 116 116 111 107 107 106 112 120 122 125 124 123 122 119 120 123 126 135 136 142 143 146 146 149 149 150 150 156 156 160 160 165 165 167 167 167 167 162 161 164 165 174 177 176 176 179 180 184 186 187 187 187 187 187 187 187 186 189 192 193 194 191 186 183 178 186 206 217 250 249 247 247 247 247 247 247 247 247 247 247 
247 247 247 247 247 247 247 247 247 247 247 247 250 251 191 168 123 101 99 97 105 110 109 109 107 106 107 109 113 119 120 121 121 121 121 122 123 126 129 135 136 140 141 143 143 143 143 143 143 149 149 154 154 158 158 161 161 164 165 158 157 159 160 170 173 171 171 173 174 177 180 181 182 185 186 188 190 191 191 192 193 194 195 193 190 186 179 187 208 218 250 249 247 247 247 247 247 247 247 247 247 247 
247 247 247 247 247 247 247 247 247 247 247 247 250 251 183 157 122 105 101 98 101 103 101 100 103 105 108 112 115 118 118 117 117 118 121 126 127 131 132 135 136 138 138 139 139 136 136 135 135 141 141 147 147 150 150 154 154 161 162 154 153 154 154 165 168 166 165 166 166 170 172 175 177 182 186 191 195 196 198 197 195 196 197 196 195 191 181 189 210 220 250 249 247 247 247 247 247 247 247 247 247 247 
247 247 247 247 247 247 247 247 247 247 247 247 249 250 178 150 114 98 94 92 95 98 97 96 101 105 109 113 115 118 118 117 118 120 123 129 131 134 134 136 136 135 134 130 130 125 126 126 126 130 130 137 137 142 142 145 145 154 155 149 147 147 147 155 158 151 149 146 144 146 147 152 155 161 166 173 179 186 194 196 198 197 197 196 195 190 179 187 209 219 250 249 247 247 247 247 247 247 247 247 247 247 
247 247 247 247 247 247 247 247 247 247 248 248 248 248 169 139 104 88 84 82 87 91 90 90 98 106 110 115 117 119 119 118 120 124 128 135 136 138 138 138 137 131 129 118 117 110 110 112 112 115 115 123 123 130 130 133 133 144 146 140 139 137 137 142 143 129 124 116 112 110 109 117 123 131 137 146 155 170 187 194 203 201 197 196 195 189 176 185 207 217 250 249 247 247 247 247 247 247 247 247 247 247 
247 247 247 247 247 247 247 247 247 247 248 248 247 247 166 134 99 83 80 79 85 89 91 92 101 108 112 117 118 120 120 120 123 128 130 134 132 126 125 120 118 109 107 97 97 91 91 92 92 98 98 109 109 119 119 125 126 141 143 138 137 133 132 129 128 111 104 92 86 83 82 89 93 103 109 119 127 144 162 178 198 198 199 199 198 191 176 184 206 216 250 249 247 247 247 247 247 247 247 247 247 247 
247 247 247 247 247 247 247 247 247 247 248 248 246 245 159 126 90 73 73 73 80 85 92 97 105 113 116 120 121 122 122 123 128 136 135 132 125 106 102 88 85 71 69 61 61 58 58 57 57 67 67 85 85 100 101 112 113 135 138 134 133 126 124 107 101 77 68 49 40 36 33 38 41 52 61 70 78 98 119 150 190 195 203 203 203 194 176 184 204 215 250 249 247 247 247 247 247 247 247 247 247 247 
247 247 247 247 247 247 247 247 247 247 248 248 245 245 158 124 87 70 72 73 80 85 93 100 108 114 117 121 121 122 123 123 126 130 125 115 107 87 83 71 69 59 58 52 52 49 50 49 50 59 59 74 74 90 91 108 109 134 137 137 137 125 122 100 93 75 68 54 48 46 44 50 54 65 73 81 87 98 111 138 172 184 202 203 205 196 176 183 203 214 250 249 247 247 247 247 247 247 247 247 247 247 
247 247 247 247 247 247 247 247 247 247 248 248 245 244 155 121 82 63 70 74 81 85 97 107 113 118 120 122 122 123 123 124 122 118 106 80 70 46 44 36 36 35 35 35 35 32 32 33 33 41 41 51 51 68 69 99 102 131 135 143 145 124 119 86 76 71 69 66 65 68 69 77 83 93 100 104 107 101 94 112 135 161 201 205 211 200 176 183 200 212 250 249 247 247 247 247 247 247 247 247 247 247 
247 247 247 247 247 247 247 247 247 247 248 249 246 245 156 122 83 66 70 73 79 83 97 108 114 119 121 122 122 122 122 122 116 105 93 70 64 49 48 46 46 48 48 49 48 42 42 42 42 50 50 54 54 68 69 99 102 133 138 148 150 127 121 89 79 74 72 66 63 62 62 69 74 83 90 96 101 101 101 115 134 158 194 201 212 200 176 182 199 211 250 250 247 247 247 247 247 247 247 247 247 247 
247 247 247 247 247 247 247 247 247 247 251 252 248 247 158 124 89 73 72 71 75 78 96 110 117 124 124 124 123 121 120 118 101 71 62 44 48 57 60 71 73 82 83 86 84 68 68 64 64 73 73 62 62 68 68 98 101 140 145 159 162 134 127 97 87 83 81 65 57 50 46 48 50 59 66 77 87 102 118 124 131 149 177 191 215 202 175 181 198 211 251 251 249 249 247 247 247 247 247 247 247 247 
247 247 247 247 247 247 247 247 247 247 245 245 241 239 157 125 91 75 72 70 75 78 97 112 119 125 125 124 123 122 118 111 96 69 63 50 52 57 58 63 64 68 69 73 72 65 64 60 60 69 69 60 60 67 68 101 103 142 147 162 164 136 129 96 85 79 77 63 57 51 47 49 50 60 67 74 81 91 103 114 128 146 174 188 214 202 175 179 189 201 239 241 246 246 247 247 247 247 247 247 247 247 
247 247 247 247 247 247 247 247 247 247 227 222 217 215 154 130 97 82 73 68 75 80 101 118 124 130 128 125 125 124 110 90 81 64 65 68 65 57 52 37 34 24 25 33 36 55 54 47 47 58 58 54 54 67 68 108 112 150 155 169 172 143 136 94 81 68 63 60 58 54 51 52 53 64 72 67 62 59 56 83 118 137 165 182 212 200 174 171 163 173 203 210 236 238 248 248 247 247 247 247 247 247 
247 247 247 247 247 247 248 248 241 240 205 197 194 194 141 121 93 80 72 68 76 82 103 120 124 129 127 125 124 123 110 90 82 66 65 62 59 52 49 40 38 31 33 41 44 65 64 56 56 59 59 55 55 67 68 109 113 149 153 168 171 144 138 99 87 74 69 64 62 60 58 62 65 76 85 82 79 74 68 87 112 131 160 178 212 200 176 172 160 167 190 198 230 233 249 249 247 247 247 247 247 247 
247 247 247 247 247 247 251 252 217 210 118 95 106 109 93 87 77 72 69 67 81 90 111 127 126 125 125 125 123 121 110 93 87 76 64 40 38 34 38 51 53 59 62 75 78 104 103 90 89 64 64 58 58 69 69 113 117 144 148 163 166 148 144 119 111 98 93 83 79 85 88 104 115 128 138 143 148 134 118 104 87 108 139 165 211 203 185 175 150 147 137 151 205 213 252 251 247 247 247 247 247 247 
247 247 247 247 247 247 251 252 213 205 115 92 103 107 94 89 78 74 70 67 82 92 111 127 125 124 124 124 121 117 106 90 83 72 62 42 42 41 44 57 59 64 66 78 81 101 100 88 87 66 66 61 61 72 72 115 118 143 147 162 165 150 146 123 115 104 99 89 84 88 90 103 112 124 133 139 144 133 121 109 95 113 140 164 209 202 188 178 154 150 136 150 204 212 252 251 247 247 247 247 247 247 
247 247 247 247 247 247 252 253 191 179 97 77 93 98 97 97 88 84 74 69 89 103 117 128 123 119 119 118 110 99 89 73 65 51 52 54 60 76 80 91 91 93 93 94 93 88 87 75 75 78 78 80 80 92 92 122 125 140 142 160 163 161 160 144 139 133 131 119 113 104 99 98 97 103 107 116 125 130 136 136 135 139 144 163 197 199 202 194 174 164 133 147 201 209 252 251 247 247 247 247 247 247 
247 247 247 247 247 247 252 253 191 179 99 79 95 100 98 98 91 87 76 70 89 102 116 128 123 119 118 117 109 99 89 74 67 55 56 58 63 76 80 89 89 91 91 93 93 89 89 79 80 83 83 83 83 94 94 123 126 140 142 159 162 162 161 146 142 136 134 123 118 110 105 103 102 107 111 119 126 132 138 138 139 142 147 165 196 198 202 195 175 165 134 147 200 209 252 251 247 247 247 247 247 247 
247 247 247 247 247 247 252 253 192 180 112 95 109 114 106 103 109 112 92 81 91 97 113 126 123 121 117 113 106 96 90 82 83 85 85 86 85 81 80 76 77 79 81 91 92 101 102 113 113 117 117 104 104 113 113 132 134 145 146 158 160 170 172 164 162 160 159 158 157 153 150 145 142 141 140 139 139 145 151 159 169 171 173 179 191 196 206 199 182 172 142 153 195 204 252 251 247 247 247 247 247 247 
247 247 247 247 247 247 252 253 191 179 112 95 110 115 107 105 109 112 93 82 91 97 113 126 123 121 117 113 106 97 92 85 86 88 88 89 87 84 83 80 80 83 85 94 95 103 104 114 114 117 117 105 105 114 114 133 134 145 147 158 160 170 172 165 163 160 159 158 157 153 151 146 143 142 142 141 140 146 152 160 170 172 175 181 191 195 205 199 182 173 143 153 194 204 252 251 247 247 247 247 247 247 
247 247 247 247 247 247 252 253 186 173 116 102 118 123 122 122 115 111 101 95 99 102 115 126 123 120 119 117 116 115 116 118 121 125 123 120 120 120 120 122 124 131 131 130 130 129 129 129 128 116 116 115 115 127 128 139 140 152 154 162 163 177 180 175 174 168 165 165 165 162 160 160 160 161 162 159 157 159 162 172 184 189 196 194 191 194 199 195 184 176 151 158 187 197 252 251 247 247 247 247 247 247 
247 247 247 247 247 247 252 253 186 174 117 102 118 123 122 121 113 109 100 95 100 103 116 126 123 120 119 117 116 115 117 119 121 126 124 121 121 121 121 123 125 132 131 130 130 129 129 129 128 116 116 115 115 127 128 139 140 152 154 161 163 176 180 175 174 167 164 164 163 161 160 160 160 161 162 160 157 160 162 172 184 189 196 194 191 194 198 194 183 176 151 159 188 198 252 251 247 247 247 247 247 247 
247 247 247 247 247 247 252 253 198 188 126 111 120 123 111 106 84 73 97 110 120 127 124 121 120 119 121 123 122 121 128 138 142 148 147 145 146 147 147 145 145 144 142 132 132 130 130 128 127 114 114 110 110 122 123 143 145 154 155 159 160 173 176 178 178 156 147 135 129 144 152 163 170 171 172 171 171 172 173 177 183 190 201 202 205 196 177 173 162 163 166 174 206 213 251 251 247 247 247 247 247 247 
247 247 247 247 247 247 252 253 198 188 126 111 120 123 111 106 84 73 97 110 120 127 124 121 120 119 121 123 122 121 128 138 142 148 147 145 146 147 147 145 145 144 142 132 132 130 130 128 127 114 114 110 110 122 123 143 145 154 155 159 160 173 176 178 178 156 147 135 129 144 152 163 170 171 172 171 171 172 173 177 183 190 201 202 205 196 177 173 162 163 166 174 206 213 251 251 247 247 247 247 247 247 
247 247 247 247 247 247 250 250 234 231 150 130 111 105 90 84 66 58 94 114 125 132 123 116 120 123 123 124 127 130 136 146 147 148 147 145 146 148 149 151 150 145 144 138 137 133 131 102 102 96 96 113 113 126 127 144 146 152 153 155 155 166 169 183 188 171 165 148 140 114 100 111 119 140 157 165 172 177 182 185 188 190 193 200 212 203 185 176 153 160 184 194 236 238 249 249 247 247 247 247 247 247 
247 247 247 247 247 247 250 250 234 231 150 130 111 105 90 84 66 58 94 114 125 132 123 116 120 123 123 124 127 130 136 146 147 148 147 145 146 148 149 151 150 145 144 138 137 133 131 102 102 96 96 113 113 126 127 144 146 152 153 155 155 166 169 183 188 171 165 148 140 114 100 111 119 140 157 165 172 177 182 185 188 190 193 200 212 203 185 176 153 160 184 194 236 238 249 249 247 247 247 247 247 247 
247 247 247 247 247 247 247 247 248 248 176 158 111 96 87 83 84 85 109 123 127 131 122 115 115 115 117 120 124 130 132 136 136 134 136 138 140 144 144 145 144 138 137 127 123 94 93 87 89 135 135 141 141 134 134 137 137 148 150 153 154 169 173 181 183 183 183 188 190 161 144 100 71 86 98 122 144 157 170 174 179 180 181 190 204 198 186 174 142 155 193 204 247 247 247 247 247 247 247 247 247 247 
247 247 247 247 247 247 247 247 249 249 177 159 111 96 87 83 85 86 110 123 128 131 122 115 115 115 117 120 124 130 132 136 135 134 135 138 140 144 144 145 144 138 136 127 123 92 92 86 88 137 137 142 142 134 134 137 137 148 150 153 154 169 173 181 183 184 184 189 192 163 146 100 69 84 96 120 143 156 170 174 179 180 181 189 204 198 186 174 142 154 194 205 248 248 247 247 247 247 247 247 247 247 
247 247 247 247 247 247 247 247 252 252 192 177 114 94 91 89 100 105 121 129 130 131 125 120 116 113 114 115 117 120 119 117 117 116 117 119 120 124 124 124 123 120 115 92 89 69 71 101 102 122 122 121 121 109 108 100 99 118 121 132 134 142 144 142 141 135 133 136 137 143 146 122 106 82 63 80 97 114 132 140 149 155 163 173 191 191 190 178 146 159 198 208 250 249 247 247 247 247 247 247 247 247 
247 247 247 247 247 247 247 247 252 253 194 179 114 94 91 90 102 107 122 130 131 131 125 121 117 113 114 115 117 119 118 116 116 115 116 117 118 122 122 122 121 118 113 89 86 67 70 102 103 121 121 119 119 107 106 97 96 115 118 130 132 140 142 139 138 132 129 131 132 141 146 124 109 82 60 77 93 110 129 137 147 153 162 172 190 190 191 179 147 159 198 208 250 250 247 247 247 247 247 247 247 247 
247 247 247 247 247 247 247 247 251 252 210 199 128 105 100 99 107 110 121 126 129 131 126 123 120 117 116 115 111 107 103 96 97 99 100 102 103 106 106 105 102 90 85 62 63 75 75 82 81 67 67 60 60 55 55 59 59 81 84 101 104 115 118 112 111 102 99 115 123 137 145 141 138 106 80 69 59 77 97 111 128 136 149 159 177 180 187 181 164 175 207 215 250 249 247 247 247 247 247 247 247 247 
247 247 247 247 247 247 247 247 251 252 212 202 130 107 102 100 107 111 121 126 129 131 127 123 120 118 117 115 111 105 101 94 95 97 98 100 101 104 104 103 100 86 82 58 60 76 76 79 78 60 60 52 52 48 48 54 54 76 79 97 100 112 115 109 107 98 95 113 122 137 145 143 142 109 83 68 55 73 93 108 126 134 147 157 175 179 187 181 167 177 208 216 250 250 247 247 247 247 247 247 247 247 
247 247 247 247 247 247 247 247 249 249 231 227 147 122 115 112 113 113 116 117 123 127 125 124 122 120 115 111 102 91 88 84 84 86 86 87 88 89 87 82 77 57 58 63 65 79 79 79 78 62 62 50 50 45 45 42 42 57 60 77 81 101 106 122 128 134 137 140 142 145 146 146 146 130 117 89 63 63 63 80 103 116 136 145 162 168 181 183 186 195 223 228 249 249 247 247 247 247 247 247 247 247 
247 247 247 247 247 247 247 247 249 249 235 232 151 125 117 114 114 114 115 115 122 127 125 124 122 120 115 110 100 88 86 82 83 84 84 85 85 86 84 78 73 52 54 64 66 80 80 79 78 62 62 50 50 45 45 40 40 54 56 74 77 99 104 125 132 141 145 146 146 147 147 147 147 134 124 93 65 61 57 75 99 113 134 143 160 166 180 183 190 199 226 231 249 249 247 247 247 247 247 247 247 247 
247 247 247 247 247 247 247 247 247 247 247 247 192 175 143 131 130 130 123 120 128 134 127 122 122 122 116 110 98 82 79 75 76 78 76 74 73 72 69 58 58 57 60 75 76 84 84 85 85 80 80 75 75 73 73 75 75 88 90 98 100 109 111 129 135 145 148 148 148 147 147 144 143 139 135 117 101 81 59 68 80 101 132 140 154 161 176 182 199 209 239 241 248 248 247 247 247 247 247 247 247 247 
247 247 247 247 247 247 247 247 247 247 250 251 203 188 150 135 134 134 126 121 130 136 128 122 122 122 116 110 97 81 78 73 74 76 74 71 70 69 65 53 54 59 62 78 79 85 85 87 87 85 85 81 81 80 80 84 84 97 99 105 106 112 113 130 136 145 149 149 149 148 147 144 142 140 138 123 110 86 60 67 75 98 132 140 153 160 175 182 201 211 243 244 248 248 247 247 247 247 247 247 247 247 
247 247 247 247 247 247 247 247 247 247 249 249 230 224 165 142 127 119 155 176 171 168 140 118 121 123 116 109 98 85 79 71 72 75 74 70 68 64 63 60 61 67 69 79 80 88 88 93 93 95 95 95 95 98 98 102 102 115 116 120 120 125 126 136 139 142 144 142 141 141 141 140 140 139 139 131 124 105 84 82 80 100 131 140 156 159 165 170 182 196 242 243 248 248 247 247 247 247 247 247 247 247 
247 247 247 247 247 247 247 247 247 247 249 249 239 236 170 144 124 115 165 193 184 178 144 117 121 124 117 109 99 86 80 70 72 75 73 70 68 62 62 62 64 70 72 80 81 89 89 95 95 99 99 100 100 104 104 108 108 120 122 125 125 129 130 138 140 141 142 139 138 139 139 139 139 139 139 134 129 111 92 88 82 102 131 140 157 159 162 166 176 192 242 243 248 248 247 247 247 247 247 247 247 247 
247 247 247 247 247 247 247 247 247 247 247 247 245 245 198 180 170 165 210 235 210 193 148 113 117 119 114 107 100 92 83 70 72 77 77 76 73 64 65 69 70 75 76 81 81 83 83 81 81 80 80 77 77 77 77 80 80 91 93 103 105 109 110 114 115 117 118 113 111 92 81 80 79 96 109 112 115 108 100 102 103 115 132 146 169 183 214 213 210 219 245 246 247 247 247 247 247 247 247 247 247 247 
247 247 247 247 247 247 247 247 247 247 247 247 248 248 209 194 187 184 228 252 220 199 150 112 115 118 113 107 101 94 84 70 73 78 78 79 75 65 67 72 73 77 78 82 82 81 81 76 76 73 73 69 69 67 67 69 69 80 82 95 97 101 102 105 106 108 109 104 101 73 58 57 56 79 97 104 110 107 103 107 112 120 133 148 174 193 234 231 224 230 247 247 247 247 247 247 247 247 247 247 247 247 
247 247 247 247 247 247 247 247 247 247 247 247 247 247 236 232 230 229 243 251 229 214 161 118 117 115 110 105 102 99 88 72 74 76 81 89 85 73 72 69 68 61 60 52 51 44 45 51 52 65 65 63 63 65 65 77 78 83 83 102 105 123 127 136 138 142 144 144 144 92 62 39 23 45 62 87 110 109 108 117 129 131 135 154 187 206 246 245 242 243 247 247 247 247 247 247 247 247 247 247 247 247 
247 247 247 247 247 247 247 247 247 247 247 247 247 247 249 250 251 251 251 251 234 222 165 121 117 114 109 104 103 101 90 73 74 76 82 94 89 77 75 68 65 54 51 38 37 27 28 40 41 62 62 61 61 65 65 82 83 84 84 105 109 133 139 150 154 158 160 163 165 100 64 30 8 29 46 80 111 111 111 122 137 137 136 157 194 213 252 251 250 249 247 247 247 247 247 247 247 247 247 247 247 247 
247 247 247 247 247 247 247 247 247 247 247 247 247 247 248 248 248 248 249 249 242 237 183 140 125 112 107 102 103 103 96 84 79 71 79 96 94 88 83 70 62 33 30 17 19 35 38 69 71 103 103 108 108 116 116 139 141 144 144 154 156 176 181 181 181 185 186 186 185 120 84 53 33 65 90 106 121 120 118 128 141 140 139 164 209 222 251 250 248 248 247 247 247 247 247 247 247 247 247 247 247 247 
247 247 247 247 247 247 247 247 247 247 247 247 247 247 247 247 247 247 248 248 247 246 193 151 130 111 106 101 103 105 99 90 82 69 78 98 97 94 88 71 61 21 19 6 10 40 44 86 88 126 126 134 134 145 145 172 174 178 178 182 183 200 204 198 196 200 201 198 197 132 95 66 47 85 115 121 127 125 123 132 143 142 141 168 217 228 250 249 247 247 247 247 247 247 247 247 247 247 247 247 247 247 
247 247 247 247 247 247 247 247 247 247 247 247 247 247 247 247 247 247 247 247 249 249 210 179 144 111 106 101 100 98 100 102 90 70 77 93 95 101 96 80 74 50 45 21 25 52 56 103 105 137 137 146 146 157 157 175 177 188 189 188 188 199 202 196 194 193 192 178 171 125 98 95 93 119 139 132 125 128 130 134 139 143 149 177 228 234 249 249 247 247 247 247 247 247 247 247 247 247 247 247 247 247 
247 247 247 247 247 247 247 247 247 247 247 247 247 247 247 247 247 247 247 247 250 252 222 198 153 112 107 101 98 94 100 110 96 70 76 90 94 106 101 86 83 69 63 32 35 61 65 115 116 144 144 154 154 166 166 178 179 195 197 193 192 198 200 195 193 189 187 165 154 120 101 114 123 141 156 139 124 129 135 135 136 143 154 183 235 239 249 248 247 247 247 247 247 247 247 247 247 247 247 247 247 247 
247 247 247 247 247 247 247 247 247 247 247 247 247 247 247 247 247 247 247 247 249 250 234 220 171 125 113 100 96 91 97 108 98 79 80 82 89 110 105 88 88 90 86 67 66 64 66 88 89 111 111 114 114 122 123 141 142 160 162 163 163 163 162 157 155 156 157 144 138 128 122 134 142 150 157 140 125 130 137 135 134 147 167 194 242 244 248 248 247 247 247 247 247 247 247 247 247 247 247 247 247 247 
247 247 247 247 247 247 247 247 247 247 247 247 247 247 247 247 247 247 247 247 248 249 243 238 185 136 119 100 95 88 95 106 99 87 83 75 86 113 107 89 93 107 105 94 91 67 67 67 68 86 86 83 83 89 89 112 114 132 135 140 141 135 133 127 125 131 133 128 126 134 138 150 158 158 158 141 125 131 138 135 132 150 178 203 247 247 247 247 247 247 247 247 247 247 247 247 247 247 247 247 247 247 
247 247 247 247 247 247 247 247 247 247 247 247 247 247 247 247 247 247 247 247 247 248 246 245 204 165 133 98 94 88 91 97 95 93 85 70 80 108 104 93 96 106 106 102 100 81 81 76 77 84 84 87 87 97 97 115 116 126 127 130 130 132 132 139 141 145 146 142 139 146 150 157 162 159 157 142 129 133 138 137 136 160 197 215 249 248 247 247 247 247 247 247 247 247 247 247 247 247 247 247 247 247 
247 247 247 247 247 247 247 247 247 247 247 247 247 247 247 247 247 247 247 247 247 247 250 252 221 192 146 97 93 88 88 89 92 98 87 65 76 103 102 98 100 106 107 110 108 94 93 85 85 83 83 90 90 104 105 117 118 120 120 121 121 130 132 151 157 158 158 154 152 158 162 164 166 160 156 144 133 135 138 138 139 169 214 227 250 249 247 247 247 247 247 247 247 247 247 247 247 247 247 247 247 247 
247 247 247 247 247 247 247 247 247 247 247 247 247 247 247 247 247 247 247 247 247 247 249 251 233 216 167 114 102 86 86 86 89 95 87 70 77 94 96 104 103 102 103 111 110 100 99 91 90 87 87 89 89 101 102 114 115 118 119 120 120 129 131 146 151 154 154 156 157 163 166 166 166 158 151 144 138 138 137 144 153 183 228 236 249 248 247 247 247 247 247 247 247 247 247 247 247 247 247 247 247 247 
247 247 247 247 247 247 247 247 247 247 247 247 247 247 247 247 247 247 247 247 247 247 248 249 246 243 190 133 111 84 84 83 87 93 87 75 78 85 91 110 107 97 100 113 112 107 106 97 97 92 92 89 89 98 98 110 111 117 118 120 120 129 131 141 144 149 151 158 162 168 171 168 166 155 146 145 144 140 136 150 168 198 244 245 248 248 247 247 247 247 247 247 247 247 247 247 247 247 247 247 247 247 
247 247 247 247 247 247 247 247 247 247 247 247 247 247 247 247 247 247 247 247 247 247 247 248 247 247 208 167 133 90 87 82 84 89 86 80 80 79 87 111 107 94 96 109 109 109 109 100 100 94 94 88 88 91 91 100 100 109 110 114 115 122 123 134 138 146 150 159 164 167 170 165 162 154 147 146 146 143 141 163 192 214 246 247 247 247 247 247 247 247 247 247 247 247 247 247 247 247 247 247 247 247 
247 247 247 247 247 247 247 247 247 247 247 247 247 247 247 247 247 247 247 247 247 247 247 247 250 252 232 210 160 97 91 81 82 83 84 87 83 72 82 112 108 90 92 103 104 113 112 105 105 97 97 88 88 82 82 87 87 98 100 108 109 113 114 126 130 144 149 161 166 167 168 162 158 152 148 148 148 148 147 180 222 233 250 249 247 247 247 247 247 247 247 247 247 247 247 247 247 247 247 247 247 247 
247 247 247 247 247 247 247 247 247 247 247 247 247 247 247 247 247 247 247 247 247 247 247 247 249 250 239 227 183 127 109 81 82 82 83 87 83 72 80 105 103 96 96 98 100 111 111 107 107 100 100 91 91 83 83 86 86 95 96 104 106 112 113 127 131 145 150 161 166 166 166 161 158 154 152 150 148 157 168 197 233 239 249 248 247 247 247 247 247 247 247 247 247 247 247 247 247 247 247 247 247 247 
247 247 247 247 247 247 247 247 247 247 247 247 247 247 247 247 247 247 247 247 247 247 247 247 247 247 249 252 217 173 137 82 81 80 82 87 83 73 78 95 97 105 103 91 93 109 109 110 110 105 105 96 96 85 85 85 85 89 90 99 101 111 113 128 133 147 153 162 166 164 163 159 157 157 157 152 148 172 199 221 250 249 247 247 247 247 247 247 247 247 247 247 247 247 247 247 247 247 247 247 247 247 
247 247 247 247 247 247 247 247 247 247 247 247 247 247 247 247 247 247 247 247 247 247 247 247 247 247 249 251 228 198 160 101 93 78 80 85 82 77 79 88 92 108 105 92 94 106 106 108 108 104 104 98 98 92 92 92 92 96 96 104 106 117 119 133 137 150 155 162 166 164 163 161 159 159 158 158 158 185 215 230 249 248 247 247 247 247 247 247 247 247 247 247 247 247 247 247 247 247 247 247 247 247 
247 247 247 247 247 247 247 247 247 247 247 247 247 247 247 247 247 247 247 247 247 247 247 247 247 247 248 249 247 244 201 136 114 75 77 81 82 84 82 75 83 113 110 94 95 101 101 106 106 104 104 103 103 105 105 106 106 108 108 114 115 128 131 141 144 154 158 163 166 165 164 163 163 162 161 169 176 209 244 246 248 248 247 247 247 247 247 247 247 247 247 247 247 247 247 247 247 247 247 247 247 247 
247 247 247 247 247 247 247 247 247 247 247 247 247 247 247 247 247 247 247 247 247 247 247 247 247 247 247 248 247 246 214 165 136 85 83 79 80 85 83 75 81 106 105 100 100 101 101 106 106 104 104 103 103 106 106 109 109 112 113 119 121 132 135 143 146 155 158 162 164 164 163 164 164 164 164 178 191 217 246 247 247 247 247 247 247 247 247 247 247 247 247 247 247 247 247 247 247 247 247 247 247 247 
247 247 247 247 247 247 247 247 247 247 247 247 247 247 247 247 247 247 247 247 247 247 247 247 247 247 247 247 249 251 242 228 184 106 96 74 78 88 85 75 78 91 95 113 112 101 101 105 105 104 104 103 103 110 110 116 116 122 123 131 133 142 144 149 150 156 158 159 160 161 162 166 168 169 170 198 224 236 250 249 247 247 247 247 247 247 247 247 247 247 247 247 247 247 247 247 247 247 247 247 247 247 
247 247 247 247 247 247 247 247 247 247 247 247 247 247 247 247 247 247 247 247 247 247 247 247 247 247 247 247 248 250 244 235 198 133 115 78 80 86 84 77 79 87 91 112 111 103 104 106 106 105 105 105 105 112 112 117 118 123 124 132 134 142 144 149 151 157 159 158 158 161 163 167 169 175 179 206 231 240 249 248 247 247 247 247 247 247 247 247 247 247 247 247 247 247 247 247 247 247 247 247 247 247 
247 247 247 247 247 247 247 247 247 247 247 247 247 247 247 247 247 247 247 247 247 247 247 247 247 247 247 247 247 247 249 253 235 204 167 87 85 80 81 83 82 76 81 110 110 110 110 110 110 109 109 110 110 117 117 123 123 127 128 135 136 142 144 152 155 159 161 156 154 161 165 170 173 189 202 226 249 248 247 247 247 247 247 247 247 247 247 247 247 247 247 247 247 247 247 247 247 247 247 247 247 247 
247 247 247 247 247 247 247 247 247 247 247 247 247 247 247 247 247 247 247 247 247 247 247 247 247 247 247 247 247 247 249 251 239 216 181 109 100 79 80 82 80 75 80 105 105 110 110 111 111 112 112 111 111 116 117 122 122 126 127 133 134 140 142 150 153 158 160 156 154 162 166 172 175 195 210 230 249 248 247 247 247 247 247 247 247 247 247 247 247 247 247 247 247 247 247 247 247 247 247 247 247 247 
247 247 247 247 247 247 247 247 247 247 247 247 247 247 247 247 247 247 247 247 247 247 247 247 247 247 247 247 247 247 247 247 249 253 229 177 149 77 77 79 78 74 76 89 91 109 109 115 115 122 122 115 115 116 116 119 119 122 122 126 127 135 137 145 147 153 156 156 156 165 170 178 183 212 235 242 249 248 247 247 247 247 247 247 247 247 247 247 247 247 247 247 247 247 247 247 247 247 247 247 247 247 
247 247 247 247 247 247 247 247 247 247 247 247 247 247 247 247 247 247 247 247 247 247 247 247 247 247 247 247 247 247 247 247 249 252 233 192 164 94 90 77 76 73 75 85 88 105 105 111 112 119 119 115 115 117 117 119 119 122 122 125 126 134 137 143 145 152 155 155 156 163 168 180 188 216 238 243 248 248 247 247 247 247 247 247 247 247 247 247 247 247 247 247 247 247 247 247 247 247 247 247 247 247 
247 247 247 247 247 247 247 247 247 247 247 247 247 247 247 247 247 247 247 247 247 247 247 247 247 247 247 247 247 247 247 247 247 248 249 250 226 164 141 70 70 68 69 72 74 89 90 98 98 109 109 118 118 120 120 121 121 122 122 123 123 133 135 138 139 146 149 153 155 158 160 191 211 233 250 248 247 247 247 247 247 247 247 247 247 247 247 247 247 247 247 247 247 247 247 247 247 247 247 247 247 247 
247 247 247 247 247 247 247 247 247 247 247 247 247 247 247 247 247 247 247 247 247 247 247 247 247 247 247 247 247 247 247 247 247 248 248 250 230 177 155 85 81 69 69 69 71 85 86 94 94 105 105 114 114 118 118 120 120 122 122 122 122 131 133 136 137 143 145 148 150 157 161 194 216 235 249 248 247 247 247 247 247 247 247 247 247 247 247 247 247 247 247 247 247 247 247 247 247 247 247 247 247 247 
247 247 247 247 247 247 247 247 247 247 247 247 247 247 247 247 247 247 247 247 247 247 247 247 247 247 247 247 247 247 247 247 247 247 248 249 249 249 228 161 144 76 73 57 58 64 65 74 74 85 85 96 96 107 107 115 116 120 121 118 118 121 122 124 125 126 127 124 123 151 166 213 245 247 248 247 247 247 247 247 247 247 247 247 247 247 247 247 247 247 247 247 247 247 247 247 247 247 247 247 247 247 
247 247 247 247 247 247 247 247 247 247 247 247 247 247 247 247 247 247 247 247 247 247 247 247 247 247 247 247 247 247 247 247 247 247 247 249 249 249 230 172 156 92 88 67 66 65 66 72 72 81 81 92 92 102 103 111 112 117 117 115 115 118 118 120 121 123 123 125 125 157 174 217 246 247 248 247 247 247 247 247 247 247 247 247 247 247 247 247 247 247 247 247 247 247 247 247 247 247 247 247 247 247 
247 247 247 247 247 247 247 247 247 247 247 247 247 247 247 247 247 247 247 247 247 247 247 247 247 247 247 247 247 247 247 247 247 247 247 247 247 248 248 250 243 213 201 138 131 76 75 58 58 56 56 63 63 73 73 85 86 92 93 91 91 93 93 92 92 94 95 129 145 202 234 244 250 248 247 247 247 247 247 247 247 247 247 247 247 247 247 247 247 247 247 247 247 247 247 247 247 247 247 247 247 247 
247 247 247 247 247 247 247 247 247 247 247 247 247 247 247 247 247 247 247 247 247 247 247 247 247 247 247 247 247 247 247 247 247 247 247 247 247 248 248 250 243 216 205 147 140 88 87 69 69 64 64 66 66 72 72 83 83 90 90 89 89 91 91 93 94 100 102 136 153 206 235 244 250 248 247 247 247 247 247 247 247 247 247 247 247 247 247 247 247 247 247 247 247 247 247 247 247 247 247 247 247 247 
247 247 247 247 247 247 247 247 247 247 247 247 247 247 247 247 247 247 247 247 247 247 247 247 247 247 247 247 247 247 247 247 247 247 247 247 247 247 247 247 248 252 252 251 248 230 227 198 196 154 154 99 99 64 63 57 56 61 62 63 63 72 74 104 113 163 183 223 242 247 250 248 247 247 247 247 247 247 247 247 247 247 247 247 247 247 247 247 247 247 247 247 247 247 247 247 247 247 247 247 247 247 
247 247 247 247 247 247 247 247 247 247 247 247 247 247 247 247 247 247 247 247 247 247 247 247 247 247 247 247 247 247 247 247 247 247 247 247 247 247 247 247 248 252 252 251 248 231 228 200 198 158 158 105 105 71 69 62 62 67 67 68 68 77 80 109 118 167 186 224 242 247 250 248 247 247 247 247 247 247 247 247 247 247 247 247 247 247 247 247 247 247 247 247 247 247 247 247 247 247 247 247 247 247 
247 247 247 247 247 247 247 247 247 247 247 247 247 247 247 247 247 247 247 247 247 247 247 247 247 247 247 247 247 247 247 247 247 247 247 247 247 247 247 247 247 247 247 247 247 250 250 253 253 254 254 245 245 222 221 204 203 198 197 201 202 217 221 239 245 250 252 249 248 247 247 247 247 247 247 247 247 247 247 247 247 247 247 247 247 247 247 247 247 247 247 247 247 247 247 247 247 247 247 247 247 247 
247 247 247 247 247 247 247 247 247 247 247 247 247 247 247 247 247 247 247 247 247 247 247 247 247 247 247 247 247 247 247 247 247 247 247 247 247 247 247 247 247 247 247 247 247 250 250 253 253 254 254 245 245 222 221 204 203 198 197 201 202 217 221 239 245 250 252 249 248 247 247 247 247 247 247 247 247 247 247 247 247 247 247 247 247 247 247 247 247 247 247 247 247 247 247 247 247 247 247 247 247 247 
