247 247 247 247 247 247 247 247 247 247 247 247 247 247 247 247 247 247 247 247 247 247 247 247 247 247 247 247 247 247 249 249 249 249 249 219 208 198 160 160 147 141 138 124 124 124 124 123 118 118 119 120 119 107 107 100 94 94 87 87 84 82 82 86 86 90 95 95 94 94 94 93 93 101 102 105 109 109 105 105 108 113 113 131 134 139 149 149 159 162 180 227 227 245 251 250 247 247 247 247 247 247 247 247 247 247 247 247 247 247 247 247 247 247 247 247 247 247 247 247 247 247 247 247 247 247 
247 247 247 247 247 247 247 247 247 247 247 247 247 247 247 247 247 247 247 247 247 247 247 247 247 247 247 247 247 247 249 249 249 249 249 219 208 198 160 160 147 141 138 124 124 124 124 123 118 118 119 120 119 107 107 100 94 94 87 87 84 82 82 86 86 90 95 95 94 94 94 93 93 101 102 105 109 109 105 105 108 113 113 131 134 139 149 149 159 162 180 227 227 245 251 250 247 247 247 247 247 247 247 247 247 247 247 247 247 247 247 247 247 247 247 247 247 247 247 247 247 247 247 247 247 247 
247 247 247 247 247 247 247 247 247 247 247 247 247 247 247 247 247 247 247 247 247 247 247 247 247 247 247 247 248 248 247 247 241 224 224 193 181 175 154 154 139 132 130 117 117 118 118 117 110 110 110 110 109 102 102 93 86 86 87 87 85 84 84 85 85 88 92 92 94 94 96 98 98 107 108 109 111 111 104 103 105 108 108 116 118 125 139 139 151 154 166 197 197 230 241 243 248 248 247 247 247 247 247 247 247 247 247 247 247 247 247 247 247 247 247 247 247 247 247 247 247 247 247 247 247 247 
247 247 247 247 247 247 247 247 247 247 247 247 247 247 247 247 247 247 247 247 247 247 247 247 247 247 247 248 249 249 246 245 234 198 198 165 152 151 147 147 131 123 121 110 110 111 112 111 102 102 100 99 99 96 96 85 77 77 87 87 86 86 86 84 84 86 89 89 95 95 99 103 103 113 114 114 114 114 103 102 102 103 103 101 101 110 128 128 142 146 151 164 164 214 230 235 249 249 248 247 247 247 247 247 247 247 247 247 247 247 247 247 247 247 247 247 247 247 247 247 247 247 247 247 247 247 
247 247 247 247 247 247 247 247 247 247 247 247 247 247 247 247 247 247 247 247 247 247 247 247 247 247 247 248 249 249 246 245 234 198 198 165 152 151 147 147 131 123 121 110 110 111 112 111 102 102 100 99 99 96 96 85 77 77 87 87 86 86 86 84 84 86 89 89 95 95 99 103 103 113 114 114 114 114 103 102 102 103 103 101 101 110 128 128 142 146 151 164 164 214 230 235 249 249 248 247 247 247 247 247 247 247 247 247 247 247 247 247 247 247 247 247 247 247 247 247 247 247 247 247 247 247 
247 247 247 247 247 247 247 247 247 247 247 247 247 247 247 247 247 247 247 247 247 247 247 247 247 248 249 248 245 245 200 186 177 146 146 135 131 129 122 122 108 102 101 96 96 96 96 97 100 100 96 93 93 88 88 88 88 89 101 101 104 107 107 124 124 116 108 108 103 103 112 125 125 136 137 133 127 127 113 112 114 119 119 121 121 121 120 120 130 132 134 139 139 166 174 191 245 245 248 249 248 247 247 247 247 247 247 247 247 247 247 247 247 247 247 247 247 247 247 247 247 247 247 247 247 247 
247 247 247 247 247 247 247 247 247 247 247 247 247 247 247 247 247 247 247 247 247 247 247 247 247 249 249 248 245 245 199 184 174 144 144 134 130 128 121 121 107 101 100 96 96 96 96 96 100 100 96 93 93 88 88 89 89 90 102 102 105 108 108 126 126 118 109 109 103 103 113 126 126 137 138 134 128 128 114 112 115 120 120 122 122 121 120 120 130 132 134 138 138 164 172 190 245 245 248 249 249 247 247 247 247 247 247 247 247 247 247 247 247 247 247 247 247 247 247 247 247 247 247 247 247 247 
247 247 247 247 247 247 247 247 247 247 247 247 247 247 247 247 247 247 247 247 247 247 247 247 247 248 248 240 218 218 178 165 157 130 130 117 113 112 110 110 102 99 99 102 102 104 105 106 116 116 114 113 113 111 111 113 114 115 119 119 122 124 124 138 138 134 130 130 127 127 134 144 144 152 152 151 148 148 140 138 141 147 147 151 152 150 146 146 149 149 150 150 150 160 164 175 211 211 228 235 237 248 248 247 247 247 247 247 247 247 247 247 247 247 247 247 247 247 247 247 247 247 247 247 247 247 
247 247 247 247 247 247 247 247 247 247 247 247 247 247 247 247 247 247 247 247 247 247 247 248 248 247 247 229 183 183 152 142 135 113 113 97 91 92 96 96 96 96 98 110 110 114 117 119 136 136 137 138 138 140 140 144 147 147 142 142 143 144 144 154 154 155 156 156 158 158 162 167 167 171 171 172 174 174 172 172 175 181 181 189 190 186 179 179 173 172 170 165 165 156 153 157 168 168 203 217 224 250 250 248 247 247 247 247 247 247 247 247 247 247 247 247 247 247 247 247 247 247 247 247 247 247 
247 247 247 247 247 247 247 247 247 247 247 247 247 247 247 247 247 247 247 247 247 247 247 248 248 247 247 229 183 183 152 142 135 113 113 97 91 92 96 96 96 96 98 110 110 114 117 119 136 136 137 138 138 140 140 144 147 147 142 142 143 144 144 154 154 155 156 156 158 158 162 167 167 171 171 172 174 174 172 172 175 181 181 189 190 186 179 179 173 172 170 165 165 156 153 157 168 168 203 217 224 250 250 248 247 247 247 247 247 247 247 247 247 247 247 247 247 247 247 247 247 247 247 247 247 247 
247 247 247 247 247 247 247 247 247 247 247 247 247 247 247 247 247 247 247 247 248 248 248 250 250 201 189 172 128 128 126 125 119 97 97 91 88 92 107 107 124 132 135 151 151 152 152 152 154 154 154 155 154 153 153 154 155 155 154 154 153 152 152 153 153 156 159 159 168 168 170 172 172 174 174 175 176 176 177 177 180 184 184 194 196 200 208 208 209 209 207 203 203 186 181 173 149 149 169 176 190 243 243 246 248 248 247 247 247 247 247 247 247 247 247 247 247 247 247 247 247 247 247 247 247 247 
247 247 247 247 247 247 247 247 247 247 247 247 247 247 247 247 247 247 247 247 248 248 249 250 250 197 184 167 123 123 124 124 117 96 96 90 88 92 108 108 126 135 138 155 155 155 155 155 156 156 156 156 156 154 154 155 156 156 155 155 154 153 153 153 153 156 159 159 169 169 171 173 173 175 175 175 176 176 178 178 180 184 184 195 197 201 211 211 212 212 210 206 206 189 183 175 148 148 166 173 187 242 242 246 248 248 247 247 247 247 247 247 247 247 247 247 247 247 247 247 247 247 247 247 247 247 
247 247 247 247 247 247 247 247 247 247 247 247 247 247 247 247 247 247 247 247 249 249 243 232 232 172 157 145 115 115 115 115 109 93 93 94 94 99 118 118 134 141 143 155 155 154 154 154 154 154 155 155 155 154 154 155 155 155 154 154 153 153 153 152 152 154 157 157 166 166 168 171 171 173 173 174 174 174 175 176 177 181 181 190 192 196 206 206 210 211 210 208 208 197 193 185 160 160 160 161 172 217 217 236 245 245 247 247 247 247 247 247 247 247 247 247 247 247 247 247 247 247 247 247 247 247 
247 247 247 247 247 247 247 247 247 247 247 247 247 247 247 247 247 247 247 247 250 251 236 205 205 135 117 113 102 102 101 101 98 89 89 99 103 109 133 133 145 151 152 155 155 154 153 153 152 152 153 153 153 155 155 155 155 155 153 153 152 152 152 151 151 152 154 154 163 163 165 168 168 171 171 171 172 172 172 172 173 176 176 183 184 189 199 199 207 209 210 212 212 210 209 202 178 178 152 142 149 179 179 221 241 242 248 248 247 247 247 247 247 247 247 247 247 247 247 247 247 247 247 247 247 247 
247 247 247 247 247 247 247 247 247 247 247 247 247 247 247 247 247 247 247 247 250 251 236 205 205 135 117 113 102 102 101 101 98 89 89 99 103 109 133 133 145 151 152 155 155 154 153 153 152 152 153 153 153 155 155 155 155 155 153 153 152 152 152 151 151 152 154 154 163 163 165 168 168 171 171 171 172 172 172 172 173 176 176 183 184 189 199 199 207 209 210 212 212 210 209 202 178 178 152 142 149 179 179 221 241 242 248 248 247 247 247 247 247 247 247 247 247 247 247 247 247 247 247 247 247 247 
247 247 247 247 247 247 247 247 247 247 247 247 247 247 247 247 247 247 249 249 238 236 207 145 145 115 108 105 98 98 100 101 99 91 91 107 113 118 137 137 143 146 147 149 149 149 149 149 150 150 150 150 150 153 153 154 154 154 154 154 154 154 154 154 154 155 156 156 163 163 164 164 164 167 167 168 170 170 171 171 172 174 174 181 182 185 190 190 199 201 203 208 208 210 211 207 195 195 163 150 150 149 149 192 212 218 251 251 248 247 247 247 247 247 247 247 247 247 247 247 247 247 247 247 247 247 
247 247 247 247 247 247 247 247 247 247 247 247 247 247 247 247 247 248 249 249 236 234 203 137 137 113 107 104 97 97 100 101 99 92 92 109 115 120 138 138 143 146 146 148 148 149 149 149 150 150 150 150 150 153 153 154 154 154 154 154 154 154 154 154 154 155 157 157 163 163 163 164 164 167 167 168 170 170 171 171 172 174 174 181 182 184 189 189 198 200 202 208 208 210 211 208 198 198 164 151 150 145 145 188 208 215 251 251 248 247 247 247 247 247 247 247 247 247 247 247 247 247 247 247 247 247 
247 247 247 247 247 247 247 247 247 247 247 247 247 247 247 247 247 248 250 250 226 221 190 126 126 108 103 102 98 98 97 97 96 92 92 107 113 118 136 136 141 144 144 145 145 146 147 147 148 148 149 149 149 152 152 153 154 154 155 155 155 154 154 155 155 156 158 158 163 163 163 164 164 168 168 170 172 172 173 173 174 176 176 181 182 184 188 188 196 198 200 205 205 208 209 206 199 199 169 157 154 146 146 181 198 206 248 248 248 247 247 247 247 247 247 247 247 247 247 247 247 247 247 247 247 247 
247 247 247 247 247 247 247 247 247 247 247 247 247 247 247 247 247 249 252 252 207 198 169 106 106 99 97 98 101 101 93 90 91 93 93 106 111 116 134 134 138 140 140 141 141 142 143 143 144 144 146 148 148 152 152 153 154 154 157 157 156 155 155 156 156 158 160 160 163 163 164 165 165 171 171 173 176 176 176 176 177 179 179 182 183 185 188 188 193 194 195 199 199 204 205 204 201 201 177 167 163 148 148 170 180 190 244 244 247 248 248 247 247 247 247 247 247 247 247 247 247 247 247 247 247 247 
247 247 247 247 247 247 247 247 247 247 247 247 247 247 247 247 247 249 252 252 207 198 169 106 106 99 97 98 101 101 93 90 91 93 93 106 111 116 134 134 138 140 140 141 141 142 143 143 144 144 146 148 148 152 152 153 154 154 157 157 156 155 155 156 156 158 160 160 163 163 164 165 165 171 171 173 176 176 176 176 177 179 179 182 183 185 188 188 193 194 195 199 199 204 205 204 201 201 177 167 163 148 148 170 180 190 244 244 247 248 248 247 247 247 247 247 247 247 247 247 247 247 247 247 247 247 
247 247 247 247 247 247 247 247 247 247 247 247 247 247 247 247 247 248 250 250 174 159 138 92 92 95 95 99 108 108 101 99 97 91 91 101 105 110 127 127 132 135 135 134 134 134 134 135 136 136 139 141 142 149 149 153 156 156 159 159 157 157 157 156 156 159 162 162 163 163 164 166 166 174 175 179 185 185 183 183 183 183 183 188 189 190 193 193 193 193 194 195 195 199 201 201 201 201 177 168 166 160 160 166 168 176 220 220 239 249 249 247 247 247 247 247 247 247 247 247 247 247 247 247 247 247 
247 247 247 247 247 247 247 247 247 247 247 247 247 247 247 247 247 248 250 250 168 152 132 90 90 94 95 99 110 110 103 101 99 91 91 100 104 108 126 126 131 134 134 133 133 133 133 133 135 135 138 140 141 148 148 152 156 156 159 159 158 157 157 156 156 159 162 162 163 163 164 166 166 175 176 180 187 187 184 184 184 184 184 189 190 191 194 194 193 193 193 194 194 199 200 200 201 201 177 168 167 163 163 165 166 174 215 215 237 250 250 247 247 247 247 247 247 247 247 247 247 247 247 247 247 247 
247 247 247 247 247 247 247 247 247 247 247 247 247 247 247 248 248 246 245 245 155 138 123 91 91 95 96 98 106 106 102 101 99 91 91 101 104 108 124 124 129 132 132 131 131 131 131 131 132 132 135 136 136 142 142 147 151 151 156 156 155 154 154 154 154 157 161 161 162 162 163 165 165 174 175 179 186 186 183 183 182 182 182 186 187 188 191 191 191 191 191 192 192 197 198 199 201 201 179 170 169 164 164 166 167 173 205 205 233 249 249 247 247 247 247 247 247 247 247 247 247 247 247 247 247 247 
247 247 247 247 247 247 247 247 247 247 247 247 247 247 247 249 249 244 234 234 128 108 104 95 95 97 97 98 99 99 101 101 99 91 91 102 106 109 120 120 125 127 127 127 127 126 126 126 127 127 128 128 128 130 130 136 141 141 149 149 148 148 148 151 151 154 158 158 161 161 161 162 162 173 174 178 184 184 180 180 179 177 177 180 180 182 185 185 186 186 186 187 187 192 194 196 202 202 182 174 173 167 167 169 170 172 184 184 225 248 248 247 247 247 247 247 247 247 247 247 247 247 247 247 247 247 
247 247 247 247 247 247 247 247 247 247 247 247 247 247 247 249 249 244 234 234 128 108 104 95 95 97 97 98 99 99 101 101 99 91 91 102 106 109 120 120 125 127 127 127 127 126 126 126 127 127 128 128 128 130 130 136 141 141 149 149 148 148 148 151 151 154 158 158 161 161 161 162 162 173 174 178 184 184 180 180 179 177 177 180 180 182 185 185 186 186 186 187 187 192 194 196 202 202 182 174 173 167 167 169 170 172 184 184 225 248 248 247 247 247 247 247 247 247 247 247 247 247 247 247 247 247 
247 247 247 247 247 247 247 247 247 247 247 247 247 247 247 250 251 241 223 223 114 93 93 92 92 97 98 100 105 105 103 102 101 96 96 101 103 105 113 113 120 123 123 123 123 122 122 122 124 124 124 124 124 125 125 130 134 134 143 143 144 145 145 147 147 151 155 155 159 159 160 161 161 170 171 175 182 182 179 179 178 176 176 179 179 180 183 183 183 183 184 184 184 186 187 189 199 199 184 179 176 164 164 176 181 181 182 182 222 244 244 248 248 247 247 247 247 247 247 247 247 247 247 247 247 247 
247 247 247 247 247 247 247 247 247 247 247 247 247 247 247 251 251 240 220 220 111 90 90 91 91 97 98 100 106 106 104 103 102 98 98 101 102 104 111 111 118 122 122 122 122 121 121 121 123 123 123 123 123 124 124 128 132 132 142 142 144 145 145 146 146 150 155 155 159 159 160 161 161 169 170 174 181 181 179 179 178 176 176 179 179 180 183 183 183 183 183 184 184 185 185 188 198 198 185 180 177 163 163 177 184 184 181 181 221 243 244 248 248 247 247 247 247 247 247 247 247 247 247 247 247 247 
247 247 247 247 247 247 247 247 247 247 247 247 247 247 247 251 251 238 216 216 111 91 91 91 91 99 100 103 110 110 104 102 101 98 98 102 103 105 112 112 117 120 120 121 121 122 122 122 124 124 125 126 126 128 128 132 135 135 144 144 146 147 147 148 148 152 156 156 159 160 160 161 161 167 168 172 179 179 178 177 177 176 176 178 179 180 183 183 184 184 184 185 185 185 185 187 196 196 186 182 178 166 166 177 182 181 178 178 218 240 241 248 248 247 247 247 247 247 247 247 247 247 247 247 247 247 
247 247 247 247 247 247 247 247 247 247 247 247 247 247 247 251 252 235 205 205 111 93 92 91 91 104 107 111 121 121 106 101 100 98 98 104 107 108 114 114 115 115 116 120 120 123 125 125 127 127 131 133 133 138 138 141 143 143 150 150 151 152 152 154 154 156 159 159 161 161 161 161 161 162 162 166 173 173 174 174 175 176 176 178 178 180 184 184 186 186 186 186 186 185 185 187 192 192 188 186 183 173 173 176 178 177 169 169 211 234 236 249 249 248 247 247 247 247 247 247 247 247 247 247 247 247 
247 247 247 247 247 247 247 247 247 247 247 247 247 247 247 251 252 235 205 205 111 93 92 91 91 104 107 111 121 121 106 101 100 98 98 104 107 108 114 114 115 115 116 120 120 123 125 125 127 127 131 133 133 138 138 141 143 143 150 150 151 152 152 154 154 156 159 159 161 161 161 161 161 162 162 166 173 173 174 174 175 176 176 178 178 180 184 184 186 186 186 186 186 185 185 187 192 192 188 186 183 173 173 176 178 177 169 169 211 234 236 249 249 248 247 247 247 247 247 247 247 247 247 247 247 247 
247 247 247 247 247 247 247 247 247 247 247 247 247 247 247 252 253 230 189 189 106 91 91 93 93 113 118 120 125 125 110 106 104 101 101 110 114 115 119 119 117 116 116 118 118 122 124 125 133 133 137 139 139 145 145 147 148 148 154 154 155 157 157 158 158 161 164 164 164 164 164 164 164 162 162 165 169 169 173 174 175 177 177 180 181 183 188 188 190 190 189 187 187 184 183 185 190 190 192 193 190 180 180 176 175 174 170 170 204 222 226 250 250 248 247 247 247 247 247 247 247 247 247 247 247 247 
247 247 247 247 247 247 247 247 247 247 247 247 247 247 247 252 253 228 184 184 105 90 91 94 94 116 122 123 126 126 112 107 106 102 102 112 116 117 121 121 118 116 116 117 117 121 124 125 135 135 139 141 141 147 147 149 150 150 155 155 157 158 158 160 160 163 166 166 165 165 165 165 165 162 162 164 168 168 173 174 175 178 178 181 182 184 189 189 191 192 191 187 187 184 183 184 189 189 193 195 192 182 182 177 174 174 171 171 202 219 223 250 250 248 247 247 247 247 247 247 247 247 247 247 247 247 
247 247 247 247 247 247 247 247 247 247 247 247 247 247 247 252 253 227 182 182 107 92 93 95 95 115 120 121 123 123 111 107 106 103 103 113 117 118 122 122 119 118 118 117 117 121 124 125 135 135 139 141 141 147 147 148 150 150 154 154 156 157 157 160 160 163 166 166 165 165 165 165 165 162 162 164 167 167 174 175 176 177 177 181 181 183 188 188 190 191 190 187 187 185 184 185 188 188 192 194 192 185 185 179 177 176 173 173 200 216 220 250 250 248 247 247 247 247 247 247 247 247 247 247 247 247 
247 247 247 247 247 247 247 247 247 247 247 247 247 247 247 251 252 225 177 177 111 99 98 97 97 111 115 115 116 116 109 107 107 106 106 116 120 121 125 125 124 123 122 119 119 122 123 124 135 135 139 142 142 146 146 148 149 149 150 150 153 156 156 160 160 162 165 165 167 167 167 167 167 161 161 163 165 165 176 177 177 176 176 179 180 182 186 186 187 187 187 187 187 187 187 187 186 186 190 192 192 194 194 189 186 185 178 178 196 206 211 250 250 248 247 247 247 247 247 247 247 247 247 247 247 247 
247 247 247 247 247 247 247 247 247 247 247 247 247 247 247 251 252 225 177 177 111 99 98 97 97 111 115 115 116 116 109 107 107 106 106 116 120 121 125 125 124 123 122 119 119 122 123 124 135 135 139 142 142 146 146 148 149 149 150 150 153 156 156 160 160 162 165 165 167 167 167 167 167 161 161 163 165 165 176 177 177 176 176 179 180 182 186 186 187 187 187 187 187 187 187 187 186 186 190 192 192 194 194 189 186 185 178 178 196 206 211 250 250 248 247 247 247 247 247 247 247 247 247 247 247 247 
247 247 247 247 247 247 247 247 247 247 247 247 247 247 247 251 251 219 163 163 113 103 102 98 98 104 106 106 104 104 105 105 107 110 110 116 118 119 119 119 119 119 120 124 124 127 129 129 135 135 137 139 139 141 141 140 139 139 139 139 142 145 145 151 151 152 154 154 157 157 160 163 163 156 155 156 157 157 169 170 169 168 168 169 170 172 176 176 179 180 182 186 186 191 193 193 195 195 194 194 194 196 196 194 192 190 180 180 198 209 214 250 250 248 247 247 247 247 247 247 247 247 247 247 247 247 
247 247 247 247 247 247 247 247 247 247 247 247 247 247 247 251 251 217 157 157 113 105 103 98 98 102 103 102 100 100 104 105 107 112 112 116 118 118 117 117 118 118 119 126 126 129 131 131 135 135 137 138 138 139 139 137 136 136 135 135 138 141 141 147 147 148 150 150 154 154 158 162 162 154 153 153 154 154 166 168 167 165 165 166 166 168 172 172 176 177 180 186 186 193 195 196 198 198 196 195 195 197 197 196 195 193 181 181 200 210 215 250 250 248 247 247 247 247 247 247 247 247 247 247 247 247 
247 247 247 247 247 247 247 247 247 247 247 247 247 247 247 250 250 215 153 153 110 101 99 95 95 99 100 100 98 98 103 105 107 113 113 117 118 118 117 117 118 119 120 128 128 131 132 133 135 135 136 136 136 135 135 132 131 131 130 130 133 136 136 142 142 144 146 146 150 150 154 159 159 151 150 150 150 150 161 163 161 157 157 155 155 156 159 159 165 166 169 176 176 184 187 189 196 196 196 196 197 197 197 195 195 192 180 180 199 209 214 250 250 248 247 247 247 247 247 247 247 247 247 247 247 247 
247 247 247 247 247 247 247 247 247 247 247 247 247 248 248 248 248 209 139 139 96 88 86 82 82 89 91 91 90 90 102 106 108 115 115 118 119 119 118 118 122 124 126 135 135 137 138 138 138 138 134 131 130 118 118 114 110 110 112 112 114 115 115 123 123 126 130 130 133 133 139 146 146 140 139 138 137 137 142 143 136 124 124 114 112 111 109 109 120 123 127 137 137 151 155 163 187 187 199 203 202 197 197 196 195 192 176 176 196 207 212 250 250 248 247 247 247 247 247 247 247 247 247 247 247 247 
247 247 247 247 247 247 247 247 247 247 247 247 247 248 248 248 248 209 139 139 96 88 86 82 82 89 91 91 90 90 102 106 108 115 115 118 119 119 118 118 122 124 126 135 135 137 138 138 138 138 134 131 130 118 118 114 110 110 112 112 114 115 115 123 123 126 130 130 133 133 139 146 146 140 139 138 137 137 142 143 136 124 124 114 112 111 109 109 120 123 127 137 137 151 155 163 187 187 199 203 202 197 197 196 195 192 176 176 196 207 212 250 250 248 247 247 247 247 247 247 247 247 247 247 247 247 
247 247 247 247 247 247 247 247 247 247 247 247 247 248 248 246 246 204 130 130 86 78 77 76 76 85 87 89 95 95 107 111 113 118 118 120 121 121 121 121 129 132 132 133 133 122 116 115 104 104 96 90 89 79 79 77 74 74 75 75 79 82 82 97 97 103 110 110 119 119 129 140 140 135 135 132 128 128 116 114 104 86 86 67 63 61 57 57 65 67 72 85 85 98 103 112 141 141 179 194 196 201 201 201 200 196 176 176 194 205 210 250 250 248 247 247 247 247 247 247 247 247 247 247 247 247 
247 247 247 247 247 247 247 247 247 247 247 247 247 248 248 245 245 202 126 126 81 73 73 73 73 83 85 88 97 97 109 113 115 120 120 121 122 122 123 123 132 136 135 132 132 115 106 104 88 88 78 71 70 61 61 59 58 58 57 57 62 67 67 85 85 93 101 101 113 113 124 138 138 133 133 129 124 124 104 101 89 68 68 44 40 38 33 33 39 41 47 61 61 74 78 88 119 119 170 190 193 203 203 203 203 199 176 176 194 204 210 250 250 248 247 247 247 247 247 247 247 247 247 247 247 247 
247 247 247 247 247 247 247 247 247 247 247 247 247 248 248 245 245 202 125 125 80 71 72 73 73 83 85 89 98 98 110 114 115 120 120 121 122 122 123 123 130 133 131 124 124 106 96 94 80 80 71 65 64 57 57 55 54 54 53 53 58 63 63 79 79 87 96 96 110 111 123 137 137 135 135 130 123 123 100 97 87 68 68 48 44 42 39 39 46 48 53 67 67 79 83 90 115 115 163 181 185 202 202 204 204 200 176 176 193 203 209 250 250 248 247 247 247 247 247 247 247 247 247 247 247 247 
247 247 247 247 247 247 247 247 247 247 247 247 247 248 248 244 244 200 121 121 72 63 67 74 74 83 85 91 107 107 115 118 119 122 122 123 123 123 124 124 120 118 112 80 80 58 46 45 36 36 35 35 35 35 35 33 32 32 33 33 37 41 41 51 51 60 69 69 101 102 117 135 135 144 145 135 119 119 81 76 73 69 69 66 65 66 69 69 80 83 88 100 100 105 107 104 94 94 124 135 148 201 201 208 211 205 176 176 191 200 206 250 250 248 247 247 247 247 247 247 247 247 247 247 247 247 
247 247 247 247 247 247 247 247 247 247 247 247 247 248 248 244 244 200 121 121 72 63 67 74 74 83 85 91 107 107 115 118 119 122 122 123 123 123 124 124 120 118 112 80 80 58 46 45 36 36 35 35 35 35 35 33 32 32 33 33 37 41 41 51 51 60 69 69 101 102 117 135 135 144 145 135 119 119 81 76 73 69 69 66 65 66 69 69 80 83 88 100 100 105 107 104 94 94 124 135 148 201 201 208 211 205 176 176 191 200 206 250 250 248 247 247 247 247 247 247 247 247 247 247 247 247 
247 247 247 247 247 247 247 247 247 247 247 247 248 250 250 246 246 202 123 123 78 69 70 72 72 79 80 88 109 109 119 122 122 123 123 122 122 121 120 120 98 88 83 57 57 54 53 54 58 58 62 65 65 68 68 60 55 55 53 53 57 61 61 58 58 63 68 68 100 101 119 141 141 155 156 143 124 124 88 83 81 77 77 62 60 58 54 54 60 62 66 78 78 90 94 98 109 109 126 132 143 186 186 205 213 207 175 175 190 198 205 250 250 249 248 248 247 247 247 247 247 247 247 247 247 247 
247 247 247 247 247 247 247 247 247 247 247 247 249 252 252 248 247 203 124 124 81 73 72 71 71 77 78 87 110 110 121 124 124 124 124 122 121 120 118 118 86 71 67 44 44 52 57 59 71 71 78 82 82 86 86 76 68 68 64 64 69 73 73 62 62 65 68 68 100 101 120 145 145 161 162 148 127 127 92 87 85 81 81 61 57 53 46 46 49 50 54 66 66 82 87 94 118 118 127 131 140 177 177 203 215 209 175 175 190 198 204 251 251 250 249 249 247 247 247 247 247 247 247 247 247 247 
247 247 247 247 247 247 247 247 247 247 247 247 247 248 248 244 243 200 125 125 82 74 73 70 70 77 78 87 111 111 121 125 124 124 124 122 121 120 115 115 84 70 66 47 47 53 57 58 67 67 72 75 75 79 79 72 66 66 62 62 67 71 71 61 61 64 68 68 101 102 121 146 146 162 163 149 128 128 91 86 83 79 79 61 57 54 46 46 50 50 55 67 67 80 84 90 110 110 124 129 139 175 175 202 214 208 175 175 187 194 200 245 245 247 247 247 247 247 247 247 247 247 247 247 247 247 
247 247 247 247 247 247 247 247 247 247 247 247 237 222 222 216 215 184 130 130 90 82 78 68 68 78 80 91 118 118 127 130 129 125 125 124 124 117 90 90 72 64 65 68 68 61 57 55 37 37 29 24 25 33 33 45 55 55 47 47 53 58 58 54 54 61 68 68 110 112 131 155 155 171 172 158 136 136 88 81 75 63 63 59 58 56 51 51 53 53 58 72 72 64 62 61 56 56 101 118 127 165 165 197 212 206 174 174 167 163 168 203 203 223 236 237 248 248 247 247 247 247 247 247 247 247 
247 247 247 247 247 247 247 247 247 247 247 247 237 222 222 216 215 184 130 130 90 82 78 68 68 78 80 91 118 118 127 130 129 125 125 124 124 117 90 90 72 64 65 68 68 61 57 55 37 37 29 24 25 33 33 45 55 55 47 47 53 58 58 54 54 61 68 68 110 112 131 155 155 171 172 158 136 136 88 81 75 63 63 59 58 56 51 51 53 53 58 72 72 64 62 61 56 56 101 118 127 165 165 197 212 206 174 174 167 163 168 203 203 223 236 237 248 248 247 247 247 247 247 247 247 247 
247 247 247 247 247 247 247 248 250 250 227 225 193 146 146 151 151 134 104 104 80 76 73 67 67 82 86 96 123 123 126 127 127 125 125 123 122 116 92 92 78 71 68 51 51 46 43 43 45 45 45 45 46 58 58 73 84 84 73 73 67 61 61 56 56 62 68 68 113 115 131 151 151 167 168 157 141 141 104 99 92 81 81 72 70 71 73 73 87 90 96 112 112 113 114 108 93 93 97 99 109 149 149 192 211 206 181 181 164 155 156 163 163 196 217 220 250 250 248 247 247 247 247 247 247 247 
247 247 247 247 247 247 247 249 252 252 213 210 164 95 95 107 109 101 87 87 74 72 70 67 67 85 90 100 127 127 125 125 125 125 125 122 121 115 93 93 81 76 70 40 40 36 34 36 51 51 56 59 60 75 75 91 104 103 90 90 76 64 64 58 58 63 69 69 115 117 131 148 148 165 166 157 144 144 115 111 105 93 93 81 79 82 88 88 110 115 121 138 138 146 148 141 118 118 96 87 97 139 139 188 211 207 185 185 163 150 148 137 137 178 205 209 252 252 249 247 247 247 247 247 247 247 
247 247 247 247 247 247 247 249 252 252 211 207 162 93 93 106 108 101 88 88 75 73 71 67 67 86 91 101 127 127 125 124 124 124 124 121 119 114 91 91 79 74 69 41 41 39 37 39 54 54 59 62 63 76 76 91 103 102 89 89 76 65 65 60 60 65 71 71 116 118 131 147 147 164 166 157 145 145 117 113 107 96 96 84 82 84 89 89 109 114 119 135 135 143 146 140 119 119 99 91 100 139 139 187 210 206 186 186 164 152 150 137 137 177 205 208 252 252 249 247 247 247 247 247 247 247 
247 247 247 247 247 247 247 250 253 253 185 179 138 77 77 95 98 98 97 97 86 84 79 69 69 96 103 110 128 128 121 119 119 118 118 104 99 94 73 73 58 51 51 54 54 68 76 78 91 91 92 93 93 94 94 91 88 87 75 75 77 78 78 80 80 86 92 92 124 125 132 142 142 161 163 162 160 160 142 139 136 131 131 116 113 109 99 99 97 97 100 107 107 121 125 128 136 136 135 135 137 144 144 180 197 198 202 202 184 174 169 133 133 174 201 205 252 252 249 247 247 247 247 247 247 247 
247 247 247 247 247 247 247 250 253 253 185 179 138 77 77 95 98 98 97 97 86 84 79 69 69 96 103 110 128 128 121 119 119 118 118 104 99 94 73 73 58 51 51 54 54 68 76 78 91 91 92 93 93 94 94 91 88 87 75 75 77 78 78 80 80 86 92 92 124 125 132 142 142 161 163 162 160 160 142 139 136 131 131 116 113 109 99 99 97 97 100 107 107 121 125 128 136 136 135 135 137 144 144 180 197 198 202 202 184 174 169 133 133 174 201 205 252 252 249 247 247 247 247 247 247 247 
247 247 247 247 247 247 247 250 253 253 185 179 143 87 87 105 107 104 100 100 100 99 92 76 76 95 100 107 127 127 122 120 119 115 115 102 97 93 78 78 73 70 70 72 72 76 79 79 83 83 84 85 86 92 92 94 95 95 96 96 98 100 100 93 93 98 104 104 129 130 136 144 144 160 161 163 167 167 154 152 150 147 147 139 137 134 128 128 123 122 123 125 125 131 133 135 144 144 151 154 155 160 160 183 193 195 204 204 188 178 173 138 138 174 197 202 252 252 249 247 247 247 247 247 247 247 
247 247 247 247 247 247 247 250 253 253 186 180 146 95 95 112 114 110 103 103 111 112 102 81 81 94 97 105 126 126 122 121 119 113 113 101 96 93 82 82 84 85 85 86 86 83 81 80 76 76 78 79 80 91 91 97 101 101 113 113 115 117 117 104 104 108 113 113 133 134 139 146 146 159 160 165 172 172 163 162 161 159 159 157 157 155 150 150 144 142 141 140 140 139 139 142 151 151 164 169 170 173 173 185 191 193 206 206 191 182 177 142 142 174 195 200 252 252 249 247 247 247 247 247 247 247 
247 247 247 247 247 247 247 249 253 253 185 180 146 95 95 112 114 110 104 104 111 112 102 82 82 94 97 105 126 126 122 121 119 113 113 101 97 94 83 83 85 87 86 87 87 84 83 82 78 78 80 81 82 92 92 98 102 102 113 113 115 117 117 104 104 109 113 113 133 134 139 146 146 159 160 165 172 172 163 162 161 159 159 158 157 155 150 150 144 143 142 141 141 140 140 142 151 151 164 169 170 174 174 185 191 193 206 206 191 182 177 142 142 174 194 199 252 252 249 247 247 247 247 247 247 247 
247 247 247 247 247 247 247 250 253 253 179 173 145 102 102 120 123 123 122 122 113 111 106 95 95 101 102 109 126 126 121 120 119 117 117 116 115 116 118 118 123 125 124 120 120 120 120 120 122 122 127 131 131 130 130 129 129 129 129 129 122 116 116 115 115 121 128 128 140 140 146 154 154 162 163 170 180 180 175 174 171 165 165 165 165 163 160 160 160 160 161 162 162 158 157 158 162 162 178 184 186 196 196 193 191 192 199 199 189 184 180 151 151 173 187 192 252 252 249 247 247 247 247 247 247 247 
247 247 247 247 247 247 247 250 253 253 179 173 145 102 102 120 123 123 122 122 113 111 106 95 95 101 102 109 126 126 121 120 119 117 117 116 115 116 118 118 123 125 124 120 120 120 120 120 122 122 127 131 131 130 130 129 129 129 129 129 122 116 116 115 115 121 128 128 140 140 146 154 154 162 163 170 180 180 175 174 171 165 165 165 165 163 160 160 160 160 161 162 162 158 157 158 162 162 178 184 186 196 196 193 191 192 199 199 189 184 180 151 151 173 187 192 252 252 249 247 247 247 247 247 247 247 
247 247 247 247 247 247 247 250 253 253 186 181 151 106 106 121 123 120 114 114 95 91 95 103 103 113 115 117 123 123 120 119 119 120 120 118 118 120 128 128 134 137 136 133 133 134 134 134 134 134 136 138 137 131 131 130 129 129 128 128 121 115 115 112 112 118 125 125 142 142 148 154 154 161 161 168 178 178 176 176 169 155 155 148 146 149 156 156 163 165 166 167 167 165 164 165 168 168 179 183 186 199 199 198 198 197 188 188 178 172 171 159 159 182 197 201 251 251 249 247 247 247 247 247 247 247 
247 247 247 247 247 247 247 250 253 253 193 188 157 111 111 122 123 117 106 106 78 73 85 110 110 124 127 125 121 121 119 119 120 123 123 122 121 124 138 138 145 148 148 145 145 146 147 147 145 145 144 144 143 132 132 131 130 130 128 128 121 114 114 110 110 116 123 123 144 145 149 155 155 160 160 166 176 176 178 178 167 147 147 132 129 136 152 152 166 170 171 172 172 171 171 171 173 173 180 183 187 201 201 204 205 201 177 177 167 162 162 166 166 190 206 210 251 251 249 247 247 247 247 247 247 247 
247 247 247 247 247 247 247 250 253 253 193 188 157 111 111 122 123 117 106 106 78 73 85 110 110 124 127 125 121 121 119 119 120 123 123 122 121 124 138 138 145 148 148 145 145 146 147 147 145 145 144 144 143 132 132 131 130 130 128 128 121 114 114 110 110 116 123 123 144 145 149 155 155 160 160 166 176 176 178 178 167 147 147 132 129 136 152 152 166 170 171 172 172 171 171 171 173 173 180 183 187 201 201 204 205 201 177 177 167 162 162 166 166 190 206 210 251 251 249 247 247 247 247 247 247 247 
247 247 247 247 247 247 247 248 250 250 233 231 191 130 130 108 105 97 84 84 62 58 76 114 114 128 132 128 116 116 121 123 123 124 124 128 130 133 146 146 147 148 148 145 145 147 148 148 151 151 147 145 144 138 138 135 133 132 102 102 99 96 96 113 113 120 127 127 145 146 149 153 153 155 155 161 169 169 186 188 180 165 165 144 140 127 100 100 115 119 130 157 157 168 172 174 182 182 186 188 189 193 193 206 212 208 185 185 165 153 157 184 184 215 236 237 249 249 248 247 247 247 247 247 247 247 
247 247 247 247 247 247 247 248 250 250 233 231 191 130 130 108 105 97 84 84 62 58 76 114 114 128 132 128 116 116 121 123 123 124 124 128 130 133 146 146 147 148 148 145 145 147 148 148 151 151 147 145 144 138 138 135 133 132 102 102 99 96 96 113 113 120 127 127 145 146 149 153 153 155 155 161 169 169 186 188 180 165 165 144 140 127 100 100 115 119 130 157 157 168 172 174 182 182 186 188 189 193 193 206 212 208 185 185 165 153 157 184 184 215 236 237 249 249 248 247 247 247 247 247 247 247 
247 247 247 247 247 247 247 248 249 249 240 240 201 144 144 106 101 94 83 83 73 71 86 118 118 129 131 127 115 115 118 119 120 122 122 128 130 132 141 141 141 141 141 141 141 144 146 146 148 148 144 141 141 133 133 122 113 113 94 94 105 116 116 127 127 129 130 130 141 142 146 151 151 154 154 161 171 171 184 186 181 174 174 166 165 151 122 122 100 95 104 128 128 151 158 162 176 176 181 184 184 187 187 201 208 204 185 185 161 148 152 189 189 220 242 242 248 248 247 247 247 247 247 247 247 247 
247 247 247 247 247 247 247 247 247 247 249 249 213 159 159 104 96 91 83 83 86 86 98 123 123 129 131 127 115 115 115 115 116 120 120 127 130 131 136 136 135 134 135 138 138 142 144 144 145 145 141 138 137 127 127 107 92 92 86 86 113 137 137 142 142 138 134 134 137 137 143 150 150 154 154 162 173 173 182 183 183 184 184 191 192 177 146 146 84 69 77 96 96 132 143 149 170 170 176 179 179 181 181 197 204 201 186 186 158 142 148 194 194 226 248 248 247 247 247 247 247 247 247 247 247 247 
247 247 247 247 247 247 247 247 247 247 249 249 213 159 159 104 96 91 83 83 86 86 98 123 123 129 131 127 115 115 115 115 116 120 120 127 130 131 136 136 135 134 135 138 138 142 144 144 145 145 141 138 137 127 127 107 92 92 86 86 113 137 137 142 142 138 134 134 137 137 143 150 150 154 154 162 173 173 182 183 183 184 184 191 192 177 146 146 84 69 77 96 96 132 143 149 170 170 176 179 179 181 181 197 204 201 186 186 158 142 148 194 194 226 248 248 247 247 247 247 247 247 247 247 247 247 
247 247 247 247 247 247 247 247 247 247 252 253 223 178 178 104 94 92 90 90 103 106 114 130 130 131 131 128 121 121 115 113 113 115 115 118 119 119 117 117 116 116 116 118 118 121 123 123 123 123 120 119 116 90 90 78 68 69 101 101 112 121 121 120 120 114 107 107 98 97 107 119 119 132 133 137 143 143 140 140 137 131 131 134 134 138 146 146 115 107 94 61 61 87 95 103 131 131 143 148 151 163 163 182 190 191 191 191 163 147 153 198 198 229 250 250 247 247 247 247 247 247 247 247 247 247 
247 247 247 247 247 247 247 247 247 247 253 253 223 179 179 104 94 93 90 90 104 107 114 130 130 131 131 128 121 121 115 113 113 115 115 118 119 118 116 116 115 115 115 117 117 120 122 122 122 122 120 118 116 89 89 77 67 68 102 102 112 121 121 119 119 113 106 106 96 96 106 118 118 131 132 136 142 142 138 138 135 129 129 132 132 136 146 146 116 109 95 60 60 85 93 102 129 129 142 147 150 162 162 181 190 190 191 191 163 147 153 198 198 229 250 250 247 247 247 247 247 247 247 247 247 247 
247 247 247 247 247 247 247 247 247 247 252 252 227 189 189 110 100 98 94 94 106 109 115 128 128 130 131 128 122 122 117 115 115 115 115 113 113 111 106 106 107 107 107 109 109 112 114 114 114 114 108 104 102 75 75 73 71 72 92 92 93 94 94 89 89 85 80 80 77 78 88 101 101 117 118 123 130 130 125 124 120 114 114 125 127 133 146 146 128 123 108 70 70 75 76 85 113 113 131 138 141 155 155 174 183 184 189 189 168 156 161 202 202 231 250 250 247 247 247 247 247 247 247 247 247 247 
247 247 247 247 247 247 247 247 247 247 252 252 232 202 202 118 107 104 100 100 109 111 116 126 126 130 131 129 123 123 119 118 117 115 115 108 105 103 94 94 96 97 97 100 100 103 104 104 103 103 93 86 84 58 58 68 76 76 79 79 69 60 60 52 52 50 48 48 54 54 65 79 79 98 100 106 115 115 108 107 103 95 95 118 122 129 145 145 143 142 125 83 83 62 55 64 93 93 117 126 130 147 147 166 175 177 187 187 174 167 172 208 208 233 250 250 247 247 247 247 247 247 247 247 247 247 
247 247 247 247 247 247 247 247 247 247 252 252 232 202 202 118 107 104 100 100 109 111 116 126 126 130 131 129 123 123 119 118 117 115 115 108 105 103 94 94 96 97 97 100 100 103 104 104 103 103 93 86 84 58 58 68 76 76 79 79 69 60 60 52 52 50 48 48 54 54 65 79 79 98 100 106 115 115 108 107 103 95 95 118 122 129 145 145 143 142 125 83 83 62 55 64 93 93 117 126 130 147 147 166 175 177 187 187 174 167 172 208 208 233 250 250 247 247 247 247 247 247 247 247 247 247 
247 247 247 247 247 247 247 247 247 247 249 249 241 229 229 136 123 120 113 113 113 114 114 116 116 125 127 126 124 124 121 120 117 110 110 95 89 88 83 83 84 85 85 86 86 87 87 86 80 80 65 55 55 63 63 72 80 80 79 79 70 62 62 50 50 48 45 45 41 41 48 58 58 77 79 89 105 105 127 130 134 141 141 143 144 145 147 147 146 146 139 121 121 78 64 63 60 60 90 101 108 135 135 153 161 164 180 180 185 188 193 224 224 239 249 249 247 247 247 247 247 247 247 247 247 247 
247 247 247 247 247 247 247 247 247 247 249 249 242 232 232 138 125 121 114 114 114 114 114 115 115 125 127 126 124 124 121 120 118 110 110 94 88 87 82 82 83 84 84 85 85 86 86 85 78 78 62 52 53 64 64 73 80 80 79 79 70 62 62 50 50 48 45 45 40 40 47 56 56 75 77 88 104 104 129 132 137 145 145 146 146 146 147 147 147 147 141 124 124 79 65 63 57 57 87 99 106 134 134 152 160 163 180 180 186 190 194 226 226 240 249 249 247 247 247 247 247 247 247 247 247 247 
247 247 247 247 247 247 247 247 247 247 248 248 245 239 239 161 150 140 122 122 122 122 120 117 117 128 130 128 123 123 121 121 118 110 110 92 85 84 78 78 80 81 81 79 79 79 79 78 68 68 60 55 56 69 69 77 82 82 82 82 76 71 71 62 62 61 59 59 58 58 64 73 73 87 88 96 107 107 130 133 138 147 147 147 147 147 147 147 145 145 141 129 129 94 83 77 58 58 81 89 98 133 133 149 157 160 178 178 188 194 199 233 233 242 248 248 247 247 247 247 247 247 247 247 247 247 
247 247 247 247 247 247 247 247 247 247 247 247 249 251 251 196 188 169 135 135 134 134 130 121 121 133 136 132 122 122 122 122 119 110 110 89 81 79 73 73 75 76 75 71 71 70 69 67 53 53 57 59 61 78 78 82 85 85 87 87 86 85 85 81 81 81 80 80 84 84 91 99 99 105 106 109 113 113 133 136 141 149 149 149 149 148 147 147 143 142 141 138 138 117 110 98 60 60 71 75 86 132 132 146 153 157 175 175 192 201 206 243 243 246 248 248 247 247 247 247 247 247 247 247 247 247 
247 247 247 247 247 247 247 247 247 247 247 247 249 251 251 196 188 169 135 135 134 134 130 121 121 133 136 132 122 122 122 122 119 110 110 89 81 79 73 73 75 76 75 71 71 70 69 67 53 53 57 59 61 78 78 82 85 85 87 87 86 85 85 81 81 81 80 80 84 84 91 99 99 105 106 109 113 113 133 136 141 149 149 149 149 148 147 147 143 142 141 138 138 117 110 98 60 60 71 75 86 132 132 146 153 157 175 175 192 201 206 243 243 246 248 248 247 247 247 247 247 247 247 247 247 247 
247 247 247 247 247 247 247 247 247 247 247 247 248 249 249 232 230 199 143 143 121 117 139 184 184 175 173 157 117 117 122 124 120 109 109 92 85 82 70 70 74 75 74 70 70 65 63 63 61 61 66 69 70 80 80 85 88 89 94 94 96 97 97 97 97 99 101 101 105 105 111 119 119 122 122 125 128 128 138 139 141 143 143 140 139 139 140 140 139 139 139 139 139 130 127 117 88 88 83 81 91 131 131 148 156 158 164 164 173 179 186 242 242 246 248 248 247 247 247 247 247 247 247 247 247 247 
247 247 247 247 247 247 247 247 247 247 247 247 248 249 249 238 236 203 144 144 120 115 140 193 193 181 178 161 117 117 122 124 120 109 109 92 86 83 70 70 73 75 74 70 70 65 62 62 62 62 67 70 71 80 80 85 89 89 95 95 97 99 99 100 100 102 104 104 108 108 114 122 122 125 125 127 130 130 139 140 141 142 142 139 138 138 139 139 139 139 139 139 139 131 129 120 92 92 85 82 92 131 131 149 157 158 162 162 171 176 184 242 242 246 248 248 247 247 247 247 247 247 247 247 247 247 
247 247 247 247 247 247 247 247 247 247 247 247 247 248 248 241 240 212 162 162 143 140 164 214 214 191 185 166 115 115 120 122 119 108 108 94 89 85 70 70 74 76 75 73 73 67 63 63 65 65 70 72 73 81 81 84 86 86 88 88 89 90 90 89 89 89 91 91 94 94 100 108 108 114 115 117 120 120 127 128 129 130 130 125 125 120 110 110 109 109 113 124 124 122 122 116 96 96 94 93 101 132 132 153 163 167 188 188 191 193 199 244 244 246 248 247 247 247 247 247 247 247 247 247 247 247 
247 247 247 247 247 247 247 247 247 247 247 247 247 247 247 248 248 229 194 194 186 184 206 252 252 210 199 175 112 112 117 118 115 107 107 98 94 89 70 70 75 78 78 79 79 70 65 66 72 72 75 77 77 82 82 81 81 81 76 76 74 73 73 69 69 68 67 67 69 69 75 82 82 96 97 99 102 102 106 106 107 109 109 102 101 87 58 58 56 56 67 97 97 107 110 108 103 103 109 112 116 133 133 161 174 184 234 234 228 224 227 247 247 247 247 247 247 247 247 247 247 247 247 247 247 247 
247 247 247 247 247 247 247 247 247 247 247 247 247 247 247 248 248 229 194 194 186 184 206 252 252 210 199 175 112 112 117 118 115 107 107 98 94 89 70 70 75 78 78 79 79 70 65 66 72 72 75 77 77 82 82 81 81 81 76 76 74 73 73 69 69 68 67 67 69 69 75 82 82 96 97 99 102 102 106 106 107 109 109 102 101 87 58 58 56 56 67 97 97 107 110 108 103 103 109 112 116 133 133 161 174 184 234 234 228 224 227 247 247 247 247 247 247 247 247 247 247 247 247 247 247 247 
247 247 247 247 247 247 247 247 247 247 247 247 247 247 247 247 247 245 241 241 240 240 244 251 251 225 218 190 119 119 116 114 112 104 104 101 100 94 72 72 75 76 79 91 91 81 75 74 69 69 62 58 57 45 45 40 35 36 46 46 55 64 64 62 62 64 65 65 80 81 82 84 84 105 107 117 133 133 145 146 148 152 152 154 155 125 63 63 25 15 26 54 54 97 111 110 109 109 126 133 133 135 135 173 191 200 249 249 247 246 246 247 247 247 247 247 247 247 247 247 247 247 247 247 247 247 
247 247 247 247 247 247 247 247 247 247 247 247 247 247 247 247 247 248 250 250 251 251 251 251 251 228 222 194 121 121 116 114 112 104 104 102 101 95 73 73 75 76 79 94 94 83 77 76 68 68 60 54 53 38 38 32 27 28 40 40 51 62 62 61 61 63 65 65 82 83 83 84 84 107 109 121 139 139 152 154 156 160 160 164 165 133 64 64 19 8 19 46 46 95 111 111 111 111 130 137 137 136 136 175 194 203 252 252 251 250 250 247 247 247 247 247 247 247 247 247 247 247 247 247 247 247 
247 247 247 247 247 247 247 247 247 247 247 247 247 247 247 247 247 247 249 249 249 249 250 250 250 234 229 202 131 131 117 113 110 103 103 102 102 97 78 78 75 74 77 95 95 87 82 81 69 69 54 43 42 28 28 30 31 32 55 55 69 82 82 84 84 87 90 90 111 112 113 114 114 131 133 143 160 160 166 167 169 173 173 175 175 143 74 74 31 20 34 68 68 104 116 116 115 115 132 139 139 138 138 181 201 209 251 251 250 249 249 247 247 247 247 247 247 247 247 247 247 247 247 247 247 247 
247 247 247 247 247 247 247 247 247 247 247 247 247 247 247 247 247 247 247 247 247 247 247 248 248 246 246 219 151 151 121 111 109 101 101 104 105 102 90 90 76 69 74 98 98 95 94 91 71 71 41 21 20 6 6 25 40 42 86 86 107 126 126 134 134 139 145 145 173 174 176 178 178 183 183 191 204 204 197 196 198 201 201 198 197 164 95 95 57 47 66 115 115 124 127 126 123 123 137 143 143 141 141 193 217 222 250 250 248 247 247 247 247 247 247 247 247 247 247 247 247 247 247 247 247 247 
247 247 247 247 247 247 247 247 247 247 247 247 247 247 247 247 247 247 247 247 247 247 247 248 248 246 246 219 151 151 121 111 109 101 101 104 105 102 90 90 76 69 74 98 98 95 94 91 71 71 41 21 20 6 6 25 40 42 86 86 107 126 126 134 134 139 145 145 173 174 176 178 178 183 183 191 204 204 197 196 198 201 201 198 197 164 95 95 57 47 66 115 115 124 127 126 123 123 137 143 143 141 141 193 217 222 250 250 248 247 247 247 247 247 247 247 247 247 247 247 247 247 247 247 247 247 
247 247 247 247 247 247 247 247 247 247 247 247 247 247 247 247 247 247 247 247 247 247 247 247 247 250 251 233 188 188 130 112 109 101 101 97 96 98 106 106 81 70 73 91 91 99 104 101 83 83 69 59 57 27 27 44 57 59 109 109 125 140 140 150 150 156 162 162 177 178 184 193 193 190 190 194 201 201 194 193 192 190 190 167 162 142 100 100 106 108 119 148 148 130 124 126 132 132 136 137 140 151 151 206 231 234 249 249 248 247 247 247 247 247 247 247 247 247 247 247 247 247 247 247 247 247 
247 247 247 247 247 247 247 247 247 247 247 247 247 247 247 247 247 247 247 247 247 247 247 247 247 251 252 237 198 198 133 112 109 101 101 96 94 97 110 110 83 70 73 90 90 100 106 104 86 86 76 69 66 32 32 48 61 63 115 115 130 144 144 154 154 160 166 166 178 179 187 197 197 192 192 195 200 200 194 193 191 187 187 159 154 137 101 101 119 123 132 156 156 132 124 127 135 135 136 136 140 154 154 209 235 237 249 249 248 247 247 247 247 247 247 247 247 247 247 247 247 247 247 247 247 247 
247 247 247 247 247 247 247 247 247 247 247 247 247 247 247 247 247 247 247 247 247 247 247 247 247 250 251 239 209 209 140 119 114 100 100 95 92 96 109 109 86 75 76 86 86 100 108 105 87 87 82 79 77 49 49 57 62 64 101 101 115 128 128 134 134 139 144 144 160 161 169 180 180 178 178 179 181 181 175 174 173 172 172 150 146 135 111 111 128 133 139 156 156 132 124 127 136 136 135 135 140 161 161 213 238 240 248 248 247 247 247 247 247 247 247 247 247 247 247 247 247 247 247 247 247 247 
247 247 247 247 247 247 247 247 247 247 247 247 247 247 247 247 247 247 247 247 247 247 247 247 247 249 249 246 238 238 161 136 127 100 100 91 88 92 106 106 93 87 85 75 75 99 113 110 89 89 100 107 106 94 94 79 67 67 67 67 77 86 86 83 83 86 89 89 113 114 123 135 135 141 141 138 133 133 126 125 128 133 133 127 126 130 138 138 154 158 158 158 158 133 125 128 138 138 134 132 141 178 178 225 247 247 247 247 247 247 247 247 247 247 247 247 247 247 247 247 247 247 247 247 247 247 
247 247 247 247 247 247 247 247 247 247 247 247 247 247 247 247 247 247 247 247 247 247 247 247 247 249 249 246 238 238 161 136 127 100 100 91 88 92 106 106 93 87 85 75 75 99 113 110 89 89 100 107 106 94 94 79 67 67 67 67 77 86 86 83 83 86 89 89 113 114 123 135 135 141 141 138 133 133 126 125 128 133 133 127 126 130 138 138 154 158 158 158 158 133 125 128 138 138 134 132 141 178 178 225 247 247 247 247 247 247 247 247 247 247 247 247 247 247 247 247 247 247 247 247 247 247 
247 247 247 247 247 247 247 247 247 247 247 247 247 247 247 247 247 247 247 247 247 247 247 247 247 247 247 248 248 248 195 178 159 98 98 91 88 89 93 93 95 95 91 67 67 92 105 104 96 96 102 106 106 106 106 96 87 87 81 81 82 84 84 88 88 94 101 101 116 117 120 123 123 126 126 128 132 132 147 149 150 152 152 147 146 149 156 156 162 164 162 156 156 137 131 133 138 138 137 137 151 205 205 235 249 249 247 247 247 247 247 247 247 247 247 247 247 247 247 247 247 247 247 247 247 247 
247 247 247 247 247 247 247 247 247 247 247 247 247 247 247 247 247 247 247 247 247 247 247 247 247 247 247 248 252 252 206 192 169 97 97 91 88 88 89 89 95 98 93 65 65 89 103 102 98 98 103 106 106 110 110 101 94 94 85 85 84 83 83 90 90 97 105 105 117 118 119 120 120 121 121 125 132 132 154 157 157 158 158 153 152 155 162 162 165 166 163 156 156 139 133 134 138 138 139 139 154 214 214 238 250 250 247 247 247 247 247 247 247 247 247 247 247 247 247 247 247 247 247 247 247 247 
247 247 247 247 247 247 247 247 247 247 247 247 247 247 247 247 247 247 247 247 247 247 247 247 247 247 247 248 251 251 215 204 181 105 105 92 87 87 87 87 94 97 92 67 67 87 99 99 101 101 103 104 104 111 111 103 97 97 88 88 86 85 85 90 90 96 103 103 116 116 118 119 119 121 121 125 132 132 151 154 155 156 156 154 154 157 164 164 166 166 162 154 154 140 136 136 137 137 143 146 161 221 221 240 249 249 247 247 247 247 247 247 247 247 247 247 247 247 247 247 247 247 247 247 247 247 
247 247 247 247 247 247 247 247 247 247 247 247 247 247 247 247 247 247 247 247 247 247 247 247 247 247 247 248 249 249 244 243 217 133 133 98 84 84 83 83 90 93 90 75 75 81 85 88 110 110 102 97 98 113 113 110 107 107 97 97 94 92 92 89 89 93 98 98 110 111 114 118 118 120 120 124 131 131 142 144 147 151 151 160 162 165 171 171 167 166 160 146 146 144 144 142 136 136 159 168 183 244 244 247 248 248 247 247 247 247 247 247 247 247 247 247 247 247 247 247 247 247 247 247 247 247 
247 247 247 247 247 247 247 247 247 247 247 247 247 247 247 247 247 247 247 247 247 247 247 247 247 247 247 248 249 249 244 243 217 133 133 98 84 84 83 83 90 93 90 75 75 81 85 88 110 110 102 97 98 113 113 110 107 107 97 97 94 92 92 89 89 93 98 98 110 111 114 118 118 120 120 124 131 131 142 144 147 151 151 160 162 165 171 171 167 166 160 146 146 144 144 142 136 136 159 168 183 244 244 247 248 248 247 247 247 247 247 247 247 247 247 247 247 247 247 247 247 247 247 247 247 247 
247 247 247 247 247 247 247 247 247 247 247 247 247 247 247 247 247 247 247 247 247 247 247 247 247 247 247 247 247 247 249 249 235 188 188 120 93 91 81 81 84 86 85 83 83 78 76 80 111 111 100 92 93 106 106 109 111 111 103 103 99 95 95 88 88 87 86 86 93 94 99 105 105 111 112 115 119 119 132 134 139 149 149 162 165 166 169 169 162 160 157 147 147 147 147 146 144 144 189 207 215 248 248 248 247 247 247 247 247 247 247 247 247 247 247 247 247 247 247 247 247 247 247 247 247 247 
247 247 247 247 247 247 247 247 247 247 247 247 247 247 247 247 247 247 247 247 247 247 247 247 247 247 247 247 247 247 251 252 242 210 210 129 97 94 81 81 82 83 84 87 87 77 72 77 112 112 99 90 91 103 103 109 113 113 105 105 101 97 97 88 88 85 82 82 87 87 93 100 100 108 109 111 114 114 128 130 137 149 149 163 166 167 168 168 160 158 155 148 148 148 148 148 147 147 201 222 228 250 250 248 247 247 247 247 247 247 247 247 247 247 247 247 247 247 247 247 247 247 247 247 247 247 
247 247 247 247 247 247 247 247 247 247 247 247 247 247 247 247 247 247 247 247 247 247 247 247 247 247 247 247 247 247 250 251 243 218 218 142 112 106 81 81 82 82 83 87 87 77 72 76 109 109 99 93 94 100 100 107 112 112 106 106 102 99 99 89 89 86 83 83 86 87 91 98 98 107 107 110 114 114 128 130 137 150 150 163 166 166 167 167 159 158 155 150 150 148 148 150 157 157 208 228 232 249 249 248 247 247 247 247 247 247 247 247 247 247 247 247 247 247 247 247 247 247 247 247 247 247 
247 247 247 247 247 247 247 247 247 247 247 247 247 247 247 247 247 247 247 247 247 247 247 247 247 247 247 247 247 247 247 247 248 252 252 195 173 155 82 82 81 80 81 87 87 78 73 76 95 95 101 105 104 91 91 101 109 109 110 110 107 105 105 96 96 91 85 85 85 85 87 90 90 100 101 106 113 113 131 133 140 153 153 164 166 165 163 163 158 157 157 157 157 150 148 160 199 199 236 250 249 247 247 247 247 247 247 247 247 247 247 247 247 247 247 247 247 247 247 247 247 247 247 247 247 247 
247 247 247 247 247 247 247 247 247 247 247 247 247 247 247 247 247 247 247 247 247 247 247 247 247 247 247 247 247 247 247 247 248 252 252 195 173 155 82 82 81 80 81 87 87 78 73 76 95 95 101 105 104 91 91 101 109 109 110 110 107 105 105 96 96 91 85 85 85 85 87 90 90 100 101 106 113 113 131 133 140 153 153 164 166 165 163 163 158 157 157 157 157 150 148 160 199 199 236 250 249 247 247 247 247 247 247 247 247 247 247 247 247 247 247 247 247 247 247 247 247 247 247 247 247 247 
247 247 247 247 247 247 247 247 247 247 247 247 247 247 247 247 247 247 247 247 247 247 247 247 247 247 247 247 247 247 247 247 248 250 250 229 221 201 119 119 90 77 77 83 83 81 80 80 81 81 99 110 109 93 93 99 103 104 107 107 106 104 104 101 101 100 98 98 99 99 100 102 102 110 110 116 125 125 139 140 146 156 156 164 166 165 164 164 162 161 160 160 160 165 167 182 229 229 243 248 248 247 247 247 247 247 247 247 247 247 247 247 247 247 247 247 247 247 247 247 247 247 247 247 247 247 
247 247 247 247 247 247 247 247 247 247 247 247 247 247 247 247 247 247 247 247 247 247 247 247 247 247 247 247 247 247 247 247 247 249 249 245 244 222 136 136 95 75 76 81 81 83 84 83 75 75 98 113 111 94 94 98 101 101 106 106 105 104 104 103 103 104 105 105 106 106 107 108 108 114 115 121 131 131 142 144 149 158 158 165 166 165 164 164 163 163 162 161 161 172 176 192 244 244 247 248 248 247 247 247 247 247 247 247 247 247 247 247 247 247 247 247 247 247 247 247 247 247 247 247 247 247 
247 247 247 247 247 247 247 247 247 247 247 247 247 247 247 247 247 247 247 247 247 247 247 247 247 247 247 247 247 247 247 247 247 249 249 246 245 226 151 151 102 80 80 80 80 83 85 83 75 75 96 109 108 97 97 99 101 101 106 106 105 104 104 103 103 104 106 106 107 108 109 110 110 117 118 124 133 133 143 145 149 158 158 164 165 164 163 163 164 164 163 162 162 179 184 198 245 245 247 248 248 247 247 247 247 247 247 247 247 247 247 247 247 247 247 247 247 247 247 247 247 247 247 247 247 247 
247 247 247 247 247 247 247 247 247 247 247 247 247 247 247 247 247 247 247 247 247 247 247 247 247 247 247 247 247 247 247 247 247 247 247 250 251 246 228 228 145 106 101 74 74 83 88 86 75 75 85 91 93 113 113 106 101 101 105 105 104 104 104 103 103 106 110 110 116 116 119 123 123 132 133 137 144 144 149 150 153 158 158 160 160 161 162 162 167 168 169 170 170 211 224 230 250 250 248 247 247 247 247 247 247 247 247 247 247 247 247 247 247 247 247 247 247 247 247 247 247 247 247 247 247 247 
247 247 247 247 247 247 247 247 247 247 247 247 247 247 247 247 247 247 247 247 247 247 247 247 247 247 247 247 247 247 247 247 247 247 247 250 251 246 228 228 145 106 101 74 74 83 88 86 75 75 85 91 93 113 113 106 101 101 105 105 104 104 104 103 103 106 110 110 116 116 119 123 123 132 133 137 144 144 149 150 153 158 158 160 160 161 162 162 167 168 169 170 170 211 224 230 250 250 248 247 247 247 247 247 247 247 247 247 247 247 247 247 247 247 247 247 247 247 247 247 247 247 247 247 247 247 
247 247 247 247 247 247 247 247 247 247 247 247 247 247 247 247 247 247 247 247 247 247 247 247 247 247 247 247 247 247 247 247 247 247 247 248 248 247 244 244 193 169 155 82 82 83 83 82 80 80 81 81 84 111 111 108 107 107 108 108 108 107 107 107 107 111 114 114 120 120 123 126 126 134 135 138 144 144 152 153 156 160 160 157 156 159 164 164 170 171 176 190 190 228 240 242 248 248 247 247 247 247 247 247 247 247 247 247 247 247 247 247 247 247 247 247 247 247 247 247 247 247 247 247 247 247 
247 247 247 247 247 247 247 247 247 247 247 247 247 247 247 247 247 247 247 247 247 247 247 247 247 247 247 247 247 247 247 247 247 247 247 247 247 248 253 253 220 204 185 87 87 83 80 80 83 83 79 76 79 110 110 110 110 110 110 110 109 109 109 110 110 113 117 117 123 123 125 128 128 135 136 139 144 144 154 155 157 161 161 155 154 158 165 165 171 173 181 202 202 238 249 249 247 247 247 247 247 247 247 247 247 247 247 247 247 247 247 247 247 247 247 247 247 247 247 247 247 247 247 247 247 247 
247 247 247 247 247 247 247 247 247 247 247 247 247 247 247 247 247 247 247 247 247 247 247 247 247 247 247 247 247 247 247 247 247 247 247 247 247 248 252 252 223 210 192 98 98 86 79 80 82 82 78 76 78 107 107 109 110 110 111 111 110 110 110 111 111 113 117 117 122 122 124 127 127 134 135 138 143 143 153 154 156 160 160 155 154 158 165 165 172 174 183 206 206 239 249 248 247 247 247 247 247 247 247 247 247 247 247 247 247 247 247 247 247 247 247 247 247 247 247 247 247 247 247 247 247 247 
247 247 247 247 247 247 247 247 247 247 247 247 247 247 247 247 247 247 247 247 247 247 247 247 247 247 247 247 247 247 247 247 247 247 247 247 247 247 247 247 251 253 241 177 177 113 77 77 79 79 76 74 75 89 89 100 109 109 115 115 119 122 122 115 115 115 116 116 119 119 120 122 122 127 127 131 137 137 146 147 150 156 156 156 156 160 170 170 180 183 198 235 235 246 249 249 247 247 247 247 247 247 247 247 247 247 247 247 247 247 247 247 247 247 247 247 247 247 247 247 247 247 247 247 247 247 
247 247 247 247 247 247 247 247 247 247 247 247 247 247 247 247 247 247 247 247 247 247 247 247 247 247 247 247 247 247 247 247 247 247 247 247 247 247 247 247 251 253 241 177 177 113 77 77 79 79 76 74 75 89 89 100 109 109 115 115 119 122 122 115 115 115 116 116 119 119 120 122 122 127 127 131 137 137 146 147 150 156 156 156 156 160 170 170 180 183 198 235 235 246 249 249 247 247 247 247 247 247 247 247 247 247 247 247 247 247 247 247 247 247 247 247 247 247 247 247 247 247 247 247 247 247 
247 247 247 247 247 247 247 247 247 247 247 247 247 247 247 247 247 247 247 247 247 247 247 247 247 247 247 247 247 247 247 247 247 247 247 247 247 247 247 247 249 250 245 221 221 162 129 122 74 74 72 70 71 79 79 89 97 97 105 105 109 114 114 117 117 117 118 118 120 120 121 122 122 124 125 129 136 136 141 142 146 152 152 155 155 158 164 164 192 200 212 244 244 247 248 247 247 247 247 247 247 247 247 247 247 247 247 247 247 247 247 247 247 247 247 247 247 247 247 247 247 247 247 247 247 247 
247 247 247 247 247 247 247 247 247 247 247 247 247 247 247 247 247 247 247 247 247 247 247 247 247 247 247 247 247 247 247 247 247 247 247 247 247 247 247 247 248 248 248 250 250 195 164 153 70 70 69 68 68 72 72 82 89 89 98 98 104 109 109 118 118 119 120 120 121 121 121 122 122 123 123 128 135 135 139 139 143 149 149 154 155 157 160 160 201 211 222 250 250 248 247 247 247 247 247 247 247 247 247 247 247 247 247 247 247 247 247 247 247 247 247 247 247 247 247 247 247 247 247 247 247 247 
247 247 247 247 247 247 247 247 247 247 247 247 247 247 247 247 247 247 247 247 247 247 247 247 247 247 247 247 247 247 247 247 247 247 247 247 247 247 247 247 248 248 248 250 250 199 171 159 77 77 72 69 69 71 71 80 87 87 96 96 102 107 107 116 116 117 119 119 121 121 121 122 122 122 122 127 134 134 137 138 141 147 147 151 152 155 160 160 203 214 224 250 250 248 247 247 247 247 247 247 247 247 247 247 247 247 247 247 247 247 247 247 247 247 247 247 247 247 247 247 247 247 247 247 247 247 
247 247 247 247 247 247 247 247 247 247 247 247 247 247 247 247 247 247 247 247 247 247 247 247 247 247 247 247 247 247 247 247 247 247 247 247 247 247 247 247 247 247 247 249 249 249 249 238 161 161 110 76 74 57 57 61 64 64 74 74 80 85 85 96 96 101 107 107 116 116 118 121 121 118 118 120 122 122 125 125 126 127 127 124 123 137 166 166 229 245 246 248 248 247 247 247 247 247 247 247 247 247 247 247 247 247 247 247 247 247 247 247 247 247 247 247 247 247 247 247 247 247 247 247 247 247 
247 247 247 247 247 247 247 247 247 247 247 247 247 247 247 247 247 247 247 247 247 247 247 247 247 247 247 247 247 247 247 247 247 247 247 247 247 247 247 247 247 247 247 249 249 249 249 238 161 161 110 76 74 57 57 61 64 64 74 74 80 85 85 96 96 101 107 107 116 116 118 121 121 118 118 120 122 122 125 125 126 127 127 124 123 137 166 166 229 245 246 248 248 247 247 247 247 247 247 247 247 247 247 247 247 247 247 247 247 247 247 247 247 247 247 247 247 247 247 247 247 247 247 247 247 247 
247 247 247 247 247 247 247 247 247 247 247 247 247 247 247 247 247 247 247 247 247 247 247 247 247 247 247 247 247 247 247 247 247 247 247 247 247 247 247 247 247 247 247 248 248 248 248 244 211 211 176 153 149 102 102 85 71 70 65 65 67 69 69 77 77 82 88 88 99 99 102 105 105 103 103 104 106 106 106 106 107 109 109 131 135 157 204 204 239 248 248 247 247 247 247 247 247 247 247 247 247 247 247 247 247 247 247 247 247 247 247 247 247 247 247 247 247 247 247 247 247 247 247 247 247 247 
247 247 247 247 247 247 247 247 247 247 247 247 247 247 247 247 247 247 247 247 247 247 247 247 247 247 247 247 247 247 247 247 247 247 247 247 247 247 247 247 247 247 247 247 247 248 248 248 250 250 228 213 207 138 138 103 76 75 58 58 57 56 56 63 63 68 73 73 85 86 89 93 93 91 91 92 93 93 92 92 93 95 95 137 145 173 234 234 247 250 249 247 247 247 247 247 247 247 247 247 247 247 247 247 247 247 247 247 247 247 247 247 247 247 247 247 247 247 247 247 247 247 247 247 247 247 
247 247 247 247 247 247 247 247 247 247 247 247 247 247 247 247 247 247 247 247 247 247 247 247 247 247 247 247 247 247 247 247 247 247 247 247 247 247 247 247 247 247 247 247 247 247 248 248 250 250 229 214 209 142 142 109 82 81 63 63 62 60 60 64 64 68 73 73 84 85 88 92 92 90 90 91 92 92 93 93 95 98 98 141 149 176 235 235 247 250 249 247 247 247 247 247 247 247 247 247 247 247 247 247 247 247 247 247 247 247 247 247 247 247 247 247 247 247 247 247 247 247 247 247 247 247 
247 247 247 247 247 247 247 247 247 247 247 247 247 247 247 247 247 247 247 247 247 247 247 247 247 247 247 247 247 247 247 247 247 247 247 247 247 247 247 247 247 247 247 247 247 247 247 247 247 247 250 252 252 251 251 239 230 229 198 198 175 154 154 99 99 82 63 63 56 56 59 62 62 63 63 67 74 74 108 113 138 183 183 233 242 245 250 250 248 247 247 247 247 247 247 247 247 247 247 247 247 247 247 247 247 247 247 247 247 247 247 247 247 247 247 247 247 247 247 247 247 247 247 247 247 247 
247 247 247 247 247 247 247 247 247 247 247 247 247 247 247 247 247 247 247 247 247 247 247 247 247 247 247 247 247 247 247 247 247 247 247 247 247 247 247 247 247 247 247 247 247 247 247 247 247 247 250 252 252 251 251 239 230 229 198 198 175 154 154 99 99 82 63 63 56 56 59 62 62 63 63 67 74 74 108 113 138 183 183 233 242 245 250 250 248 247 247 247 247 247 247 247 247 247 247 247 247 247 247 247 247 247 247 247 247 247 247 247 247 247 247 247 247 247 247 247 247 247 247 247 247 247 
247 247 247 247 247 247 247 247 247 247 247 247 247 247 247 247 247 247 247 247 247 247 247 247 247 247 247 247 247 247 247 247 247 247 247 247 247 247 247 247 247 247 247 247 247 247 247 247 247 247 248 249 249 249 249 244 240 240 227 227 216 206 206 175 175 160 145 145 133 132 132 132 132 135 135 141 150 150 178 181 195 219 219 241 245 246 248 248 247 247 247 247 247 247 247 247 247 247 247 247 247 247 247 247 247 247 247 247 247 247 247 247 247 247 247 247 247 247 247 247 247 247 247 247 247 247 
247 247 247 247 247 247 247 247 247 247 247 247 247 247 247 247 247 247 247 247 247 247 247 247 247 247 247 247 247 247 247 247 247 247 247 247 247 247 247 247 247 247 247 247 247 247 247 247 247 247 247 247 247 247 247 249 250 250 253 253 254 254 254 245 245 233 221 221 204 203 200 197 197 202 202 210 221 221 242 245 248 252 252 249 248 248 247 247 247 247 247 247 247 247 247 247 247 247 247 247 247 247 247 247 247 247 247 247 247 247 247 247 247 247 247 247 247 247 247 247 247 247 247 247 247 247 
247 247 247 247 247 247 247 247 247 247 247 247 247 247 247 247 247 247 247 247 247 247 247 247 247 247 247 247 247 247 247 247 247 247 247 247 247 247 247 247 247 247 247 247 247 247 247 247 247 247 247 247 247 247 247 249 250 250 253 253 254 254 254 245 245 233 221 221 204 203 200 197 197 202 202 210 221 221 242 245 248 252 252 249 248 248 247 247 247 247 247 247 247 247 247 247 247 247 247 247 247 247 247 247 247 247 247 247 247 247 247 247 247 247 247 247 247 247 247 247 247 247 247 247 247 247 
