247 247 247 247 247 247 247 247 247 247 247 247 247 248 249 247 208 165 146 130 124 122 118 119 107 95 89 84 84 89 95 94 93 101 108 106 109 121 138 150 162 224 247 248 247 247 247 247 247 247 247 247 247 247 247 247 247 
247 247 247 247 247 247 247 247 247 247 247 247 248 248 238 203 160 150 131 117 113 110 104 101 97 81 85 86 85 86 91 95 102 111 113 106 103 105 112 133 148 172 222 244 248 247 247 247 247 247 247 247 247 247 247 247 247 
247 247 247 247 247 247 247 247 247 247 247 248 247 232 193 158 136 129 112 103 100 100 99 94 90 86 95 100 108 110 103 102 119 130 125 114 112 115 118 124 136 145 180 227 247 248 247 247 247 247 247 247 247 247 247 247 247 
247 247 247 247 247 247 247 247 247 247 247 248 230 193 153 125 107 106 100 102 106 112 120 119 118 122 125 127 135 140 136 136 150 157 155 149 151 157 160 154 155 154 160 188 217 238 248 247 247 247 247 247 247 247 247 247 247 
247 247 247 247 247 247 247 247 247 247 248 231 190 149 129 105 89 100 110 123 131 137 145 146 146 151 148 148 151 155 158 163 170 172 174 175 178 186 193 193 190 183 169 161 180 217 247 247 247 247 247 247 247 247 247 247 247 
247 247 247 247 247 247 247 247 247 249 240 193 142 117 113 94 92 113 134 149 155 155 155 155 154 155 155 153 152 154 160 167 171 173 175 176 179 186 196 208 211 208 194 168 161 187 229 246 247 247 247 247 247 247 247 247 247 
247 247 247 247 247 247 247 247 247 248 208 147 109 101 99 90 105 131 146 152 153 152 152 153 155 155 153 152 152 152 156 163 167 170 171 172 174 179 187 198 208 211 209 190 161 155 190 237 248 247 247 247 247 247 247 247 247 
247 247 247 247 247 247 247 247 249 235 161 119 102 98 99 93 115 135 144 147 148 149 150 150 153 154 154 154 154 155 158 163 164 167 170 171 173 177 184 190 200 207 210 202 173 149 161 213 251 247 247 247 247 247 247 247 247 
247 247 247 247 247 247 247 247 252 204 130 101 99 97 91 94 111 132 139 141 142 143 145 148 152 154 156 156 156 157 161 163 165 171 175 176 178 181 184 189 194 199 204 202 183 159 156 188 244 248 247 247 247 247 247 247 247 
247 247 247 247 247 247 247 247 250 169 109 94 101 106 98 92 105 125 133 134 134 135 137 141 148 155 158 157 156 158 162 163 166 175 184 184 183 185 190 193 193 194 199 201 183 165 163 174 218 249 247 247 247 247 247 247 247 
247 247 247 247 247 247 247 248 238 134 100 95 99 102 99 92 105 120 127 129 128 128 129 131 134 144 150 151 151 155 159 161 163 174 183 182 180 180 184 187 188 189 194 200 186 170 167 172 192 247 247 247 247 247 247 247 247 
247 247 247 247 247 247 247 249 226 112 94 95 100 103 101 95 103 113 122 124 123 124 125 125 126 135 143 146 147 151 157 160 161 171 180 180 178 177 180 184 184 185 188 196 187 172 168 179 182 244 247 247 247 247 247 247 247 
247 247 247 247 247 247 247 250 213 106 91 98 107 109 101 98 104 111 117 120 122 123 125 128 130 136 144 147 149 152 157 160 161 166 175 177 176 177 180 183 184 185 185 192 188 177 171 180 175 238 247 247 247 247 247 247 247 
247 247 247 247 247 247 248 251 198 105 92 104 117 116 102 100 110 116 115 118 122 126 131 136 141 145 150 153 155 158 161 162 162 162 169 173 175 177 181 186 188 186 185 189 190 183 176 176 169 228 246 248 247 247 247 247 247 
247 247 247 247 247 247 248 251 183 103 94 110 122 119 106 103 117 121 118 117 120 127 136 141 147 150 153 156 159 162 166 165 165 162 166 172 176 179 183 189 191 187 184 187 192 190 182 176 172 216 245 248 247 247 247 247 247 
247 247 247 247 247 247 248 250 176 108 97 107 115 113 107 107 120 124 123 120 121 127 136 142 146 148 149 153 157 161 165 166 167 161 164 172 176 177 181 185 187 187 187 187 189 193 192 185 178 205 243 248 247 247 247 247 247 
247 247 247 247 247 247 248 249 157 111 100 101 102 102 106 112 118 117 118 123 128 132 136 138 139 136 135 139 144 148 151 155 162 154 154 163 166 165 167 173 177 186 193 197 196 196 196 193 181 209 244 248 247 247 247 247 247 
247 247 247 247 247 247 248 246 141 96 85 89 91 96 107 115 119 118 122 130 136 137 136 131 120 113 114 116 121 128 133 136 147 141 139 143 136 124 117 117 128 141 156 179 196 200 196 193 176 206 243 248 247 247 247 247 247 
247 247 247 247 247 247 248 243 129 83 75 82 91 100 113 119 121 122 130 133 124 109 97 85 75 71 70 75 86 99 110 119 140 135 129 116 95 72 56 52 61 78 93 123 166 196 201 198 176 204 243 248 247 247 247 247 247 
247 247 247 247 247 247 247 242 123 73 72 80 93 107 117 121 123 123 124 109 85 64 54 48 45 42 42 48 57 70 87 108 136 140 125 97 77 64 55 56 67 84 94 101 132 174 203 204 176 201 242 248 247 247 247 247 247 
247 247 247 247 247 248 249 243 122 74 71 78 94 112 121 123 122 121 101 75 57 52 54 57 59 50 48 53 56 61 76 104 140 152 129 95 78 70 60 59 67 83 95 103 120 155 195 208 175 199 242 249 247 247 247 247 247 
247 247 247 247 247 245 241 234 126 82 71 75 94 117 126 124 122 110 78 58 54 58 60 63 68 64 59 64 64 62 76 108 148 164 137 100 80 68 55 48 51 67 76 91 113 145 183 209 175 186 227 242 246 247 247 247 247 
247 247 247 248 244 227 196 192 121 85 71 76 99 123 128 125 123 94 72 64 57 48 38 32 41 63 57 58 57 59 78 116 153 170 144 104 78 66 61 59 65 84 80 72 92 131 173 207 176 161 185 218 240 248 247 247 247 
247 247 247 250 232 174 96 108 88 74 68 81 107 126 124 124 119 95 79 53 39 42 55 62 76 101 92 73 62 63 81 120 148 165 149 124 104 90 83 91 114 135 145 128 103 110 157 207 186 152 139 184 231 250 247 247 247 
247 247 247 250 220 148 80 98 97 86 73 89 114 125 119 117 99 76 56 53 65 81 91 93 94 88 78 77 79 84 99 126 142 162 161 146 135 124 110 99 97 107 122 132 135 139 158 198 202 175 140 181 230 250 247 247 247 
247 247 247 250 221 154 96 112 103 109 88 90 111 124 119 113 96 83 82 83 82 79 78 81 91 99 108 112 108 105 116 134 146 159 169 164 158 155 152 145 138 137 138 146 159 168 176 193 206 182 148 179 227 250 247 247 247 
247 247 247 250 218 152 104 121 118 112 97 97 112 124 119 116 111 110 115 114 112 111 113 120 121 123 125 119 114 117 128 140 152 162 175 174 167 163 162 158 156 157 154 157 171 185 191 192 200 184 154 177 224 250 247 247 247 
247 247 247 250 222 160 110 123 112 90 100 112 120 122 119 121 119 129 137 137 136 137 137 139 131 130 128 119 113 116 129 144 154 160 174 177 164 149 145 156 166 168 166 168 177 190 199 198 185 170 162 187 228 249 247 247 247 
247 247 247 249 233 183 119 114 95 69 100 122 124 119 121 123 126 140 147 146 146 148 147 144 135 132 118 109 108 116 129 146 154 157 169 179 169 148 132 128 145 163 170 175 182 190 200 205 181 158 172 207 237 249 247 247 247 
247 247 247 248 244 208 134 101 84 70 104 126 124 117 120 123 130 141 143 143 144 147 147 142 134 119 101 105 117 126 132 143 152 154 167 181 179 167 148 115 101 134 157 172 181 186 194 206 185 150 181 224 245 248 247 247 247 
247 247 247 247 248 224 152 95 84 90 116 128 124 116 115 119 127 131 130 132 136 139 138 133 119 89 89 118 135 133 128 129 143 149 163 171 172 174 171 139 78 88 124 152 167 174 183 199 187 144 187 232 247 247 247 247 247 
247 247 247 247 249 231 167 95 91 105 124 130 126 118 114 115 118 114 114 115 118 120 119 114 86 69 93 110 115 109 99 94 115 128 138 137 131 128 135 142 112 64 85 114 136 151 168 189 190 149 191 235 248 247 247 247 247 
247 247 247 247 249 237 187 107 100 110 122 129 127 121 117 115 105 95 96 99 102 104 100 84 58 75 78 67 56 51 49 56 79 99 112 110 101 105 128 145 142 85 60 81 111 134 154 176 187 167 201 237 248 247 247 247 247 
247 247 247 247 248 243 213 124 113 114 115 122 126 123 118 109 89 83 84 85 86 84 74 55 63 78 79 68 56 48 44 42 57 77 99 122 136 143 145 147 147 122 75 61 81 114 142 163 180 188 219 242 248 247 247 247 247 
247 247 247 247 247 247 236 174 131 130 122 128 129 122 119 109 82 76 77 75 73 67 58 59 75 83 85 82 77 74 73 76 90 99 109 127 142 148 148 146 143 135 107 73 70 101 138 157 176 198 233 245 247 247 247 247 247 
247 247 247 247 247 248 245 218 141 124 156 165 143 120 121 108 84 72 74 72 67 62 60 67 79 87 91 93 94 94 96 101 114 118 123 134 142 143 142 142 140 139 125 94 80 100 137 157 166 184 233 246 247 247 247 247 247 
247 247 247 247 247 247 247 241 170 153 205 203 154 116 118 107 90 72 75 75 69 65 68 74 81 84 85 85 85 84 85 89 101 110 114 120 123 122 113 97 96 116 119 104 98 111 141 170 199 201 238 246 247 247 247 247 247 
247 247 247 247 247 247 247 247 215 210 241 225 165 116 114 105 97 74 76 82 77 70 70 68 65 61 62 66 67 66 68 75 83 100 113 121 126 127 109 58 38 76 104 107 114 126 146 189 241 234 245 247 247 247 247 247 247 
247 247 247 247 247 247 247 247 249 250 250 237 182 123 111 103 102 79 75 87 88 77 64 45 30 30 46 68 78 80 89 105 107 125 149 161 167 171 148 66 17 61 105 114 127 138 153 206 251 249 247 247 247 247 247 247 247 
247 247 247 247 247 247 247 247 247 247 247 247 205 141 109 101 104 93 74 86 96 87 63 25 8 39 79 114 132 140 153 175 180 183 200 198 198 197 169 91 55 116 125 125 134 142 162 222 250 247 247 247 247 247 247 247 247 
247 247 247 247 247 247 247 247 247 247 247 250 227 170 110 101 94 108 80 82 98 99 83 67 32 59 103 134 149 158 169 180 197 192 198 195 190 174 141 103 123 155 130 131 136 143 175 237 249 247 247 247 247 247 247 247 247 
247 247 247 247 247 247 247 247 247 247 247 248 243 204 129 100 88 104 91 80 93 104 92 104 91 69 68 81 87 88 97 118 137 143 137 130 131 132 129 138 156 158 131 134 135 150 195 246 247 247 247 247 247 247 247 247 247 
247 247 247 247 247 247 247 247 247 247 247 247 248 228 167 97 88 92 95 78 85 102 98 106 107 90 83 83 86 93 105 118 123 124 131 145 152 151 150 158 164 156 136 136 138 166 218 249 247 247 247 247 247 247 247 247 247 
247 247 247 247 247 247 247 247 247 247 247 247 248 242 208 120 85 85 92 80 81 96 105 100 112 103 95 91 89 93 103 114 119 120 129 142 151 155 161 168 166 150 142 138 149 189 238 248 247 247 247 247 247 247 247 247 247 
247 247 247 247 247 247 247 247 247 247 247 247 247 248 235 171 91 83 86 84 80 89 107 94 107 110 103 97 91 89 91 99 108 114 120 131 143 155 165 168 162 148 146 143 172 217 247 247 247 247 247 247 247 247 247 247 247 
247 247 247 247 247 247 247 247 247 247 247 247 247 248 246 223 127 86 82 85 80 83 103 96 98 110 108 102 96 88 84 87 96 105 112 125 141 156 166 165 158 152 149 161 203 239 248 247 247 247 247 247 247 247 247 247 247 
247 247 247 247 247 247 247 247 247 247 247 247 247 247 248 249 191 105 83 83 81 81 93 106 92 106 108 106 101 95 90 91 95 104 115 130 145 159 165 163 158 158 156 193 231 248 247 247 247 247 247 247 247 247 247 247 247 
247 247 247 247 247 247 247 247 247 247 247 247 247 247 247 248 245 157 95 80 82 81 82 109 96 100 105 105 103 104 106 107 110 117 129 141 152 161 165 164 163 162 178 225 246 247 247 247 247 247 247 247 247 247 247 247 247 
247 247 247 247 247 247 247 247 247 247 247 247 247 247 247 247 251 230 135 86 81 84 78 92 113 102 104 104 104 106 111 117 123 132 142 148 154 159 160 163 168 170 214 242 248 247 247 247 247 247 247 247 247 247 247 247 247 
247 247 247 247 247 247 247 247 247 247 247 247 247 247 247 247 247 252 214 130 83 81 81 78 110 110 110 109 109 112 118 123 128 135 142 151 158 158 157 166 173 200 240 247 247 247 247 247 247 247 247 247 247 247 247 247 247 
247 247 247 247 247 247 247 247 247 247 247 247 247 247 247 247 247 248 246 194 122 78 79 75 92 108 113 118 117 115 117 120 123 128 136 145 153 156 159 170 181 228 246 247 247 247 247 247 247 247 247 247 247 247 247 247 247 
247 247 247 247 247 247 247 247 247 247 247 247 247 247 247 247 247 247 249 236 185 116 72 70 77 93 101 109 115 118 119 120 122 124 133 139 146 153 157 167 202 244 247 247 247 247 247 247 247 247 247 247 247 247 247 247 247 
247 247 247 247 247 247 247 247 247 247 247 247 247 247 247 247 247 247 247 249 231 181 111 72 63 74 82 91 100 108 114 118 121 120 126 130 134 137 143 170 230 248 247 247 247 247 247 247 247 247 247 247 247 247 247 247 247 
247 247 247 247 247 247 247 247 247 247 247 247 247 247 247 247 247 247 247 247 248 231 185 131 91 71 68 71 77 86 95 104 109 107 109 111 112 121 147 200 247 248 247 247 247 247 247 247 247 247 247 247 247 247 247 247 247 
247 247 247 247 247 247 247 247 247 247 247 247 247 247 247 247 247 247 247 247 247 248 244 220 169 123 102 88 78 72 72 78 84 83 87 94 109 139 188 239 249 247 247 247 247 247 247 247 247 247 247 247 247 247 247 247 247 
247 247 247 247 247 247 247 247 247 247 247 247 247 247 247 247 247 247 247 247 247 247 248 251 250 234 212 182 144 107 83 77 81 82 92 119 163 212 244 249 247 247 247 247 247 247 247 247 247 247 247 247 247 247 247 247 247 
247 247 247 247 247 247 247 247 247 247 247 247 247 247 247 247 247 247 247 247 247 247 247 247 247 250 252 254 250 236 217 203 197 202 217 237 249 250 248 247 247 247 247 247 247 247 247 247 247 247 247 247 247 247 247 247 247 
