247 247 247 247 247 247 247 247 247 247 247 247 247 247 247 247 247 247 247 247 247 247 247 247 247 247 247 247 247 247 247 247 247 247 247 247 247 249 249 249 249 249 249 213 208 208 170 160 160 146 141 141 130 124 124 124 124 124 121 118 118 119 120 120 116 107 107 104 94 94 93 87 87 87 82 82 82 86 86 86 94 95 95 94 94 94 93 93 93 99 102 102 106 109 109 107 105 105 109 113 113 121 134 134 138 149 149 152 162 162 170 227 227 228 251 251 251 247 247 247 247 247 247 247 247 247 247 247 247 247 247 247 247 247 247 247 247 247 247 247 247 247 247 247 247 247 247 247 247 247 247 247 247 247 
247 247 247 247 247 247 247 247 247 247 247 247 247 247 247 247 247 247 247 247 247 247 247 247 247 247 247 247 247 247 247 247 247 247 247 247 247 249 249 249 249 249 249 213 208 208 170 160 160 146 141 141 130 124 124 124 124 124 121 118 118 119 120 120 116 107 107 104 94 94 93 87 87 87 82 82 82 86 86 86 94 95 95 94 94 94 93 93 93 99 102 102 106 109 109 107 105 105 109 113 113 121 134 134 138 149 149 152 162 162 170 227 227 228 251 251 251 247 247 247 247 247 247 247 247 247 247 247 247 247 247 247 247 247 247 247 247 247 247 247 247 247 247 247 247 247 247 247 247 247 247 247 247 247 
247 247 247 247 247 247 247 247 247 247 247 247 247 247 247 247 247 247 247 247 247 247 247 247 247 247 247 247 247 247 247 247 247 247 247 247 247 249 249 249 249 249 249 213 208 208 170 160 160 146 141 141 130 124 124 124 124 124 121 118 118 119 120 120 116 107 107 104 94 94 93 87 87 87 82 82 82 86 86 86 94 95 95 94 94 94 93 93 93 99 102 102 106 109 109 107 105 105 109 113 113 121 134 134 138 149 149 152 162 162 170 227 227 228 251 251 251 247 247 247 247 247 247 247 247 247 247 247 247 247 247 247 247 247 247 247 247 247 247 247 247 247 247 247 247 247 247 247 247 247 247 247 247 247 
247 247 247 247 247 247 247 247 247 247 247 247 247 247 247 247 247 247 247 247 247 247 247 247 247 247 247 247 247 247 247 247 247 247 249 249 249 245 245 245 204 202 202 162 156 156 150 148 148 131 124 124 116 111 111 112 113 113 108 103 103 102 101 101 99 97 97 92 78 78 80 87 87 87 86 86 86 84 84 84 89 89 89 94 95 95 100 102 102 109 113 113 113 113 113 108 102 102 103 104 104 104 103 103 111 130 130 133 147 147 150 169 169 172 232 232 232 248 249 249 247 247 247 247 247 247 247 247 247 247 247 247 247 247 247 247 247 247 247 247 247 247 247 247 247 247 247 247 247 247 247 247 247 247 
247 247 247 247 247 247 247 247 247 247 247 247 247 247 247 247 247 247 247 247 247 247 247 247 247 247 247 247 247 247 247 247 247 247 249 249 249 245 245 245 200 198 198 158 152 152 148 147 147 130 123 123 115 110 110 111 112 112 107 102 102 101 99 99 98 96 96 91 77 77 79 87 87 87 86 86 86 84 84 84 89 89 89 94 95 95 101 103 103 110 114 114 114 114 114 108 102 102 102 103 103 102 101 101 109 128 128 132 146 146 148 164 164 167 230 230 230 248 249 249 247 247 247 247 247 247 247 247 247 247 247 247 247 247 247 247 247 247 247 247 247 247 247 247 247 247 247 247 247 247 247 247 247 247 
247 247 247 247 247 247 247 247 247 247 247 247 247 247 247 247 247 247 247 247 247 247 247 247 247 247 247 247 247 247 247 247 247 247 249 249 249 245 245 245 200 198 198 158 152 152 148 147 147 130 123 123 115 110 110 111 112 112 107 102 102 101 99 99 98 96 96 91 77 77 79 87 87 87 86 86 86 84 84 84 89 89 89 94 95 95 101 103 103 110 114 114 114 114 114 108 102 102 102 103 103 102 101 101 109 128 128 132 146 146 148 164 164 167 230 230 230 248 249 249 247 247 247 247 247 247 247 247 247 247 247 247 247 247 247 247 247 247 247 247 247 247 247 247 247 247 247 247 247 247 247 247 247 247 
247 247 247 247 247 247 247 247 247 247 247 247 247 247 247 247 247 247 247 247 247 247 247 247 247 247 247 247 247 247 247 249 249 248 246 246 243 194 194 194 154 152 152 136 133 133 127 125 125 110 104 104 100 98 98 98 98 98 99 100 100 98 94 94 92 89 89 89 87 87 89 99 99 100 104 104 104 119 119 119 107 106 106 102 102 102 117 122 122 130 134 134 129 126 126 118 110 110 113 117 117 118 118 118 119 121 121 124 134 134 135 142 142 144 181 181 181 243 246 246 248 249 249 247 247 247 247 247 247 247 247 247 247 247 247 247 247 247 247 247 247 247 247 247 247 247 247 247 247 247 247 247 247 247 
247 247 247 247 247 247 247 247 247 247 247 247 247 247 247 247 247 247 247 247 247 247 247 247 247 247 247 247 247 247 247 249 249 249 245 245 243 184 184 184 146 144 144 132 130 130 123 121 121 107 101 101 98 96 96 96 96 96 98 100 100 97 93 93 91 88 88 88 89 89 91 102 102 102 108 108 108 126 126 126 110 109 109 104 103 103 120 126 126 134 138 138 132 128 128 120 112 112 116 120 120 121 122 122 121 120 120 122 132 132 133 138 138 139 172 172 172 242 245 245 249 249 249 247 247 247 247 247 247 247 247 247 247 247 247 247 247 247 247 247 247 247 247 247 247 247 247 247 247 247 247 247 247 247 
247 247 247 247 247 247 247 247 247 247 247 247 247 247 247 247 247 247 247 247 247 247 247 247 247 247 247 247 247 247 247 249 249 249 245 245 243 184 184 184 146 144 144 132 130 130 123 121 121 107 101 101 98 96 96 96 96 96 98 100 100 97 93 93 91 88 88 88 89 89 91 102 102 102 108 108 108 126 126 126 110 109 109 104 103 103 120 126 126 134 138 138 132 128 128 120 112 112 116 120 120 121 122 122 121 120 120 122 132 132 133 138 138 139 172 172 172 242 245 245 249 249 249 247 247 247 247 247 247 247 247 247 247 247 247 247 247 247 247 247 247 247 247 247 247 247 247 247 247 247 247 247 247 247 
247 247 247 247 247 247 247 247 247 247 247 247 247 247 247 247 247 247 247 247 247 247 247 247 247 247 247 247 248 248 248 247 247 241 198 198 196 152 152 152 121 120 120 103 100 100 102 102 102 98 97 97 103 107 107 110 112 112 119 127 127 127 127 127 127 127 127 129 133 133 133 132 132 133 135 135 135 147 147 147 145 145 145 145 145 145 154 157 157 161 163 163 163 163 163 160 157 157 161 166 166 169 174 174 171 165 165 164 162 162 162 158 158 158 157 157 157 185 186 186 220 225 225 244 249 249 248 247 247 247 247 247 247 247 247 247 247 247 247 247 247 247 247 247 247 247 247 247 247 247 247 247 247 247 
247 247 247 247 247 247 247 247 247 247 247 247 247 247 247 247 247 247 247 247 247 247 247 247 247 247 247 247 248 248 248 247 247 239 183 183 181 142 142 142 114 113 113 94 91 91 95 96 96 96 96 96 105 110 110 114 117 117 126 136 136 137 138 138 139 140 140 142 147 147 146 142 142 142 144 144 144 154 154 154 156 156 156 158 158 158 165 167 167 170 171 171 173 174 174 173 172 172 176 181 181 184 190 190 187 179 179 178 172 172 171 165 165 165 153 153 153 167 168 168 211 217 217 243 250 250 248 247 247 247 247 247 247 247 247 247 247 247 247 247 247 247 247 247 247 247 247 247 247 247 247 247 247 247 
247 247 247 247 247 247 247 247 247 247 247 247 247 247 247 247 247 247 247 247 247 247 247 247 247 247 247 247 248 248 248 247 247 239 183 183 181 142 142 142 114 113 113 94 91 91 95 96 96 96 96 96 105 110 110 114 117 117 126 136 136 137 138 138 139 140 140 142 147 147 146 142 142 142 144 144 144 154 154 154 156 156 156 158 158 158 165 167 167 170 171 171 173 174 174 173 172 172 176 181 181 184 190 190 187 179 179 178 172 172 171 165 165 165 153 153 153 167 168 168 211 217 217 243 250 250 248 247 247 247 247 247 247 247 247 247 247 247 247 247 247 247 247 247 247 247 247 247 247 247 247 247 247 247 
247 247 247 247 247 247 247 247 247 247 247 247 247 247 247 247 247 247 247 247 247 247 247 247 247 247 247 248 249 249 240 204 204 197 142 142 142 130 130 130 103 101 101 90 89 89 101 104 104 117 122 122 134 140 140 142 143 143 146 149 149 150 150 150 150 149 149 150 153 153 153 151 151 151 150 150 150 153 153 153 158 158 158 164 165 165 170 171 171 173 174 174 175 175 175 176 176 176 179 183 183 187 195 195 196 201 201 200 199 199 198 193 193 192 173 173 173 155 154 154 183 187 187 233 244 244 247 247 247 247 247 247 247 247 247 247 247 247 247 247 247 247 247 247 247 247 247 247 247 247 247 247 247 247 
247 247 247 247 247 247 247 247 247 247 247 247 247 247 247 247 247 247 247 247 247 247 247 247 247 248 248 249 250 250 237 184 184 177 123 123 123 124 124 124 97 96 96 89 88 88 104 108 108 127 135 135 148 155 155 155 155 155 155 156 156 156 156 156 155 154 154 154 156 156 156 155 155 155 153 153 153 153 153 153 159 159 159 167 169 169 172 173 173 174 175 175 176 176 176 177 178 178 181 184 184 189 197 197 201 211 211 211 212 212 211 206 206 205 183 183 183 149 148 148 170 173 173 228 242 242 246 248 248 247 247 247 247 247 247 247 247 247 247 247 247 247 247 247 247 247 247 247 247 247 247 247 247 247 
247 247 247 247 247 247 247 247 247 247 247 247 247 247 247 247 247 247 247 247 247 247 247 247 247 248 248 249 250 250 237 184 184 177 123 123 123 124 124 124 97 96 96 89 88 88 104 108 108 127 135 135 148 155 155 155 155 155 155 156 156 156 156 156 155 154 154 154 156 156 156 155 155 155 153 153 153 153 153 153 159 159 159 167 169 169 172 173 173 174 175 175 176 176 176 177 178 178 181 184 184 189 197 197 201 211 211 211 212 212 211 206 206 205 183 183 183 149 148 148 170 173 173 228 242 242 246 248 248 247 247 247 247 247 247 247 247 247 247 247 247 247 247 247 247 247 247 247 247 247 247 247 247 247 
247 247 247 247 247 247 247 247 247 247 247 247 247 247 247 247 247 247 247 247 247 247 247 247 248 250 250 242 223 223 207 144 144 140 110 110 110 110 110 110 92 92 92 96 97 97 118 123 123 138 144 144 151 155 155 154 154 154 154 153 153 154 154 154 154 155 155 155 155 155 155 154 154 154 152 152 152 152 152 152 156 156 156 164 165 165 169 170 170 172 172 172 173 173 173 174 174 174 176 179 179 183 189 189 193 204 204 205 210 210 210 209 209 209 198 198 198 167 166 166 156 154 154 194 204 204 233 244 244 246 248 248 247 247 247 247 247 247 247 247 247 247 247 247 247 247 247 247 247 247 247 247 247 247 
247 247 247 247 247 247 247 247 247 247 247 247 247 247 247 247 247 247 247 247 247 247 247 247 248 251 251 238 205 205 187 117 117 115 102 102 102 101 101 101 89 89 89 101 103 103 127 133 133 146 151 151 154 155 155 154 153 153 153 152 152 152 153 153 154 155 155 155 155 155 155 153 153 153 152 152 152 151 151 151 154 154 154 162 163 163 167 168 168 170 171 171 172 172 172 172 172 172 174 176 176 179 184 184 188 199 199 201 209 209 209 212 212 212 209 209 209 179 178 178 146 142 142 172 179 179 224 241 241 245 248 248 247 247 247 247 247 247 247 247 247 247 247 247 247 247 247 247 247 247 247 247 247 247 
247 247 247 247 247 247 247 247 247 247 247 247 247 247 247 247 247 247 247 247 247 247 247 247 248 251 251 238 205 205 187 117 117 115 102 102 102 101 101 101 89 89 89 101 103 103 127 133 133 146 151 151 154 155 155 154 153 153 153 152 152 152 153 153 154 155 155 155 155 155 155 153 153 153 152 152 152 151 151 151 154 154 154 162 163 163 167 168 168 170 171 171 172 172 172 172 172 172 174 176 176 179 184 184 188 199 199 201 209 209 209 212 212 212 209 209 209 179 178 178 146 142 142 172 179 179 224 241 241 245 248 248 247 247 247 247 247 247 247 247 247 247 247 247 247 247 247 247 247 247 247 247 247 247 
247 247 247 247 247 247 247 247 247 247 247 247 247 247 247 247 247 247 247 247 247 247 248 248 246 242 242 222 169 169 158 112 112 110 99 99 99 101 101 101 91 90 90 107 109 109 130 136 136 145 148 148 150 151 151 151 151 151 151 151 151 151 151 151 152 154 154 154 154 154 154 153 153 153 153 153 153 152 152 152 155 155 155 162 163 163 165 166 166 168 169 169 170 171 171 171 171 171 173 175 175 178 183 183 186 194 194 196 204 204 205 210 210 210 210 210 210 189 188 188 151 147 147 158 161 161 206 224 224 240 250 250 248 247 247 247 247 247 247 247 247 247 247 247 247 247 247 247 247 247 247 247 247 247 
247 247 247 247 247 247 247 247 247 247 247 247 247 247 247 247 247 247 247 247 247 248 249 249 244 234 234 207 137 137 131 107 107 106 97 97 97 101 101 101 92 92 92 112 115 115 133 138 138 144 146 146 147 148 148 149 149 149 149 150 150 150 150 150 151 153 153 153 154 154 154 154 154 154 154 154 154 154 154 154 157 157 157 162 163 163 164 164 164 166 167 167 169 170 170 171 171 171 172 174 174 177 182 182 184 189 189 191 200 200 201 208 208 208 211 211 211 199 198 198 157 151 151 146 145 145 190 208 208 236 251 251 249 247 247 247 247 247 247 247 247 247 247 247 247 247 247 247 247 247 247 247 247 247 
247 247 247 247 247 247 247 247 247 247 247 247 247 247 247 247 247 247 247 247 247 248 249 249 244 234 234 207 137 137 131 107 107 106 97 97 97 101 101 101 92 92 92 112 115 115 133 138 138 144 146 146 147 148 148 149 149 149 149 150 150 150 150 150 151 153 153 153 154 154 154 154 154 154 154 154 154 154 154 154 157 157 157 162 163 163 164 164 164 166 167 167 169 170 170 171 171 171 172 174 174 177 182 182 184 189 189 191 200 200 201 208 208 208 211 211 211 199 198 198 157 151 151 146 145 145 190 208 208 236 251 251 249 247 247 247 247 247 247 247 247 247 247 247 247 247 247 247 247 247 247 247 247 247 
247 247 247 247 247 247 247 247 247 247 247 247 247 247 247 247 247 247 247 247 247 248 250 250 239 218 218 192 123 123 119 102 102 102 99 99 98 96 96 96 92 92 92 111 113 113 131 136 136 141 143 143 144 145 145 146 146 146 147 147 147 148 149 149 150 152 152 153 154 154 154 155 155 155 154 154 154 155 155 155 158 158 158 162 163 163 164 164 164 167 169 169 171 172 172 173 173 173 175 176 176 178 182 182 184 188 188 190 197 197 198 204 204 204 208 208 208 199 199 199 163 158 158 149 146 146 182 195 195 229 248 248 248 247 247 247 247 247 247 247 247 247 247 247 247 247 247 247 247 247 247 247 247 247 
247 247 247 247 247 247 247 247 247 247 247 247 247 247 247 247 247 247 247 247 247 249 252 252 233 198 198 172 106 106 104 97 97 97 101 101 101 90 90 90 93 93 93 109 111 111 129 134 134 138 140 140 141 141 141 142 143 143 143 144 144 146 148 148 149 152 152 152 154 154 154 157 157 157 155 155 155 156 156 156 160 160 160 163 163 163 165 165 165 169 171 171 174 176 176 176 176 176 177 179 179 180 183 183 184 188 188 189 194 194 195 199 199 199 205 205 205 201 201 201 171 167 167 152 148 148 171 180 180 221 244 244 246 248 248 248 247 247 247 247 247 247 247 247 247 247 247 247 247 247 247 247 247 247 
247 247 247 247 247 247 247 247 247 247 247 247 247 247 247 247 247 247 247 247 247 249 252 252 233 198 198 172 106 106 104 97 97 97 101 101 101 90 90 90 93 93 93 109 111 111 129 134 134 138 140 140 141 141 141 142 143 143 143 144 144 146 148 148 149 152 152 152 154 154 154 157 157 157 155 155 155 156 156 156 160 160 160 163 163 163 165 165 165 169 171 171 174 176 176 176 176 176 177 179 179 180 183 183 184 188 188 189 194 194 195 199 199 199 205 205 205 201 201 201 171 167 167 152 148 148 171 180 180 221 244 244 246 248 248 248 247 247 247 247 247 247 247 247 247 247 247 247 247 247 247 247 247 247 
247 247 247 247 247 247 247 247 247 247 247 247 247 247 247 247 247 247 247 247 247 249 251 251 226 181 181 159 100 100 99 96 96 97 104 104 104 94 94 94 92 92 92 106 108 108 127 131 131 136 138 138 138 138 138 139 139 139 140 141 141 142 145 145 147 151 151 151 155 155 155 158 158 157 155 155 155 156 156 156 160 161 161 163 163 163 165 165 165 170 173 173 177 180 180 179 179 179 180 181 181 182 185 185 187 190 190 191 193 193 194 197 197 197 203 203 203 201 201 201 171 167 167 156 153 153 169 175 175 212 233 233 242 249 249 248 247 247 247 247 247 247 247 247 247 247 247 247 247 247 247 247 247 247 
247 247 247 247 247 247 247 247 247 247 247 247 247 247 247 247 247 247 247 247 247 248 250 250 215 152 152 135 90 90 91 95 95 97 110 110 110 101 101 101 91 91 91 102 104 104 122 126 126 132 134 134 133 133 133 133 133 133 134 135 135 137 140 140 143 148 148 150 156 156 156 159 159 159 157 157 157 156 156 156 162 162 162 163 163 163 165 166 166 173 176 176 183 187 187 185 184 184 184 184 184 186 190 190 191 194 194 194 193 193 193 194 194 194 200 200 200 201 201 201 172 168 168 164 163 163 165 166 166 197 215 215 235 250 250 249 247 247 247 247 247 247 247 247 247 247 247 247 247 247 247 247 247 247 
247 247 247 247 247 247 247 247 247 247 247 247 247 247 247 247 247 247 247 247 247 248 250 250 215 152 152 135 90 90 91 95 95 97 110 110 110 101 101 101 91 91 91 102 104 104 122 126 126 132 134 134 133 133 133 133 133 133 134 135 135 137 140 140 143 148 148 150 156 156 156 159 159 159 157 157 157 156 156 156 162 162 162 163 163 163 165 166 166 173 176 176 183 187 187 185 184 184 184 184 184 186 190 190 191 194 194 194 193 193 193 194 194 194 200 200 200 201 201 201 172 168 168 164 163 163 165 166 166 197 215 215 235 250 250 249 247 247 247 247 247 247 247 247 247 247 247 247 247 247 247 247 247 247 
247 247 247 247 247 247 247 247 247 247 247 247 247 247 247 247 247 247 247 247 247 247 245 245 207 139 139 126 91 91 92 95 95 97 107 107 106 101 101 101 91 91 91 103 104 104 120 124 124 130 132 132 132 131 131 131 131 131 132 133 133 134 137 137 138 143 143 145 152 152 152 156 156 156 154 154 154 154 154 154 160 161 161 162 162 162 164 165 165 172 175 175 182 186 186 184 183 183 182 182 182 184 187 187 188 191 191 191 191 191 191 192 192 192 198 198 198 201 201 201 173 169 169 165 164 164 166 167 167 192 206 206 230 249 249 248 247 247 247 247 247 247 247 247 247 247 247 247 247 247 247 247 247 247 
247 247 247 247 247 247 247 247 247 247 247 247 247 247 247 247 247 247 248 249 249 242 234 234 189 108 108 104 95 95 95 97 97 97 99 99 99 101 101 101 91 91 91 104 106 106 117 120 120 125 127 127 127 127 127 126 126 126 126 127 127 127 128 128 129 130 130 133 141 141 142 149 149 149 148 148 148 151 151 151 157 158 158 161 161 161 162 162 162 170 174 174 180 184 184 182 180 180 179 177 177 178 180 180 181 185 185 185 186 186 186 187 187 187 194 194 194 202 202 202 177 174 174 168 167 167 169 170 170 179 184 184 220 248 248 248 247 247 247 247 247 247 247 247 247 247 247 247 247 247 247 247 247 247 
247 247 247 247 247 247 247 247 247 247 247 247 247 247 247 247 247 247 248 249 249 242 234 234 189 108 108 104 95 95 95 97 97 97 99 99 99 101 101 101 91 91 91 104 106 106 117 120 120 125 127 127 127 127 127 126 126 126 126 127 127 127 128 128 129 130 130 133 141 141 142 149 149 149 148 148 148 151 151 151 157 158 158 161 161 161 162 162 162 170 174 174 180 184 184 182 180 180 179 177 177 178 180 180 181 185 185 185 186 186 186 187 187 187 194 194 194 202 202 202 177 174 174 168 167 167 169 170 170 179 184 184 220 248 248 248 247 247 247 247 247 247 247 247 247 247 247 247 247 247 247 247 247 247 
247 247 247 247 247 247 247 247 247 247 247 247 247 247 247 247 247 247 248 249 249 241 231 231 185 104 104 101 94 94 95 97 97 98 100 100 100 101 101 101 93 92 92 104 105 105 115 118 118 124 126 126 126 126 126 125 125 125 125 126 126 126 127 127 127 129 129 131 139 139 140 147 147 147 147 147 147 150 150 150 157 157 157 160 161 161 161 162 162 169 173 173 179 183 183 181 180 180 178 177 177 178 180 180 181 184 184 185 185 185 185 186 186 187 192 192 192 201 201 201 178 175 175 168 166 166 171 173 173 179 183 183 219 247 247 247 247 247 247 247 247 247 247 247 247 247 247 247 247 247 247 247 247 247 
247 247 247 247 247 247 247 247 247 247 247 247 247 247 247 247 247 247 249 251 251 237 220 220 173 90 90 90 91 91 92 98 98 99 106 106 106 103 103 103 98 98 98 102 102 102 109 111 111 119 122 122 122 122 122 121 121 121 122 123 123 123 123 123 123 124 124 126 132 132 134 142 142 142 145 145 145 146 146 146 154 155 155 158 159 159 161 161 161 167 170 170 177 181 181 180 179 179 178 176 176 177 179 179 180 183 183 183 183 183 183 184 184 184 185 185 185 197 198 198 182 180 180 166 163 163 178 184 184 182 181 181 216 243 243 245 248 248 248 247 247 247 247 247 247 247 247 247 247 247 247 247 247 247 
247 247 247 247 247 247 247 247 247 247 247 247 247 247 247 247 247 247 249 251 251 237 220 220 173 90 90 90 91 91 92 98 98 99 106 106 106 103 103 103 98 98 98 102 102 102 109 111 111 119 122 122 122 122 122 121 121 121 122 123 123 123 123 123 123 124 124 126 132 132 134 142 142 142 145 145 145 146 146 146 154 155 155 158 159 159 161 161 161 167 170 170 177 181 181 180 179 179 178 176 176 177 179 179 180 183 183 183 183 183 183 184 184 184 185 185 185 197 198 198 182 180 180 166 163 163 178 184 184 182 181 181 216 243 243 245 248 248 248 247 247 247 247 247 247 247 247 247 247 247 247 247 247 247 
247 247 247 247 247 247 247 247 247 247 247 247 247 247 247 247 247 247 249 251 251 237 218 218 172 90 90 90 91 91 93 99 99 100 108 108 107 103 103 103 98 98 98 102 102 102 110 111 111 118 121 121 121 122 122 122 121 121 122 123 123 124 124 124 125 126 126 127 133 133 135 143 143 143 146 146 146 147 147 147 155 155 155 159 159 159 160 161 161 166 169 169 176 180 180 179 178 178 177 176 176 177 179 179 180 183 183 183 183 183 183 184 184 184 185 185 185 197 197 197 183 181 181 167 164 164 178 183 183 181 180 180 214 242 242 245 248 248 248 247 247 247 247 247 247 247 247 247 247 247 247 247 247 247 
247 247 247 247 247 247 247 247 247 247 247 247 247 247 247 247 247 247 250 252 252 231 205 205 165 93 93 92 91 91 94 107 107 109 121 121 120 101 101 101 98 98 98 106 107 107 113 114 114 115 115 115 118 120 120 123 125 125 126 127 127 129 133 133 135 138 138 139 143 143 144 150 150 150 152 152 152 154 154 154 159 159 159 161 161 161 161 161 161 162 162 162 169 173 173 174 174 174 175 176 176 177 178 178 180 184 184 184 186 186 186 186 186 186 185 185 185 192 192 192 187 186 186 176 173 173 177 178 178 172 169 169 205 234 234 241 249 249 248 247 247 247 247 247 247 247 247 247 247 247 247 247 247 247 
247 247 247 247 247 247 247 247 247 247 247 247 247 247 247 247 247 247 250 252 252 231 205 205 165 93 93 92 91 91 94 107 107 109 121 121 120 101 101 101 98 98 98 106 107 107 113 114 114 115 115 115 118 120 120 123 125 125 126 127 127 129 133 133 135 138 138 139 143 143 144 150 150 150 152 152 152 154 154 154 159 159 159 161 161 161 161 161 161 162 162 162 169 173 173 174 174 174 175 176 176 177 178 178 180 184 184 184 186 186 186 186 186 186 185 185 185 192 192 192 187 186 186 176 173 173 177 178 178 172 169 169 205 234 234 241 249 249 248 247 247 247 247 247 247 247 247 247 247 247 247 247 247 247 
247 247 247 247 247 247 247 247 247 247 247 247 247 247 247 247 247 247 250 252 252 231 204 204 164 93 93 92 91 91 94 107 107 109 121 121 120 101 101 101 98 98 98 106 107 107 113 114 114 115 115 115 118 120 120 123 125 125 126 127 127 130 133 133 135 138 138 139 143 143 144 150 150 150 152 152 152 154 154 154 159 159 159 161 161 161 161 161 161 162 162 162 168 173 173 173 174 174 175 176 176 177 178 178 180 184 184 185 186 186 186 186 186 186 185 185 185 192 192 192 187 186 186 176 173 173 177 178 178 172 169 169 205 233 233 241 249 249 248 247 247 247 247 247 247 247 247 247 247 247 247 247 247 247 
247 247 247 247 247 247 247 247 247 247 247 247 247 247 247 247 247 247 250 253 253 223 184 184 150 90 90 91 94 94 100 122 122 122 126 126 125 107 107 107 102 102 102 114 116 116 120 121 121 117 116 116 117 117 117 121 124 124 129 135 135 137 141 141 143 147 147 148 150 150 151 155 155 155 158 158 158 160 160 160 166 166 166 165 165 165 165 165 165 163 162 162 166 168 168 171 174 174 176 178 178 179 182 182 184 189 189 190 192 192 191 187 187 187 183 183 183 189 189 189 194 195 195 185 182 182 176 174 174 172 171 171 198 219 219 234 250 250 249 247 247 247 247 247 247 247 247 247 247 247 247 247 247 247 
247 247 247 247 247 247 247 247 247 247 247 247 247 247 247 247 247 247 250 253 253 223 184 184 150 90 90 91 94 94 100 122 122 122 126 126 125 107 107 107 102 102 102 114 116 116 120 121 121 117 116 116 117 117 117 121 124 124 129 135 135 137 141 141 143 147 147 148 150 150 151 155 155 155 158 158 158 160 160 160 166 166 166 165 165 165 165 165 165 163 162 162 166 168 168 171 174 174 176 178 178 179 182 182 184 189 189 190 192 192 191 187 187 187 183 183 183 189 189 189 194 195 195 185 182 182 176 174 174 172 171 171 198 219 219 234 250 250 249 247 247 247 247 247 247 247 247 247 247 247 247 247 247 247 
247 247 247 247 247 247 247 247 247 247 247 247 247 247 247 247 247 247 250 253 253 223 184 184 150 90 90 91 94 94 100 122 122 122 126 126 125 107 107 107 102 102 102 114 116 116 120 121 121 117 116 116 117 117 117 121 124 124 129 135 135 137 141 141 143 147 147 148 150 150 151 155 155 155 158 158 158 160 160 160 166 166 166 165 165 165 165 165 165 163 162 162 166 168 168 171 174 174 176 178 178 179 182 182 184 189 189 190 192 192 191 187 187 187 183 183 183 189 189 189 194 195 195 185 182 182 176 174 174 172 171 171 198 219 219 234 250 250 249 247 247 247 247 247 247 247 247 247 247 247 247 247 247 247 
247 247 247 247 247 247 247 247 247 247 247 247 247 247 247 247 247 247 250 252 252 219 177 177 149 99 99 98 97 97 100 115 115 115 116 116 116 107 107 107 106 106 106 118 120 120 124 125 125 123 123 123 120 119 119 121 123 123 129 135 135 138 142 142 143 146 146 147 149 149 149 150 150 150 156 156 156 160 160 160 165 165 165 167 167 167 167 167 167 163 161 161 163 165 165 171 177 177 176 176 176 177 180 180 182 186 186 186 187 187 187 187 187 187 187 187 187 186 186 186 191 192 192 193 193 193 188 185 185 180 178 178 194 207 207 227 250 250 249 247 247 247 247 247 247 247 247 247 247 247 247 247 247 247 
247 247 247 247 247 247 247 247 247 247 247 247 247 247 247 247 247 247 250 252 252 219 177 177 149 99 99 98 97 97 101 115 115 115 116 116 116 107 107 107 106 106 106 118 120 120 124 125 125 124 123 123 120 119 119 121 123 123 129 135 135 138 142 142 143 146 146 147 149 149 149 150 150 150 156 156 156 160 160 160 165 165 165 167 167 167 167 167 167 163 161 161 163 165 165 171 177 177 177 176 176 177 180 180 182 186 186 186 187 187 187 187 187 187 187 187 187 186 186 186 191 192 192 194 194 194 188 186 186 181 178 178 194 206 206 227 250 250 249 247 247 247 247 247 247 247 247 247 247 247 247 247 247 247 
247 247 247 247 247 247 247 247 247 247 247 247 247 247 247 247 247 247 250 252 252 219 177 177 149 99 99 98 97 97 101 115 115 115 116 116 116 107 107 107 106 106 106 118 120 120 124 125 125 124 123 123 120 119 119 121 123 123 129 135 135 138 142 142 143 146 146 147 149 149 149 150 150 150 156 156 156 160 160 160 165 165 165 167 167 167 167 167 167 163 161 161 163 165 165 171 177 177 177 176 176 177 180 180 182 186 186 186 187 187 187 187 187 187 187 187 187 186 186 186 191 192 192 194 194 194 188 186 186 181 178 178 194 206 206 227 250 250 249 247 247 247 247 247 247 247 247 247 247 247 247 247 247 247 
247 247 247 247 247 247 247 247 247 247 247 247 247 247 247 247 247 247 249 251 251 211 159 159 139 104 104 102 98 98 99 104 104 104 102 102 102 105 105 105 111 111 111 117 118 118 118 118 118 118 119 119 123 125 125 128 130 130 132 135 135 136 138 138 139 140 140 139 137 137 137 137 137 137 143 143 143 148 148 148 152 152 152 155 156 156 161 163 163 157 154 154 155 155 155 162 169 169 168 166 166 167 168 168 169 174 174 174 178 178 179 186 186 186 194 194 194 196 196 196 195 195 195 196 197 197 195 194 194 185 181 181 197 209 209 229 250 250 249 247 247 247 247 247 247 247 247 247 247 247 247 247 247 247 
247 247 247 247 247 247 247 247 247 247 247 247 247 247 247 247 247 247 249 251 251 210 157 157 138 105 105 103 98 98 99 103 103 103 100 100 100 105 105 105 112 112 112 117 118 118 117 117 117 118 118 118 123 126 126 129 131 131 133 135 135 136 138 138 138 139 139 138 136 136 136 135 135 135 141 141 141 147 147 147 150 150 150 153 154 154 160 162 162 156 153 153 154 154 154 161 168 168 167 165 165 165 166 166 168 172 172 173 177 177 178 186 186 186 195 195 195 198 198 198 195 195 195 197 197 197 196 195 195 186 181 181 197 210 210 229 250 250 249 247 247 247 247 247 247 247 247 247 247 247 247 247 247 247 
247 247 247 247 247 247 247 247 247 247 247 247 247 247 247 247 247 247 249 251 251 210 157 157 138 105 105 103 98 98 99 103 103 103 100 100 100 105 105 105 112 112 112 117 118 118 117 117 117 118 118 118 123 126 126 129 131 131 133 135 135 136 138 138 138 139 139 138 136 136 136 135 135 135 141 141 141 147 147 147 150 150 150 153 154 154 160 162 162 156 153 153 154 154 154 161 168 168 167 165 165 165 166 166 168 172 172 173 177 177 178 186 186 186 195 195 195 198 198 198 195 195 195 197 197 197 196 195 195 186 181 181 197 210 210 229 250 250 249 247 247 247 247 247 247 247 247 247 247 247 247 247 247 247 
247 247 247 247 247 247 247 247 247 247 247 247 247 247 247 247 248 248 248 248 248 202 142 142 124 91 91 90 85 85 87 93 93 93 92 92 92 106 106 106 114 114 114 118 119 119 118 118 118 121 123 123 129 133 133 135 136 136 137 137 137 135 132 132 129 122 122 120 115 115 115 117 117 117 120 120 120 128 128 128 133 134 134 136 137 137 146 149 149 144 142 142 141 140 140 144 148 148 141 132 132 129 123 123 122 121 121 124 134 134 135 147 147 147 163 163 163 188 189 189 200 201 201 198 197 197 195 195 195 183 177 177 194 208 208 228 250 250 249 247 247 247 247 247 247 247 247 247 247 247 247 247 247 247 
247 247 247 247 247 247 247 247 247 247 247 247 247 247 247 248 248 248 248 248 248 200 139 139 121 88 88 86 82 82 84 91 91 91 90 90 91 106 106 106 115 115 115 119 119 119 118 118 118 122 124 124 131 135 135 137 138 138 138 138 138 135 131 131 127 118 118 116 110 110 110 112 112 112 115 115 115 123 123 123 129 130 130 133 133 133 143 146 146 141 139 139 138 137 137 140 143 143 135 124 124 120 112 112 111 109 109 112 123 123 125 137 137 138 155 155 155 186 187 187 201 203 203 198 197 197 196 195 195 183 176 176 193 207 207 228 250 250 249 247 247 247 247 247 247 247 247 247 247 247 247 247 247 247 
247 247 247 247 247 247 247 247 247 247 247 247 247 247 247 248 248 248 248 248 248 200 139 139 121 88 88 86 82 82 84 91 91 91 90 90 91 106 106 106 115 115 115 119 119 119 118 118 118 122 124 124 131 135 135 137 138 138 138 138 138 135 131 131 127 118 118 116 110 110 110 112 112 112 115 115 115 123 123 123 129 130 130 133 133 133 143 146 146 141 139 139 138 137 137 140 143 143 135 124 124 120 112 112 111 109 109 112 123 123 125 137 137 138 155 155 155 186 187 187 201 203 203 198 197 197 196 195 195 183 176 176 193 207 207 228 250 250 249 247 247 247 247 247 247 247 247 247 247 247 247 247 247 247 
247 247 247 247 247 247 247 247 247 247 247 247 247 247 247 248 248 248 247 246 246 194 129 129 111 77 77 77 75 75 78 86 86 88 95 95 96 111 111 111 118 118 118 121 121 121 121 122 122 129 132 132 133 133 133 123 115 115 109 102 102 96 88 88 84 77 77 76 73 73 72 72 72 73 80 80 80 95 95 95 108 109 109 117 118 118 135 140 140 136 135 135 130 128 128 120 113 113 100 83 83 75 60 60 58 54 54 56 64 64 66 82 82 83 99 99 99 136 138 138 187 194 194 200 201 201 201 201 201 185 176 176 192 205 205 226 250 250 249 247 247 247 247 247 247 247 247 247 247 247 247 247 247 247 
247 247 247 247 247 247 247 247 247 247 247 247 247 247 247 248 248 248 246 245 245 193 126 126 107 73 73 73 73 73 75 85 85 86 97 97 98 113 113 113 120 120 120 122 122 122 123 123 123 132 136 136 133 132 132 117 106 106 97 88 88 81 71 71 68 61 61 60 58 58 58 57 57 58 67 67 67 85 85 85 100 101 101 111 113 113 132 138 138 135 133 133 128 124 124 112 101 101 86 68 68 58 40 40 38 33 33 35 41 41 43 61 61 62 78 78 78 117 119 119 181 190 190 200 203 203 203 203 203 186 176 176 192 204 204 226 250 250 249 247 247 247 247 247 247 247 247 247 247 247 247 247 247 247 
247 247 247 247 247 247 247 247 247 247 247 247 247 247 247 248 248 248 246 245 245 193 126 126 107 73 73 73 73 73 75 85 85 86 97 97 98 113 113 113 120 120 120 122 122 122 123 123 123 132 136 136 133 132 132 117 106 106 97 88 88 81 71 71 68 61 61 60 58 58 58 57 57 58 67 67 67 85 85 85 100 101 101 111 113 113 132 138 138 135 133 133 128 124 124 112 101 101 86 68 68 58 40 40 38 33 33 35 41 41 43 61 61 62 78 78 78 117 119 119 181 190 190 200 203 203 203 203 203 186 176 176 192 204 204 226 250 250 249 247 247 247 247 247 247 247 247 247 247 247 247 247 247 247 
247 247 247 247 247 247 247 247 247 247 247 247 247 247 247 247 248 248 246 244 244 191 123 123 102 67 67 69 74 74 76 85 85 87 103 103 104 116 116 116 121 121 121 122 122 122 123 124 124 124 124 124 108 99 99 81 67 67 61 55 55 52 48 48 47 44 44 43 41 41 41 42 42 42 50 50 50 63 63 63 79 80 80 102 106 106 129 136 136 139 141 141 129 121 121 102 85 85 78 68 68 64 56 56 56 56 56 58 68 68 70 86 86 86 96 96 96 103 103 103 149 155 155 192 202 202 206 208 208 187 176 176 190 201 201 225 250 250 249 247 247 247 247 247 247 247 247 247 247 247 247 247 247 247 
247 247 247 247 247 247 247 247 247 247 247 247 247 247 247 248 248 248 246 244 244 190 121 121 100 63 63 66 74 74 76 85 85 88 107 107 107 118 118 118 122 122 122 123 123 123 124 124 124 120 118 118 94 80 80 61 46 46 41 36 36 36 35 35 35 35 35 34 32 32 32 33 33 34 41 41 41 51 51 51 68 69 69 97 102 102 127 135 135 142 145 145 129 119 119 97 76 76 73 69 69 68 65 65 66 69 69 72 83 83 85 100 100 100 107 107 107 95 94 94 130 135 135 188 201 201 208 211 211 189 176 176 189 200 200 224 250 250 249 247 247 247 247 247 247 247 247 247 247 247 247 247 247 247 
247 247 247 247 247 247 247 247 247 247 247 247 247 247 247 248 248 248 246 244 244 190 121 121 100 63 63 66 74 74 76 85 85 88 107 107 107 118 118 118 122 122 122 123 123 123 124 124 124 120 118 118 94 80 80 61 46 46 41 36 36 36 35 35 35 35 35 34 32 32 32 33 33 34 41 41 41 51 51 51 68 69 69 97 102 102 127 135 135 142 145 145 129 119 119 97 76 76 73 69 69 68 65 65 66 69 69 72 83 83 85 100 100 100 107 107 107 95 94 94 130 135 135 188 201 201 208 211 211 189 176 176 189 200 200 224 250 250 249 247 247 247 247 247 247 247 247 247 247 247 247 247 247 247 
247 247 247 247 247 247 247 247 247 247 247 247 247 247 247 249 250 250 248 246 246 192 122 122 103 68 68 70 72 72 74 81 81 84 109 109 109 121 121 121 123 123 123 122 122 122 121 121 121 100 92 92 71 60 60 55 52 52 54 56 56 58 61 61 62 63 63 61 52 52 52 50 50 51 59 59 59 57 57 57 67 68 68 96 101 101 131 140 140 150 154 154 136 123 123 102 82 82 79 76 76 70 60 60 59 56 56 58 65 65 66 81 81 81 96 96 96 107 107 107 129 133 133 176 187 187 206 213 213 189 175 175 188 199 199 224 250 250 249 248 248 248 247 247 247 247 247 247 247 247 247 247 247 247 
247 247 247 247 247 247 247 247 247 247 247 247 247 247 247 250 252 252 249 247 247 193 124 124 106 73 73 72 71 71 72 78 78 82 110 110 111 124 124 124 124 124 124 121 121 121 119 118 118 84 71 71 54 44 44 51 57 57 64 71 71 75 82 82 83 86 86 82 68 68 67 64 64 65 73 73 73 62 62 62 68 68 68 96 101 101 134 145 145 157 162 162 141 127 127 106 87 87 84 81 81 72 57 57 54 46 46 47 50 50 52 66 66 67 87 87 87 117 118 118 129 131 131 168 177 177 204 215 215 189 175 175 188 198 198 223 251 251 250 249 249 248 247 247 247 247 247 247 247 247 247 247 247 247 
247 247 247 247 247 247 247 247 247 247 247 247 247 247 247 250 252 252 249 247 247 193 124 124 106 73 73 72 71 71 72 78 78 82 110 110 111 124 124 124 124 124 124 121 121 121 119 118 118 84 71 71 54 44 44 51 57 57 64 71 71 75 82 82 83 86 86 82 68 68 67 64 64 65 73 73 73 62 62 62 68 68 68 96 101 101 134 145 145 157 162 162 141 127 127 106 87 87 84 81 81 72 57 57 54 46 46 47 50 50 52 66 66 67 87 87 87 117 118 118 129 131 131 168 177 177 204 215 215 189 175 175 188 198 198 223 251 251 250 249 249 248 247 247 247 247 247 247 247 247 247 247 247 247 
247 247 247 247 247 247 247 247 247 247 247 247 247 247 247 241 238 238 234 231 231 185 127 127 109 77 77 75 69 69 71 79 79 83 114 114 114 127 127 127 124 124 124 123 122 122 108 104 104 78 67 67 60 55 55 56 57 57 56 55 55 54 54 54 56 60 60 61 62 62 61 56 56 56 66 66 66 58 58 58 67 68 68 100 106 106 139 150 150 161 167 167 145 131 131 107 84 84 79 72 72 67 57 57 55 48 48 49 51 51 54 69 69 69 75 75 75 87 88 88 120 125 125 162 171 171 202 214 214 188 175 175 178 181 181 203 228 228 234 243 243 244 247 247 247 247 247 247 247 247 247 247 247 247 
247 247 247 247 247 247 247 247 247 247 247 247 247 247 247 232 222 222 218 215 215 178 130 130 113 82 82 78 68 68 70 80 80 85 118 118 118 130 130 130 125 125 125 124 124 124 97 90 90 71 64 64 67 68 68 62 57 57 47 37 37 32 24 24 27 33 33 38 55 55 54 47 47 48 58 58 58 54 54 54 67 68 68 105 112 112 145 155 155 167 172 172 150 136 136 107 81 81 73 63 63 61 58 58 56 51 51 51 53 53 55 72 72 72 62 62 62 56 56 56 111 118 118 156 165 165 199 212 212 188 174 174 168 163 163 182 203 203 216 236 236 240 248 248 248 247 247 247 247 247 247 247 247 247 
247 247 247 247 247 247 247 247 247 247 247 247 247 247 247 232 222 222 218 215 215 178 130 130 113 82 82 78 68 68 70 80 80 85 118 118 118 130 130 130 125 125 125 124 124 124 97 90 90 71 64 64 67 68 68 62 57 57 47 37 37 32 24 24 27 33 33 38 55 55 54 47 47 48 58 58 58 54 54 54 67 68 68 105 112 112 145 155 155 167 172 172 150 136 136 107 81 81 73 63 63 61 58 58 56 51 51 51 53 53 55 72 72 72 62 62 62 56 56 56 111 118 118 156 165 165 199 212 212 188 174 174 168 163 163 182 203 203 216 236 236 240 248 248 248 247 247 247 247 247 247 247 247 247 
247 247 247 247 247 247 247 247 247 248 249 249 237 232 232 195 171 171 172 173 173 146 113 113 100 78 78 75 68 68 71 84 84 88 122 122 122 128 128 128 125 125 125 123 123 123 97 91 91 75 69 69 61 57 57 52 48 48 45 42 42 41 38 38 42 50 50 56 75 75 73 64 64 64 60 60 60 55 55 55 67 68 68 106 114 114 143 152 152 164 169 169 151 139 139 115 93 93 85 75 75 72 66 66 66 66 66 68 78 78 80 98 98 98 96 96 96 81 81 81 103 106 106 145 155 155 196 211 211 190 178 178 167 158 158 167 177 177 195 223 223 232 250 250 249 247 247 247 247 247 247 247 247 247 
247 247 247 247 247 247 247 247 247 251 252 252 223 210 210 141 95 95 102 109 109 99 87 87 82 72 72 71 67 67 72 90 90 94 127 127 127 125 125 125 125 125 125 121 121 121 99 93 93 81 76 76 53 40 40 37 34 34 42 51 51 54 59 59 64 75 75 82 104 104 102 90 90 88 64 64 64 58 58 58 68 69 69 109 117 117 141 148 148 160 166 166 153 144 144 127 111 111 103 93 93 88 79 79 82 88 88 93 115 115 118 138 138 138 148 148 148 119 118 118 91 87 87 129 139 139 191 211 211 194 185 185 165 150 150 144 137 137 164 205 205 220 252 252 251 247 247 247 247 247 247 247 247 247 
247 247 247 247 247 247 247 247 247 251 252 252 223 210 210 141 95 95 102 109 109 99 87 87 82 72 72 71 67 67 72 90 90 94 127 127 127 125 125 125 125 125 125 121 121 121 99 93 93 81 76 76 53 40 40 37 34 34 42 51 51 54 59 59 64 75 75 82 104 104 102 90 90 88 64 64 64 58 58 58 68 69 69 109 117 117 141 148 148 160 166 166 153 144 144 127 111 111 103 93 93 88 79 79 82 88 88 93 115 115 118 138 138 138 148 148 148 119 118 118 91 87 87 129 139 139 191 211 211 194 185 185 165 150 150 144 137 137 164 205 205 220 252 252 251 247 247 247 247 247 247 247 247 247 
247 247 247 247 247 247 247 247 247 251 252 252 217 200 200 133 89 89 98 105 105 99 90 90 85 76 76 74 68 68 73 94 94 98 127 127 127 123 123 123 123 123 123 115 114 114 92 87 87 73 68 68 53 44 44 46 47 47 55 64 64 66 70 70 73 81 81 85 99 99 96 85 85 84 68 68 68 65 65 65 75 76 76 113 119 119 140 146 146 159 165 165 155 149 149 134 120 120 113 105 105 100 90 90 90 91 91 95 109 109 111 128 128 128 140 140 140 124 124 124 105 102 102 133 141 141 188 207 207 196 190 190 172 158 158 147 136 136 163 204 204 219 252 252 251 247 247 247 247 247 247 247 247 247 
247 247 247 247 247 247 247 247 247 252 253 253 203 179 179 118 77 77 88 98 98 98 97 97 92 84 84 80 69 69 76 103 103 106 128 128 128 119 119 119 118 118 118 101 99 99 78 73 73 57 51 51 53 54 54 66 76 76 83 91 91 92 93 93 93 94 94 93 88 88 86 75 75 75 78 78 78 80 80 80 91 92 92 120 125 125 138 142 142 156 163 163 161 160 160 149 139 139 135 131 131 125 113 113 109 99 99 99 97 97 98 107 107 108 125 125 125 136 136 136 135 135 135 142 144 144 182 197 197 200 202 202 186 174 174 154 133 133 160 201 201 217 252 252 251 247 247 247 247 247 247 247 247 247 
247 247 247 247 247 247 247 247 247 252 253 253 203 179 179 118 77 77 88 98 98 98 97 97 92 84 84 80 69 69 76 103 103 106 128 128 128 119 119 119 118 118 118 101 99 99 78 73 73 57 51 51 53 54 54 66 76 76 83 91 91 92 93 93 93 94 94 93 88 88 86 75 75 75 78 78 78 80 80 80 91 92 92 120 125 125 138 142 142 156 163 163 161 160 160 149 139 139 135 131 131 125 113 113 109 99 99 99 97 97 98 107 107 108 125 125 125 136 136 136 135 135 135 142 144 144 182 197 197 200 202 202 186 174 174 154 133 133 160 201 201 217 252 252 251 247 247 247 247 247 247 247 247 247 
247 247 247 247 247 247 247 247 247 251 253 253 203 179 179 120 81 81 92 102 102 100 98 98 96 91 91 85 72 72 78 102 102 105 128 128 127 119 119 119 117 117 117 100 98 98 80 75 75 63 59 59 61 62 62 70 77 77 82 87 87 88 89 89 91 93 93 93 91 91 90 84 84 84 87 87 87 86 86 86 96 97 97 122 127 127 139 143 143 156 162 162 162 163 163 153 144 144 141 138 138 133 123 123 120 111 111 110 108 108 109 115 115 115 128 128 128 139 140 140 143 143 143 149 151 151 183 195 195 200 203 203 188 176 176 156 135 135 161 199 199 216 252 252 251 247 247 247 247 247 247 247 247 247 
247 247 247 247 247 247 247 247 247 252 253 253 203 180 180 129 95 95 105 114 114 109 103 103 106 112 112 103 81 81 84 97 97 100 126 126 126 121 121 121 113 113 113 98 96 96 85 82 82 84 85 85 86 86 86 83 81 81 79 76 76 77 79 79 83 91 91 93 101 101 103 113 113 113 117 117 117 104 104 104 112 113 113 131 134 134 143 146 146 156 160 160 167 172 172 167 162 162 161 159 159 158 157 157 155 150 150 148 142 142 142 140 140 140 139 139 139 151 151 151 167 169 169 172 173 173 186 191 191 201 206 206 193 182 182 163 142 142 163 195 195 213 252 252 251 247 247 247 247 247 247 247 247 247 
247 247 247 247 247 247 247 247 247 252 253 253 203 180 180 129 95 95 105 114 114 109 103 103 106 112 112 103 81 81 84 97 97 100 126 126 126 121 121 121 113 113 113 98 96 96 85 82 82 84 85 85 86 86 86 83 81 81 79 76 76 77 79 79 83 91 91 93 101 101 103 113 113 113 117 117 117 104 104 104 112 113 113 131 134 134 143 146 146 156 160 160 167 172 172 167 162 162 161 159 159 158 157 157 155 150 150 148 142 142 142 140 140 140 139 139 139 151 151 151 167 169 169 172 173 173 186 191 191 201 206 206 193 182 182 163 142 142 163 195 195 213 252 252 251 247 247 247 247 247 247 247 247 247 
247 247 247 247 247 247 247 247 247 252 253 253 203 179 179 129 96 96 106 115 115 111 106 106 108 112 112 104 83 83 86 98 98 101 126 126 126 121 121 121 114 113 113 101 99 99 90 88 88 90 91 91 91 91 91 89 87 87 85 83 83 85 87 87 90 97 97 99 105 105 107 115 115 115 117 117 117 106 106 106 115 115 115 132 135 135 144 147 147 156 160 160 168 173 173 168 164 164 162 160 160 159 158 158 156 151 151 150 145 145 145 143 143 143 142 142 142 152 153 153 169 171 171 176 177 177 187 191 191 200 205 205 192 182 182 163 143 143 163 194 194 212 252 252 251 247 247 247 247 247 247 247 247 247 
247 247 247 247 247 247 247 247 247 252 253 253 199 173 173 130 102 102 113 123 123 123 122 122 118 111 111 107 95 95 96 102 102 105 126 126 126 120 120 120 117 117 117 115 115 115 117 118 118 123 125 125 122 120 120 120 120 120 121 122 122 126 131 131 131 130 130 130 129 129 129 129 129 128 116 116 116 115 115 115 127 128 128 138 140 140 151 154 154 160 163 163 173 180 180 177 174 174 170 165 165 165 165 165 164 160 160 160 160 160 160 162 162 162 157 157 157 162 162 162 181 184 184 194 196 196 192 191 191 196 199 199 191 184 184 168 151 151 165 187 187 208 252 252 251 247 247 247 247 247 247 247 247 247 
247 247 247 247 247 247 247 247 247 252 253 253 199 173 173 130 102 102 113 123 123 123 122 122 118 111 111 107 95 95 96 102 102 105 126 126 126 120 120 120 117 117 117 115 115 115 117 118 118 123 125 125 122 120 120 120 120 120 121 122 122 126 131 131 131 130 130 130 129 129 129 129 129 128 116 116 116 115 115 115 127 128 128 138 140 140 151 154 154 160 163 163 173 180 180 177 174 174 170 165 165 165 165 165 164 160 160 160 160 160 160 162 162 162 157 157 157 162 162 162 181 184 184 194 196 196 192 191 191 196 199 199 191 184 184 168 151 151 165 187 187 208 252 252 251 247 247 247 247 247 247 247 247 247 
247 247 247 247 247 247 247 247 247 251 253 253 199 174 174 131 103 103 113 123 123 122 120 120 116 108 108 104 96 96 98 104 104 106 125 125 125 120 120 120 117 117 117 116 115 115 119 120 120 125 127 127 124 122 122 122 122 122 123 124 124 127 132 132 131 130 130 130 129 129 129 129 129 128 116 116 116 115 115 115 127 128 128 138 140 140 151 154 154 160 163 163 173 180 180 177 174 174 169 164 164 163 162 162 161 159 159 159 161 161 161 163 163 163 158 158 158 163 163 163 181 184 184 194 196 196 193 192 192 195 197 197 189 182 182 168 152 152 167 188 188 209 252 252 251 247 247 247 247 247 247 247 247 247 
247 247 247 247 247 247 247 247 247 252 253 253 209 188 188 142 111 111 117 123 123 116 106 106 94 73 73 83 110 110 113 127 127 126 121 121 121 119 119 119 123 123 123 121 121 121 135 138 138 145 148 148 146 145 145 146 147 147 146 145 145 145 144 144 140 132 132 132 130 130 130 128 128 127 114 114 114 110 110 110 122 123 123 141 145 145 153 155 155 158 160 160 170 176 176 177 178 178 164 147 147 141 129 129 135 152 152 156 170 170 170 172 172 172 171 171 171 173 173 173 182 183 183 197 201 201 204 205 205 187 177 177 169 162 162 164 166 166 182 206 206 220 251 251 250 247 247 247 247 247 247 247 247 247 
247 247 247 247 247 247 247 247 247 252 253 253 209 188 188 142 111 111 117 123 123 116 106 106 94 73 73 83 110 110 113 127 127 126 121 121 121 119 119 119 123 123 123 121 121 121 135 138 138 145 148 148 146 145 145 146 147 147 146 145 145 145 144 144 140 132 132 132 130 130 130 128 128 127 114 114 114 110 110 110 122 123 123 141 145 145 153 155 155 158 160 160 170 176 176 177 178 178 164 147 147 141 129 129 135 152 152 156 170 170 170 172 172 172 171 171 171 173 173 173 182 183 183 197 201 201 204 205 205 187 177 177 169 162 162 164 166 166 182 206 206 220 251 251 250 247 247 247 247 247 247 247 247 247 
247 247 247 247 247 247 247 247 247 252 253 253 209 188 188 142 111 111 117 123 123 116 106 106 94 73 73 83 110 110 113 127 127 126 121 121 121 119 119 119 123 123 123 121 121 121 135 138 138 145 148 148 146 145 145 146 147 147 146 145 145 145 144 144 140 132 132 132 130 130 130 128 128 127 114 114 114 110 110 110 122 123 123 141 145 145 153 155 155 158 160 160 170 176 176 177 178 178 164 147 147 141 129 129 135 152 152 156 170 170 170 172 172 172 171 171 171 173 173 173 182 183 183 197 201 201 204 205 205 187 177 177 169 162 162 164 166 166 182 206 206 220 251 251 250 247 247 247 247 247 247 247 247 247 
247 247 247 247 247 247 247 247 247 249 250 250 237 231 231 170 130 130 117 105 105 96 84 84 75 58 58 74 114 114 118 132 132 130 116 116 116 123 123 123 124 124 124 129 130 130 143 146 146 147 148 148 146 145 145 147 148 148 149 151 151 149 145 145 143 138 138 137 133 133 128 102 102 102 96 96 96 113 113 113 126 127 127 143 146 146 151 153 153 154 155 155 163 169 169 179 188 188 178 165 165 156 140 140 129 100 100 104 119 119 124 157 157 158 172 172 172 182 182 182 187 188 188 192 193 193 207 212 212 195 185 185 167 153 153 168 184 184 205 236 236 240 249 249 249 247 247 247 247 247 247 247 247 247 
247 247 247 247 247 247 247 247 247 249 250 250 237 231 231 170 130 130 117 105 105 96 84 84 75 58 58 74 114 114 118 132 132 130 116 116 116 123 123 123 124 124 124 129 130 130 143 146 146 147 148 148 146 145 145 147 148 148 149 151 151 149 145 145 143 138 138 137 133 133 128 102 102 102 96 96 96 113 113 113 126 127 127 143 146 146 151 153 153 154 155 155 163 169 169 179 188 188 178 165 165 156 140 140 129 100 100 104 119 119 124 157 157 158 172 172 172 182 182 182 187 188 188 192 193 193 207 212 212 195 185 185 167 153 153 168 184 184 205 236 236 240 249 249 249 247 247 247 247 247 247 247 247 247 
247 247 247 247 247 247 247 247 247 249 250 250 237 231 231 170 130 130 117 105 105 96 84 84 75 58 58 74 114 114 118 132 132 130 116 116 116 123 123 123 124 124 124 129 130 130 143 146 146 147 148 148 146 145 145 147 148 148 149 151 151 149 145 145 143 138 138 137 133 133 128 102 102 102 96 96 96 113 113 113 126 127 127 143 146 146 151 153 153 154 155 155 163 169 169 179 188 188 178 165 165 156 140 140 129 100 100 104 119 119 124 157 157 158 172 172 172 182 182 182 187 188 188 192 193 193 207 212 212 195 185 185 167 153 153 168 184 184 205 236 236 240 249 249 249 247 247 247 247 247 247 247 247 247 
247 247 247 247 247 247 247 247 247 247 247 247 247 247 247 193 157 157 125 97 97 91 83 83 83 84 84 94 122 122 124 131 131 129 115 115 115 116 116 116 120 120 120 129 130 130 135 137 137 136 135 135 137 138 138 142 144 144 145 145 145 143 138 138 135 128 128 120 95 95 94 87 87 91 134 134 134 140 140 140 134 133 133 137 138 138 147 150 150 153 154 154 165 173 173 178 183 183 183 182 182 184 188 188 175 142 142 128 73 73 76 101 101 103 145 145 145 170 171 171 178 180 180 181 182 182 198 204 204 193 186 186 162 143 143 167 193 193 215 247 247 247 247 247 247 247 247 247 247 247 247 247 247 247 
247 247 247 247 247 247 247 247 247 247 247 247 248 249 249 195 159 159 126 96 96 90 83 83 84 86 86 96 123 123 125 131 131 129 115 115 115 115 115 115 120 120 120 129 130 130 135 136 136 135 134 134 137 138 138 141 144 144 144 145 145 142 138 138 134 127 127 119 92 92 91 86 86 90 137 137 137 142 142 142 135 134 134 137 137 137 147 150 150 153 154 154 165 173 173 178 183 183 183 184 184 187 192 192 179 146 146 131 69 69 72 96 96 98 143 143 143 169 170 170 178 179 179 181 181 181 198 204 204 192 186 186 161 142 142 167 194 194 216 248 248 248 247 247 247 247 247 247 247 247 247 247 247 247 
247 247 247 247 247 247 247 247 247 247 247 247 248 249 249 195 159 159 126 96 96 90 83 83 84 86 86 96 123 123 125 131 131 129 115 115 115 115 115 115 120 120 120 129 130 130 135 136 136 135 134 134 137 138 138 141 144 144 144 145 145 142 138 138 134 127 127 119 92 92 91 86 86 90 137 137 137 142 142 142 135 134 134 137 137 137 147 150 150 153 154 154 165 173 173 178 183 183 183 184 184 187 192 192 179 146 146 131 69 69 72 96 96 98 143 143 143 169 170 170 178 179 179 181 181 181 198 204 204 192 186 186 161 142 142 167 194 194 216 248 248 248 247 247 247 247 247 247 247 247 247 247 247 247 
247 247 247 247 247 247 247 247 247 247 247 247 251 252 252 206 176 176 133 94 94 92 89 89 94 104 104 111 129 129 129 131 131 130 120 120 120 113 113 113 116 116 116 120 121 121 119 119 119 118 118 118 119 120 120 123 125 125 125 125 125 124 121 121 113 95 95 89 71 71 75 99 99 101 123 123 123 122 122 122 111 110 110 104 102 102 118 123 123 131 135 135 142 147 147 146 145 145 142 138 138 139 142 142 143 146 146 137 103 103 98 66 66 67 101 101 101 134 135 135 150 152 152 162 165 165 184 192 192 191 190 190 165 146 146 171 197 197 218 249 249 249 247 247 247 247 247 247 247 247 247 247 247 247 
247 247 247 247 247 247 247 247 247 247 247 247 251 253 253 209 179 179 135 94 94 92 90 90 96 107 107 113 130 130 130 131 131 130 121 121 121 113 113 113 115 115 115 119 119 119 117 116 116 115 115 115 116 117 117 120 122 122 122 122 122 120 118 118 109 89 89 84 67 67 73 102 102 104 121 121 121 119 119 119 107 106 106 98 96 96 113 118 118 128 132 132 138 142 142 140 138 138 134 129 129 130 132 132 136 146 146 139 109 109 103 60 60 61 93 93 93 128 129 129 145 147 147 159 162 162 182 190 190 191 191 191 166 147 147 171 198 198 219 250 250 249 247 247 247 247 247 247 247 247 247 247 247 247 
247 247 247 247 247 247 247 247 247 247 247 247 251 253 253 209 179 179 135 94 94 92 90 90 96 107 107 113 130 130 130 131 131 130 121 121 121 113 113 113 115 115 115 119 119 119 117 116 116 115 115 115 116 117 117 120 122 122 122 122 122 120 118 118 109 89 89 84 67 67 73 102 102 104 121 121 121 119 119 119 107 106 106 98 96 96 113 118 118 128 132 132 138 142 142 140 138 138 134 129 129 130 132 132 136 146 146 139 109 109 103 60 60 61 93 93 93 128 129 129 145 147 147 159 162 162 182 190 190 191 191 191 166 147 147 171 198 198 219 250 250 249 247 247 247 247 247 247 247 247 247 247 247 247 
247 247 247 247 247 247 247 247 247 247 247 247 250 252 252 219 196 196 148 104 104 101 97 97 102 110 110 115 127 127 128 131 131 130 122 122 122 117 117 117 115 115 115 109 108 108 101 99 99 101 101 101 103 104 104 106 108 108 108 108 108 102 94 94 85 65 65 67 74 74 75 85 85 84 75 75 75 68 68 68 62 62 62 64 64 64 82 88 88 101 107 107 116 121 121 118 114 114 109 103 103 111 124 124 130 145 145 143 134 134 127 77 77 77 64 64 64 100 101 101 127 131 131 146 150 150 171 178 178 185 188 188 173 162 162 183 206 206 223 250 250 249 247 247 247 247 247 247 247 247 247 247 247 247 
247 247 247 247 247 247 247 247 247 247 247 247 250 252 252 222 202 202 153 107 107 104 100 100 104 111 111 115 126 126 127 131 131 130 123 123 123 118 118 118 115 115 115 106 105 105 96 94 94 96 97 97 99 100 100 102 104 104 104 103 103 96 86 86 77 58 58 62 76 76 76 79 79 77 60 60 60 52 52 52 48 48 48 53 54 54 73 79 79 93 100 100 109 115 115 111 107 107 102 95 95 105 122 122 128 145 145 144 142 142 135 83 83 82 55 55 55 91 93 93 122 126 126 143 147 147 167 175 175 183 187 187 176 167 167 187 208 208 225 250 250 249 247 247 247 247 247 247 247 247 247 247 247 247 
247 247 247 247 247 247 247 247 247 247 247 247 250 252 252 222 202 202 153 107 107 104 100 100 104 111 111 115 126 126 127 131 131 130 123 123 123 118 118 118 115 115 115 106 105 105 96 94 94 96 97 97 99 100 100 102 104 104 104 103 103 96 86 86 77 58 58 62 76 76 76 79 79 77 60 60 60 52 52 52 48 48 48 53 54 54 73 79 79 93 100 100 109 115 115 111 107 107 102 95 95 105 122 122 128 145 145 144 142 142 135 83 83 82 55 55 55 91 93 93 122 126 126 143 147 147 167 175 175 183 187 187 176 167 167 187 208 208 225 250 250 249 247 247 247 247 247 247 247 247 247 247 247 247 
247 247 247 247 247 247 247 247 247 247 247 247 249 250 250 233 222 222 169 119 119 115 109 109 111 113 113 114 118 118 120 128 128 128 124 124 123 119 119 119 112 112 112 95 93 93 87 86 86 88 88 88 89 90 90 91 92 92 89 86 86 77 63 63 62 62 62 66 79 79 79 79 79 78 61 61 61 51 51 51 46 46 46 44 44 44 59 63 63 78 84 84 98 107 107 116 124 124 126 129 129 132 138 138 140 146 146 146 145 145 141 111 111 109 62 62 62 68 68 68 103 108 108 132 138 138 157 165 165 176 182 182 182 182 182 200 220 220 232 249 249 248 247 247 247 247 247 247 247 247 247 247 247 247 
247 247 247 247 247 247 247 247 247 247 247 247 248 249 249 239 232 232 176 125 125 120 114 114 114 114 114 114 115 115 117 127 127 127 124 124 124 120 120 120 110 110 110 91 88 88 83 82 82 83 84 84 85 85 85 86 86 86 82 78 78 68 52 52 56 64 64 68 80 80 80 79 79 78 62 62 62 50 50 50 45 45 45 41 40 40 52 56 56 70 77 77 93 104 104 119 132 132 138 145 145 145 146 146 146 147 147 147 147 147 144 124 124 122 65 65 65 57 57 57 94 99 99 127 134 134 153 160 160 173 180 180 186 190 190 207 226 226 235 249 249 248 247 247 247 247 247 247 247 247 247 247 247 247 
247 247 247 247 247 247 247 247 247 247 247 247 248 249 249 239 232 232 176 125 125 120 114 114 114 114 114 114 115 115 117 127 127 127 124 124 124 120 120 120 110 110 110 91 88 88 83 82 82 83 84 84 85 85 85 86 86 86 82 78 78 68 52 52 56 64 64 68 80 80 80 79 79 78 62 62 62 50 50 50 45 45 45 41 40 40 52 56 56 70 77 77 93 104 104 119 132 132 138 145 145 145 146 146 146 147 147 147 147 147 144 124 124 122 65 65 65 57 57 57 94 99 99 127 134 134 153 160 160 173 180 180 186 190 190 207 226 226 235 249 249 248 247 247 247 247 247 247 247 247 247 247 247 247 
247 247 247 247 247 247 247 247 247 247 247 247 247 248 248 245 243 243 201 163 163 147 127 127 126 126 126 124 118 118 121 132 132 131 123 123 123 121 121 121 110 110 110 87 84 84 78 77 77 78 79 79 77 76 76 76 76 76 70 63 63 60 56 56 61 72 72 75 83 83 83 84 84 83 76 76 76 68 68 68 66 66 66 66 66 66 78 82 82 90 94 94 103 109 109 122 134 134 140 147 147 147 148 148 147 147 147 146 144 144 142 132 132 131 92 92 92 60 59 59 81 85 85 123 133 133 149 156 156 169 177 177 188 196 196 215 236 236 241 248 248 248 247 247 247 247 247 247 247 247 247 247 247 247 
247 247 247 247 247 247 247 247 247 247 247 247 247 247 247 249 251 251 218 188 188 165 135 135 135 134 134 130 121 121 124 136 136 134 122 122 122 122 122 122 110 110 110 84 81 81 75 73 73 75 76 76 73 71 71 70 69 69 61 53 53 55 59 59 65 78 78 80 85 85 85 87 87 87 85 85 85 81 81 81 80 80 80 83 84 84 95 99 99 104 106 106 110 113 113 125 136 136 142 149 149 149 149 149 148 147 147 146 142 142 142 138 138 137 110 110 110 62 60 60 73 75 75 121 132 132 147 153 153 167 175 175 190 201 201 221 243 243 245 248 248 248 247 247 247 247 247 247 247 247 247 247 247 247 
247 247 247 247 247 247 247 247 247 247 247 247 247 247 247 249 251 251 218 188 188 165 135 135 135 134 134 130 121 121 124 136 136 134 122 122 122 122 122 122 110 110 110 84 81 81 75 73 73 75 76 76 73 71 71 70 69 69 61 53 53 55 59 59 65 78 78 80 85 85 85 87 87 87 85 85 85 81 81 81 80 80 80 83 84 84 95 99 99 104 106 106 110 113 113 125 136 136 142 149 149 149 149 149 148 147 147 146 142 142 142 138 138 137 110 110 110 62 60 60 73 75 75 121 132 132 147 153 153 167 175 175 190 201 201 221 243 243 245 248 248 248 247 247 247 247 247 247 247 247 247 247 247 247 
247 247 247 247 247 247 247 247 247 247 247 247 247 247 247 249 250 250 230 213 213 181 140 140 134 124 124 134 158 158 158 158 158 153 119 119 119 123 123 123 110 109 109 87 83 83 74 71 71 74 75 75 72 70 70 68 65 65 61 57 57 60 65 65 69 79 79 81 87 87 88 91 91 91 92 92 92 91 91 91 92 92 92 96 96 96 107 111 111 114 116 116 119 122 122 130 138 138 141 145 145 145 143 143 143 143 143 142 140 140 140 138 138 138 120 120 120 78 77 77 78 78 78 121 131 131 148 155 155 163 168 168 179 188 188 214 242 242 245 248 248 248 247 247 247 247 247 247 247 247 247 247 247 247 
247 247 247 247 247 247 247 247 247 247 247 247 247 247 247 248 249 249 242 236 236 196 144 144 134 115 115 137 193 193 190 178 178 171 117 117 117 124 124 124 110 109 109 89 86 86 73 70 70 74 75 75 72 70 70 66 62 62 62 62 62 65 70 70 73 80 80 82 89 89 90 95 95 95 99 99 99 100 100 100 104 104 104 107 108 108 119 122 122 124 125 125 128 130 130 135 140 140 141 142 142 141 138 138 138 139 139 139 139 139 139 139 139 139 129 129 129 93 92 92 83 82 82 121 131 131 150 157 157 160 162 162 170 176 176 208 242 242 244 248 248 248 247 247 247 247 247 247 247 247 247 247 247 247 
247 247 247 247 247 247 247 247 247 247 247 247 247 247 247 248 249 249 242 236 236 196 144 144 134 115 115 137 193 193 190 178 178 171 117 117 117 124 124 124 110 109 109 89 86 86 73 70 70 74 75 75 72 70 70 66 62 62 62 62 62 65 70 70 73 80 80 82 89 89 90 95 95 95 99 99 99 100 100 100 104 104 104 107 108 108 119 122 122 124 125 125 128 130 130 135 140 140 141 142 142 141 138 138 138 139 139 139 139 139 139 139 139 139 129 129 129 93 92 92 83 82 82 121 131 131 150 157 157 160 162 162 170 176 176 208 242 242 244 248 248 248 247 247 247 247 247 247 247 247 247 247 247 247 
247 247 247 247 247 247 247 247 247 247 247 247 247 247 247 248 248 248 244 241 241 208 166 166 159 145 145 166 219 219 212 187 187 178 115 115 115 121 121 121 109 108 108 92 89 89 74 70 70 74 76 76 75 74 74 68 63 63 65 66 66 69 73 73 75 81 81 82 85 85 86 86 86 87 87 87 87 86 86 86 88 87 87 90 91 91 101 104 104 110 113 113 115 118 118 121 125 125 126 127 127 125 122 122 116 103 103 103 102 102 105 120 120 120 120 120 120 98 97 97 95 95 95 124 132 132 155 164 164 183 193 193 195 197 197 220 244 244 245 247 247 247 247 247 247 247 247 247 247 247 247 247 247 247 
247 247 247 247 247 247 247 247 247 247 247 247 247 247 247 247 247 247 248 248 248 224 194 194 190 184 184 203 252 252 241 199 199 189 112 112 112 118 118 118 107 107 107 96 94 94 75 70 70 76 78 78 79 79 79 71 65 65 68 72 72 74 77 77 79 82 82 82 81 81 80 76 76 76 73 73 73 69 69 69 67 67 67 69 69 69 79 82 82 92 97 97 100 102 102 104 106 106 107 109 109 106 101 101 89 58 58 58 56 56 61 97 97 98 110 110 110 103 103 103 111 112 112 129 133 133 163 174 174 212 234 234 228 224 224 235 247 247 247 247 247 247 247 247 247 247 247 247 247 247 247 247 247 247 
247 247 247 247 247 247 247 247 247 247 247 247 247 247 247 247 247 247 248 248 248 224 194 194 190 184 184 203 252 252 241 199 199 189 112 112 112 118 118 118 107 107 107 96 94 94 75 70 70 76 78 78 79 79 79 71 65 65 68 72 72 74 77 77 79 82 82 82 81 81 80 76 76 76 73 73 73 69 69 69 67 67 67 69 69 69 79 82 82 92 97 97 100 102 102 104 106 106 107 109 109 106 101 101 89 58 58 58 56 56 61 97 97 98 110 110 110 103 103 103 111 112 112 129 133 133 163 174 174 212 234 234 228 224 224 235 247 247 247 247 247 247 247 247 247 247 247 247 247 247 247 247 247 247 
247 247 247 247 247 247 247 247 247 247 247 247 247 247 247 247 247 247 247 248 248 233 214 214 212 208 208 220 252 252 243 207 207 196 115 115 115 117 117 117 106 106 106 97 96 96 76 71 71 75 77 77 82 84 84 76 69 69 70 70 70 70 69 69 68 66 66 65 61 61 62 63 63 63 69 69 69 66 66 66 66 66 66 73 74 74 80 82 82 95 101 101 110 115 115 119 123 123 125 127 127 126 124 124 106 60 60 56 39 39 43 79 79 80 110 110 110 106 106 106 119 121 121 131 134 134 168 181 181 219 240 240 236 233 233 240 247 247 247 247 247 247 247 247 247 247 247 247 247 247 247 247 247 247 
247 247 247 247 247 247 247 247 247 247 247 247 247 247 247 247 247 247 247 247 247 248 250 250 250 251 251 251 251 251 245 222 222 210 121 121 121 114 114 114 104 104 104 101 101 101 79 73 73 75 76 76 88 94 94 84 77 77 73 68 68 62 54 54 49 38 38 35 27 27 29 40 40 42 62 62 62 61 61 61 65 65 65 80 83 83 84 84 84 101 109 109 127 139 139 147 154 154 157 160 160 162 165 165 137 64 64 53 8 8 13 46 46 49 111 111 111 111 111 111 134 137 137 136 136 136 178 194 194 231 252 252 251 250 250 249 247 247 247 247 247 247 247 247 247 247 247 247 247 247 247 247 247 247 
247 247 247 247 247 247 247 247 247 247 247 247 247 247 247 247 247 247 247 247 247 248 250 250 250 251 251 251 251 251 245 222 222 210 121 121 121 114 114 114 104 104 104 101 101 101 79 73 73 75 76 76 88 94 94 84 77 77 73 68 68 62 54 54 49 38 38 35 27 27 29 40 40 42 62 62 62 61 61 61 65 65 65 80 83 83 84 84 84 101 109 109 127 139 139 147 154 154 157 160 160 162 165 165 137 64 64 53 8 8 13 46 46 49 111 111 111 111 111 111 134 137 137 136 136 136 178 194 194 231 252 252 251 250 250 249 247 247 247 247 247 247 247 247 247 247 247 247 247 247 247 247 247 247 
247 247 247 247 247 247 247 247 247 247 247 247 247 247 247 247 247 247 247 247 247 248 249 249 249 250 250 250 250 250 246 229 229 217 129 129 129 113 113 113 103 103 103 102 102 102 83 78 78 75 74 74 87 95 95 88 82 82 75 69 69 59 45 45 40 29 29 29 30 30 34 53 53 55 80 80 80 81 81 81 87 87 87 105 108 108 110 110 110 123 130 130 146 157 157 161 166 166 168 171 171 172 174 174 145 73 73 62 19 19 24 65 65 67 115 115 115 114 114 114 136 139 139 138 137 137 183 200 200 233 251 251 250 249 249 248 247 247 247 247 247 247 247 247 247 247 247 247 247 247 247 247 247 247 
247 247 247 247 247 247 247 247 247 247 247 247 247 247 247 247 247 247 247 247 247 247 247 247 247 247 247 247 248 248 248 246 246 235 151 151 149 111 111 111 101 101 101 105 105 105 93 90 90 75 69 69 88 98 98 96 94 94 83 71 71 51 21 21 16 6 6 14 40 40 47 86 86 89 126 126 126 134 134 134 144 145 145 169 174 174 177 178 178 181 183 183 196 204 204 200 196 196 198 201 201 200 197 197 168 95 95 85 47 47 55 115 115 115 127 127 127 123 123 123 141 143 143 141 141 141 196 217 217 238 250 250 248 247 247 247 247 247 247 247 247 247 247 247 247 247 247 247 247 247 247 247 247 247 
247 247 247 247 247 247 247 247 247 247 247 247 247 247 247 247 247 247 247 247 247 247 247 247 247 247 247 247 248 248 248 246 246 235 151 151 149 111 111 111 101 101 101 105 105 105 93 90 90 75 69 69 88 98 98 96 94 94 83 71 71 51 21 21 16 6 6 14 40 40 47 86 86 89 126 126 126 134 134 134 144 145 145 169 174 174 177 178 178 181 183 183 196 204 204 200 196 196 198 201 201 200 197 197 168 95 95 85 47 47 55 115 115 115 127 127 127 123 123 123 141 143 143 141 141 141 196 217 217 238 250 250 248 247 247 247 247 247 247 247 247 247 247 247 247 247 247 247 247 247 247 247 247 247 
247 247 247 247 247 247 247 247 247 247 247 247 247 247 247 247 247 247 247 247 247 247 247 247 247 247 247 247 248 248 248 247 247 237 160 160 158 111 111 111 101 101 101 102 103 103 96 94 94 76 69 69 87 96 96 96 96 96 86 74 74 57 31 31 24 11 11 19 44 44 52 92 92 95 130 130 130 138 138 138 148 149 149 171 175 175 180 182 182 184 185 185 196 203 203 199 195 195 197 198 198 195 188 188 162 96 96 89 62 62 69 123 123 123 126 126 126 125 125 125 139 141 141 143 144 144 199 221 221 239 250 250 248 247 247 247 247 247 247 247 247 247 247 247 247 247 247 247 247 247 247 247 247 247 
247 247 247 247 247 247 247 247 247 247 247 247 247 247 247 247 247 247 247 247 247 247 247 247 247 247 247 247 247 247 248 252 252 246 198 198 195 112 112 112 101 101 101 95 94 94 107 110 110 81 70 70 83 90 90 99 106 106 96 86 86 79 69 69 57 32 32 39 61 61 70 115 115 117 144 144 144 154 154 154 165 166 166 177 179 179 193 197 197 194 192 192 197 200 200 196 193 193 190 187 187 175 154 154 139 101 101 105 123 123 127 156 156 155 124 124 124 135 135 135 136 136 136 150 154 154 212 235 235 244 249 249 248 247 247 247 247 247 247 247 247 247 247 247 247 247 247 247 247 247 247 247 247 247 
247 247 247 247 247 247 247 247 247 247 247 247 247 247 247 247 247 247 247 247 247 247 247 247 247 247 247 247 247 247 248 252 252 246 198 198 195 112 112 112 101 101 101 95 94 94 107 110 110 81 70 70 83 90 90 99 106 106 96 86 86 79 69 69 57 32 32 39 61 61 70 115 115 117 144 144 144 154 154 154 165 166 166 177 179 179 193 197 197 194 192 192 197 200 200 196 193 193 190 187 187 175 154 154 139 101 101 105 123 123 127 156 156 155 124 124 124 135 135 135 136 136 136 150 154 154 212 235 235 244 249 249 248 247 247 247 247 247 247 247 247 247 247 247 247 247 247 247 247 247 247 247 247 247 
247 247 247 247 247 247 247 247 247 247 247 247 247 247 247 247 247 247 247 247 247 247 247 247 247 247 247 247 247 247 248 251 251 246 203 203 199 115 115 115 101 101 101 94 93 93 106 109 109 82 72 72 82 88 88 99 107 107 97 86 86 81 73 73 63 39 39 45 62 62 69 109 109 111 137 137 137 145 145 145 156 157 157 169 171 171 185 189 189 187 186 186 189 192 192 188 185 185 183 180 180 170 151 151 138 105 105 110 127 127 130 156 156 155 124 124 124 135 135 135 135 135 135 153 157 157 214 236 236 244 249 249 248 247 247 247 247 247 247 247 247 247 247 247 247 247 247 247 247 247 247 247 247 247 
247 247 247 247 247 247 247 247 247 247 247 247 247 247 247 247 247 247 247 247 247 247 247 247 247 247 247 247 247 247 247 249 249 248 238 238 234 136 136 136 101 100 100 89 88 88 102 106 106 92 87 87 79 75 75 96 113 113 101 89 89 96 107 107 103 94 94 88 67 67 67 67 67 69 86 86 86 83 83 83 89 89 89 110 114 114 130 135 135 139 141 141 136 133 133 129 125 125 129 133 133 130 126 126 129 138 138 142 158 158 158 158 158 157 125 125 125 137 138 138 133 132 132 169 178 178 228 247 247 247 247 247 247 247 247 247 247 247 247 247 247 247 247 247 247 247 247 247 247 247 247 247 247 247 
247 247 247 247 247 247 247 247 247 247 247 247 247 247 247 247 247 247 247 247 247 247 247 247 247 247 247 247 247 247 247 249 249 248 238 238 234 136 136 136 101 100 100 89 88 88 102 106 106 92 87 87 79 75 75 96 113 113 101 89 89 96 107 107 103 94 94 88 67 67 67 67 67 69 86 86 86 83 83 83 89 89 89 110 114 114 130 135 135 139 141 141 136 133 133 129 125 125 129 133 133 130 126 126 129 138 138 142 158 158 158 158 158 157 125 125 125 137 138 138 133 132 132 169 178 178 228 247 247 247 247 247 247 247 247 247 247 247 247 247 247 247 247 247 247 247 247 247 247 247 247 247 247 247 
247 247 247 247 247 247 247 247 247 247 247 247 247 247 247 247 247 247 247 247 247 247 247 247 247 247 247 247 247 247 247 249 249 248 238 238 234 138 138 138 101 100 100 89 88 88 102 105 105 92 87 87 79 74 74 96 112 112 101 89 89 96 107 107 103 94 94 88 68 68 68 68 68 69 86 86 86 83 83 83 89 89 89 110 114 114 129 134 134 138 140 140 136 133 133 129 126 126 130 134 134 131 127 127 130 139 139 143 158 158 158 158 158 156 125 125 125 137 138 138 133 132 132 170 179 179 228 247 247 247 247 247 247 247 247 247 247 247 247 247 247 247 247 247 247 247 247 247 247 247 247 247 247 247 
247 247 247 247 247 247 247 247 247 247 247 247 247 247 247 247 247 247 247 247 247 247 247 247 247 247 247 247 247 247 247 247 247 248 252 252 250 192 192 192 101 97 97 89 88 88 89 89 89 95 98 98 77 65 65 86 103 103 101 98 98 101 106 106 107 110 110 106 94 94 93 85 85 85 83 83 83 90 90 90 104 105 105 116 118 118 120 120 120 121 121 121 128 132 132 145 157 157 157 158 158 156 152 152 155 162 162 163 166 166 165 156 156 155 133 133 133 138 138 138 139 139 139 199 214 214 240 250 250 248 247 247 247 247 247 247 247 247 247 247 247 247 247 247 247 247 247 247 247 247 247 247 247 247 
247 247 247 247 247 247 247 247 247 247 247 247 247 247 247 247 247 247 247 247 247 247 247 247 247 247 247 247 247 247 247 247 247 248 252 252 250 192 192 192 101 97 97 89 88 88 89 89 89 95 98 98 77 65 65 86 103 103 101 98 98 101 106 106 107 110 110 106 94 94 93 85 85 85 83 83 83 90 90 90 104 105 105 116 118 118 120 120 120 121 121 121 128 132 132 145 157 157 157 158 158 156 152 152 155 162 162 163 166 166 165 156 156 155 133 133 133 138 138 138 139 139 139 199 214 214 240 250 250 248 247 247 247 247 247 247 247 247 247 247 247 247 247 247 247 247 247 247 247 247 247 247 247 247 
247 247 247 247 247 247 247 247 247 247 247 247 247 247 247 247 247 247 247 247 247 247 247 247 247 247 247 247 247 247 247 247 247 248 252 252 250 192 192 192 101 97 97 89 88 88 89 89 89 95 98 98 77 65 65 86 103 103 101 98 98 101 106 106 107 110 110 106 94 94 93 85 85 85 83 83 83 90 90 90 104 105 105 116 118 118 120 120 120 121 121 121 128 132 132 145 157 157 157 158 158 156 152 152 155 162 162 163 166 166 165 156 156 155 133 133 133 138 138 138 139 139 139 199 214 214 240 250 250 248 247 247 247 247 247 247 247 247 247 247 247 247 247 247 247 247 247 247 247 247 247 247 247 247 
247 247 247 247 247 247 247 247 247 247 247 247 247 247 247 247 247 247 247 247 247 247 247 247 247 247 247 247 247 247 247 247 247 247 249 249 249 241 241 241 136 131 131 90 84 84 83 83 83 90 93 93 81 74 74 81 86 86 97 109 109 105 97 97 102 113 113 111 106 106 105 96 96 96 92 92 92 89 89 89 97 98 98 109 111 111 116 118 118 119 120 120 127 131 131 138 144 144 147 151 151 155 162 162 164 170 170 170 166 166 164 146 146 146 143 143 143 136 136 136 163 167 167 227 243 243 246 248 248 247 247 247 247 247 247 247 247 247 247 247 247 247 247 247 247 247 247 247 247 247 247 247 247 247 
247 247 247 247 247 247 247 247 247 247 247 247 247 247 247 247 247 247 247 247 247 247 247 247 247 247 247 247 247 247 247 247 247 247 249 249 249 243 243 243 137 133 133 90 84 84 83 83 83 90 93 93 81 75 75 81 85 85 97 110 110 105 97 97 102 113 113 112 107 107 105 97 97 97 92 92 92 89 89 89 97 98 98 109 111 111 116 118 118 119 120 120 127 131 131 138 144 144 147 151 151 155 162 162 165 171 171 170 166 166 164 146 146 146 144 144 144 136 136 136 164 168 168 229 244 244 247 248 248 247 247 247 247 247 247 247 247 247 247 247 247 247 247 247 247 247 247 247 247 247 247 247 247 247 
247 247 247 247 247 247 247 247 247 247 247 247 247 247 247 247 247 247 247 247 247 247 247 247 247 247 247 247 247 247 247 247 247 247 249 249 249 243 243 243 137 133 133 90 84 84 83 83 83 90 93 93 81 75 75 81 85 85 97 110 110 105 97 97 102 113 113 112 107 107 105 97 97 97 92 92 92 89 89 89 97 98 98 109 111 111 116 118 118 119 120 120 127 131 131 138 144 144 147 151 151 155 162 162 165 171 171 170 166 166 164 146 146 146 144 144 144 136 136 136 164 168 168 229 244 244 247 248 248 247 247 247 247 247 247 247 247 247 247 247 247 247 247 247 247 247 247 247 247 247 247 247 247 247 
247 247 247 247 247 247 247 247 247 247 247 247 247 247 247 247 247 247 247 247 247 247 247 247 247 247 247 247 247 247 247 247 247 247 247 247 247 251 251 251 203 201 201 108 95 95 84 81 81 83 84 84 85 86 86 79 73 73 92 112 112 103 91 91 95 104 104 106 112 112 111 104 104 103 96 96 96 88 88 88 84 84 84 89 90 90 99 102 102 108 110 110 114 116 116 124 132 132 139 149 149 155 165 165 166 168 168 166 159 159 157 148 148 148 147 147 147 146 146 146 207 215 215 242 249 249 248 247 247 247 247 247 247 247 247 247 247 247 247 247 247 247 247 247 247 247 247 247 247 247 247 247 247 247 
247 247 247 247 247 247 247 247 247 247 247 247 247 247 247 247 247 247 247 247 247 247 247 247 247 247 247 247 247 247 247 247 247 247 247 247 247 252 252 252 212 210 210 111 97 97 84 81 81 82 83 83 86 87 87 79 72 72 91 112 112 103 90 90 94 103 103 105 113 113 112 105 105 104 97 97 97 88 88 88 82 82 82 86 87 87 97 100 100 106 109 109 112 114 114 122 130 130 138 149 149 155 166 166 167 168 168 166 158 158 157 148 148 148 148 148 148 147 147 147 213 222 222 244 250 250 248 247 247 247 247 247 247 247 247 247 247 247 247 247 247 247 247 247 247 247 247 247 247 247 247 247 247 247 
247 247 247 247 247 247 247 247 247 247 247 247 247 247 247 247 247 247 247 247 247 247 247 247 247 247 247 247 247 247 247 247 247 247 247 247 247 252 252 252 212 210 210 111 97 97 84 81 81 82 83 83 86 87 87 79 72 72 91 112 112 103 90 90 94 103 103 105 113 113 112 105 105 104 97 97 97 88 88 88 82 82 82 86 87 87 97 100 100 106 109 109 112 114 114 122 130 130 138 149 149 155 166 166 167 168 168 166 158 158 157 148 148 148 148 148 148 147 147 147 213 222 222 244 250 250 248 247 247 247 247 247 247 247 247 247 247 247 247 247 247 247 247 247 247 247 247 247 247 247 247 247 247 247 
247 247 247 247 247 247 247 247 247 247 247 247 247 247 247 247 247 247 247 247 247 247 247 247 247 247 247 247 247 247 247 247 247 247 247 247 247 248 248 248 244 244 244 168 158 158 97 82 82 81 80 80 85 87 87 79 73 73 85 98 98 100 102 102 99 93 93 97 110 110 110 109 109 108 103 103 103 94 94 94 85 84 84 85 85 85 90 92 92 99 103 103 109 113 113 123 132 132 141 152 152 157 166 166 165 164 164 162 157 157 157 155 155 155 148 148 148 187 188 188 238 244 244 247 248 248 247 247 247 247 247 247 247 247 247 247 247 247 247 247 247 247 247 247 247 247 247 247 247 247 247 247 247 247 
247 247 247 247 247 247 247 247 247 247 247 247 247 247 247 247 247 247 247 247 247 247 247 247 247 247 247 247 247 247 247 247 247 247 247 247 247 247 247 247 252 252 252 182 173 173 100 82 82 81 80 80 84 87 87 79 73 73 84 95 95 99 105 105 101 91 91 95 109 109 109 110 110 110 105 105 105 96 96 96 86 85 85 85 85 85 89 90 90 97 101 101 108 113 113 123 133 133 142 153 153 158 166 166 165 163 163 162 157 157 157 157 157 157 148 148 148 197 199 199 244 250 250 248 247 247 247 247 247 247 247 247 247 247 247 247 247 247 247 247 247 247 247 247 247 247 247 247 247 247 247 247 247 247 
247 247 247 247 247 247 247 247 247 247 247 247 247 247 247 247 247 247 247 247 247 247 247 247 247 247 247 247 247 247 247 247 247 247 247 247 247 247 247 247 252 252 252 182 173 173 100 82 82 81 80 80 84 87 87 79 73 73 84 95 95 99 105 105 101 91 91 95 109 109 109 110 110 110 105 105 105 96 96 96 86 85 85 85 85 85 89 90 90 97 101 101 108 113 113 123 133 133 142 153 153 158 166 166 165 163 163 162 157 157 157 157 157 157 148 148 148 197 199 199 244 250 250 248 247 247 247 247 247 247 247 247 247 247 247 247 247 247 247 247 247 247 247 247 247 247 247 247 247 247 247 247 247 247 
247 247 247 247 247 247 247 247 247 247 247 247 247 247 247 247 247 247 247 247 247 247 247 247 247 247 247 247 247 247 247 247 247 247 247 247 247 247 247 247 250 250 250 227 224 224 142 121 121 89 76 76 80 83 83 82 81 81 81 81 81 92 111 111 105 93 93 95 103 103 104 107 107 107 104 104 104 101 101 101 100 99 99 100 100 100 102 103 103 108 111 111 120 126 126 134 141 141 148 157 157 160 166 166 165 164 164 163 161 161 161 160 160 160 168 168 168 229 231 231 246 248 248 247 247 247 247 247 247 247 247 247 247 247 247 247 247 247 247 247 247 247 247 247 247 247 247 247 247 247 247 247 247 247 
247 247 247 247 247 247 247 247 247 247 247 247 247 247 247 247 247 247 247 247 247 247 247 247 247 247 247 247 247 247 247 247 247 247 247 247 247 247 247 247 249 249 249 245 244 244 158 136 136 92 75 75 79 81 81 83 84 84 80 75 75 90 113 113 107 94 94 96 101 101 102 106 106 106 104 104 104 103 103 103 105 105 105 106 106 106 108 108 108 113 115 115 125 131 131 138 144 144 150 158 158 161 166 166 165 164 164 164 163 163 163 161 161 162 176 176 176 241 244 244 248 248 248 247 247 247 247 247 247 247 247 247 247 247 247 247 247 247 247 247 247 247 247 247 247 247 247 247 247 247 247 247 247 247 
247 247 247 247 247 247 247 247 247 247 247 247 247 247 247 247 247 247 247 247 247 247 247 247 247 247 247 247 247 247 247 247 247 247 247 247 247 247 247 247 249 249 249 245 244 244 158 136 136 92 75 75 79 81 81 83 84 84 80 75 75 90 113 113 107 94 94 96 101 101 102 106 106 106 104 104 104 103 103 103 105 105 105 106 106 106 108 108 108 113 115 115 125 131 131 138 144 144 150 158 158 161 166 166 165 164 164 164 163 163 163 161 161 162 176 176 176 241 244 244 248 248 248 247 247 247 247 247 247 247 247 247 247 247 247 247 247 247 247 247 247 247 247 247 247 247 247 247 247 247 247 247 247 247 
247 247 247 247 247 247 247 247 247 247 247 247 247 247 247 247 247 247 247 247 247 247 247 247 247 247 247 247 247 247 247 247 247 247 247 247 247 247 247 247 248 248 248 248 248 248 205 195 195 123 95 95 83 76 76 82 86 86 81 75 75 84 99 99 101 106 106 105 101 101 102 105 105 105 104 104 104 103 103 103 108 108 108 112 112 112 116 117 117 124 126 126 134 139 139 144 148 148 152 158 158 159 162 162 162 163 163 163 166 166 166 167 167 168 207 207 207 246 248 248 247 247 247 247 247 247 247 247 247 247 247 247 247 247 247 247 247 247 247 247 247 247 247 247 247 247 247 247 247 247 247 247 247 247 
247 247 247 247 247 247 247 247 247 247 247 247 247 247 247 247 247 247 247 247 247 247 247 247 247 247 247 247 247 247 247 247 247 247 247 247 247 247 247 247 247 247 247 251 251 251 233 228 228 140 106 106 86 74 74 82 88 88 82 75 75 81 91 91 98 113 113 110 101 101 102 105 105 105 104 104 104 103 103 103 109 110 110 115 116 116 121 123 123 130 133 133 140 144 144 147 150 150 154 158 158 159 160 160 161 162 162 163 168 168 168 170 170 172 224 224 224 249 250 250 247 247 247 247 247 247 247 247 247 247 247 247 247 247 247 247 247 247 247 247 247 247 247 247 247 247 247 247 247 247 247 247 247 247 
247 247 247 247 247 247 247 247 247 247 247 247 247 247 247 247 247 247 247 247 247 247 247 247 247 247 247 247 247 247 247 247 247 247 247 247 247 247 247 247 247 247 247 251 251 251 233 228 228 140 106 106 86 74 74 82 88 88 82 75 75 81 91 91 98 113 113 110 101 101 102 105 105 105 104 104 104 103 103 103 109 110 110 115 116 116 121 123 123 130 133 133 140 144 144 147 150 150 154 158 158 159 160 160 161 162 162 163 168 168 168 170 170 172 224 224 224 249 250 250 247 247 247 247 247 247 247 247 247 247 247 247 247 247 247 247 247 247 247 247 247 247 247 247 247 247 247 247 247 247 247 247 247 247 
247 247 247 247 247 247 247 247 247 247 247 247 247 247 247 247 247 247 247 247 247 247 247 247 247 247 247 247 247 247 247 247 247 247 247 247 247 247 247 247 247 247 247 248 249 249 243 242 242 183 161 161 110 81 81 83 83 83 81 79 79 81 83 83 92 111 111 110 106 106 106 108 108 108 107 107 107 107 107 107 113 114 114 119 120 120 124 126 126 132 135 135 140 144 144 148 153 153 156 160 160 159 156 156 158 164 164 165 171 171 173 188 188 190 238 238 238 248 248 248 247 247 247 247 247 247 247 247 247 247 247 247 247 247 247 247 247 247 247 247 247 247 247 247 247 247 247 247 247 247 247 247 247 247 
247 247 247 247 247 247 247 247 247 247 247 247 247 247 247 247 247 247 247 247 247 247 247 247 247 247 247 247 247 247 247 247 247 247 247 247 247 247 247 247 247 247 247 247 247 247 252 253 253 218 204 204 129 87 87 83 80 80 81 83 83 80 76 76 87 110 110 110 110 110 110 110 110 110 109 109 109 110 110 110 116 117 117 122 123 123 127 128 128 133 136 136 141 144 144 150 155 155 158 161 161 158 154 154 157 165 165 167 173 173 176 202 202 204 249 249 249 247 247 247 247 247 247 247 247 247 247 247 247 247 247 247 247 247 247 247 247 247 247 247 247 247 247 247 247 247 247 247 247 247 247 247 247 247 
247 247 247 247 247 247 247 247 247 247 247 247 247 247 247 247 247 247 247 247 247 247 247 247 247 247 247 247 247 247 247 247 247 247 247 247 247 247 247 247 247 247 247 247 247 247 252 253 253 218 204 204 129 87 87 83 80 80 81 83 83 80 76 76 87 110 110 110 110 110 110 110 110 110 109 109 109 110 110 110 116 117 117 122 123 123 127 128 128 133 136 136 141 144 144 150 155 155 158 161 161 158 154 154 157 165 165 167 173 173 176 202 202 204 249 249 249 247 247 247 247 247 247 247 247 247 247 247 247 247 247 247 247 247 247 247 247 247 247 247 247 247 247 247 247 247 247 247 247 247 247 247 247 247 
247 247 247 247 247 247 247 247 247 247 247 247 247 247 247 247 247 247 247 247 247 247 247 247 247 247 247 247 247 247 247 247 247 247 247 247 247 247 247 247 247 247 247 247 247 247 249 250 250 234 227 227 165 130 130 101 78 78 80 81 81 78 75 75 83 100 100 102 109 109 110 112 112 112 115 115 115 112 112 112 116 116 116 120 121 121 124 125 125 129 131 131 137 141 141 146 151 151 154 158 158 157 155 155 158 167 167 169 178 178 183 218 218 219 249 249 249 247 247 247 247 247 247 247 247 247 247 247 247 247 247 247 247 247 247 247 247 247 247 247 247 247 247 247 247 247 247 247 247 247 247 247 247 247 
247 247 247 247 247 247 247 247 247 247 247 247 247 247 247 247 247 247 247 247 247 247 247 247 247 247 247 247 247 247 247 247 247 247 247 247 247 247 247 247 247 247 247 247 247 247 247 247 247 251 253 253 204 177 177 121 77 77 78 79 79 77 74 74 79 89 89 94 109 109 110 115 115 116 122 122 122 115 115 115 116 116 116 119 119 119 121 122 122 125 127 127 133 137 137 142 147 147 151 156 156 156 156 156 160 170 170 173 183 183 189 235 235 236 249 249 249 247 247 247 247 247 247 247 247 247 247 247 247 247 247 247 247 247 247 247 247 247 247 247 247 247 247 247 247 247 247 247 247 247 247 247 247 247 
247 247 247 247 247 247 247 247 247 247 247 247 247 247 247 247 247 247 247 247 247 247 247 247 247 247 247 247 247 247 247 247 247 247 247 247 247 247 247 247 247 247 247 247 247 247 247 247 247 251 253 253 204 177 177 121 77 77 78 79 79 77 74 74 79 89 89 94 109 109 110 115 115 116 122 122 122 115 115 115 116 116 116 119 119 119 121 122 122 125 127 127 133 137 137 142 147 147 151 156 156 156 156 156 160 170 170 173 183 183 189 235 235 236 249 249 249 247 247 247 247 247 247 247 247 247 247 247 247 247 247 247 247 247 247 247 247 247 247 247 247 247 247 247 247 247 247 247 247 247 247 247 247 247 
247 247 247 247 247 247 247 247 247 247 247 247 247 247 247 247 247 247 247 247 247 247 247 247 247 247 247 247 247 247 247 247 247 247 247 247 247 247 247 247 247 247 247 247 247 247 247 247 247 250 251 251 222 206 206 153 112 112 94 75 75 74 71 71 75 82 82 87 101 101 102 108 108 109 117 117 117 116 116 116 117 117 117 119 120 120 121 122 122 124 125 125 132 136 136 140 144 144 148 153 153 154 155 155 158 166 166 172 194 194 200 241 241 241 248 248 248 247 247 247 247 247 247 247 247 247 247 247 247 247 247 247 247 247 247 247 247 247 247 247 247 247 247 247 247 247 247 247 247 247 247 247 247 247 
247 247 247 247 247 247 247 247 247 247 247 247 247 247 247 247 247 247 247 247 247 247 247 247 247 247 247 247 247 247 247 247 247 247 247 247 247 247 247 247 247 247 247 247 247 247 247 247 247 248 248 248 249 250 250 202 164 164 119 70 70 69 68 68 69 72 72 76 89 89 90 98 98 99 109 109 109 118 118 118 120 120 120 121 121 121 122 122 122 123 123 123 130 135 135 137 139 139 143 149 149 151 155 155 156 160 160 170 211 211 216 250 250 250 247 247 247 247 247 247 247 247 247 247 247 247 247 247 247 247 247 247 247 247 247 247 247 247 247 247 247 247 247 247 247 247 247 247 247 247 247 247 247 247 
247 247 247 247 247 247 247 247 247 247 247 247 247 247 247 247 247 247 247 247 247 247 247 247 247 247 247 247 247 247 247 247 247 247 247 247 247 247 247 247 247 247 247 247 247 247 247 247 247 248 248 248 249 250 250 202 164 164 119 70 70 69 68 68 69 72 72 76 89 89 90 98 98 99 109 109 109 118 118 118 120 120 120 121 121 121 122 122 122 123 123 123 130 135 135 137 139 139 143 149 149 151 155 155 156 160 160 170 211 211 216 250 250 250 247 247 247 247 247 247 247 247 247 247 247 247 247 247 247 247 247 247 247 247 247 247 247 247 247 247 247 247 247 247 247 247 247 247 247 247 247 247 247 247 
247 247 247 247 247 247 247 247 247 247 247 247 247 247 247 247 247 247 247 247 247 247 247 247 247 247 247 247 247 247 247 247 247 247 247 247 247 247 247 247 247 247 247 247 247 247 247 247 247 247 247 247 249 250 250 217 191 191 147 99 99 88 71 71 69 67 67 70 81 81 82 90 90 91 101 101 101 111 111 111 115 116 116 119 119 119 121 121 121 121 121 121 127 131 131 133 134 134 138 142 142 143 145 145 149 162 162 174 222 222 225 249 249 249 247 247 247 247 247 247 247 247 247 247 247 247 247 247 247 247 247 247 247 247 247 247 247 247 247 247 247 247 247 247 247 247 247 247 247 247 247 247 247 247 
247 247 247 247 247 247 247 247 247 247 247 247 247 247 247 247 247 247 247 247 247 247 247 247 247 247 247 247 247 247 247 247 247 247 247 247 247 247 247 247 247 247 247 247 247 247 247 247 247 247 247 247 248 249 249 249 249 249 207 161 161 127 76 76 70 57 57 59 64 64 66 74 74 75 85 85 85 96 96 96 106 107 107 115 116 116 120 121 121 119 118 118 120 122 122 124 125 125 126 127 127 126 123 123 135 166 166 182 245 245 245 248 248 248 247 247 247 247 247 247 247 247 247 247 247 247 247 247 247 247 247 247 247 247 247 247 247 247 247 247 247 247 247 247 247 247 247 247 247 247 247 247 247 247 
247 247 247 247 247 247 247 247 247 247 247 247 247 247 247 247 247 247 247 247 247 247 247 247 247 247 247 247 247 247 247 247 247 247 247 247 247 247 247 247 247 247 247 247 247 247 247 247 247 247 247 247 248 249 249 249 249 249 207 161 161 127 76 76 70 57 57 59 64 64 66 74 74 75 85 85 85 96 96 96 106 107 107 115 116 116 120 121 121 119 118 118 120 122 122 124 125 125 126 127 127 126 123 123 135 166 166 182 245 245 245 248 248 248 247 247 247 247 247 247 247 247 247 247 247 247 247 247 247 247 247 247 247 247 247 247 247 247 247 247 247 247 247 247 247 247 247 247 247 247 247 247 247 247 
247 247 247 247 247 247 247 247 247 247 247 247 247 247 247 247 247 247 247 247 247 247 247 247 247 247 247 247 247 247 247 247 247 247 247 247 247 247 247 247 247 247 247 247 247 247 247 247 247 247 247 247 248 248 248 248 249 249 217 182 182 153 109 109 98 76 76 74 67 67 67 70 70 71 78 78 78 88 88 88 98 99 99 107 109 109 113 114 114 112 111 111 113 115 115 116 117 117 118 119 119 122 128 128 143 182 182 195 246 246 246 248 248 248 247 247 247 247 247 247 247 247 247 247 247 247 247 247 247 247 247 247 247 247 247 247 247 247 247 247 247 247 247 247 247 247 247 247 247 247 247 247 247 247 
247 247 247 247 247 247 247 247 247 247 247 247 247 247 247 247 247 247 247 247 247 247 247 247 247 247 247 247 247 247 247 247 247 247 247 247 247 247 247 247 247 247 247 247 247 247 247 247 247 247 247 247 247 247 247 248 248 248 249 250 250 235 213 213 189 138 138 123 76 76 73 58 58 58 56 56 56 63 63 63 72 73 73 84 86 86 91 93 93 92 91 91 92 93 93 92 92 92 93 95 95 113 145 145 170 234 234 237 250 250 250 247 247 247 247 247 247 247 247 247 247 247 247 247 247 247 247 247 247 247 247 247 247 247 247 247 247 247 247 247 247 247 247 247 247 247 247 247 247 247 247 247 247 247 
247 247 247 247 247 247 247 247 247 247 247 247 247 247 247 247 247 247 247 247 247 247 247 247 247 247 247 247 247 247 247 247 247 247 247 247 247 247 247 247 247 247 247 247 247 247 247 247 247 247 247 247 247 247 247 248 248 248 249 250 250 235 213 213 189 138 138 123 76 76 73 58 58 58 56 56 56 63 63 63 72 73 73 84 86 86 91 93 93 92 91 91 92 93 93 92 92 92 93 95 95 113 145 145 170 234 234 237 250 250 250 247 247 247 247 247 247 247 247 247 247 247 247 247 247 247 247 247 247 247 247 247 247 247 247 247 247 247 247 247 247 247 247 247 247 247 247 247 247 247 247 247 247 247 
247 247 247 247 247 247 247 247 247 247 247 247 247 247 247 247 247 247 247 247 247 247 247 247 247 247 247 247 247 247 247 247 247 247 247 247 247 247 247 247 247 247 247 247 247 247 247 247 247 247 247 247 247 247 247 247 248 248 249 249 249 237 219 219 199 156 156 143 101 101 97 80 80 80 72 72 72 69 69 69 71 71 71 79 81 81 86 88 88 87 86 86 88 90 90 93 95 95 101 109 109 127 161 161 182 237 237 239 249 249 249 247 247 247 247 247 247 247 247 247 247 247 247 247 247 247 247 247 247 247 247 247 247 247 247 247 247 247 247 247 247 247 247 247 247 247 247 247 247 247 247 247 247 247 
247 247 247 247 247 247 247 247 247 247 247 247 247 247 247 247 247 247 247 247 247 247 247 247 247 247 247 247 247 247 247 247 247 247 247 247 247 247 247 247 247 247 247 247 247 247 247 247 247 247 247 247 247 247 247 247 247 247 247 247 247 249 252 252 252 251 251 246 230 230 225 198 198 194 154 154 154 99 99 99 66 63 63 57 56 56 61 62 62 63 63 63 70 74 74 94 113 113 144 183 183 204 242 242 244 250 250 249 247 247 247 247 247 247 247 247 247 247 247 247 247 247 247 247 247 247 247 247 247 247 247 247 247 247 247 247 247 247 247 247 247 247 247 247 247 247 247 247 247 247 247 247 247 247 
247 247 247 247 247 247 247 247 247 247 247 247 247 247 247 247 247 247 247 247 247 247 247 247 247 247 247 247 247 247 247 247 247 247 247 247 247 247 247 247 247 247 247 247 247 247 247 247 247 247 247 247 247 247 247 247 247 247 247 247 247 249 252 252 252 251 251 246 230 230 225 198 198 194 154 154 154 99 99 99 66 63 63 57 56 56 61 62 62 63 63 63 70 74 74 94 113 113 144 183 183 204 242 242 244 250 250 249 247 247 247 247 247 247 247 247 247 247 247 247 247 247 247 247 247 247 247 247 247 247 247 247 247 247 247 247 247 247 247 247 247 247 247 247 247 247 247 247 247 247 247 247 247 247 
247 247 247 247 247 247 247 247 247 247 247 247 247 247 247 247 247 247 247 247 247 247 247 247 247 247 247 247 247 247 247 247 247 247 247 247 247 247 247 247 247 247 247 247 247 247 247 247 247 247 247 247 247 247 247 247 247 247 247 247 247 249 252 252 251 251 251 246 232 232 227 202 202 199 162 162 162 111 111 111 78 75 75 69 68 68 71 73 73 74 74 74 81 86 86 105 123 123 152 188 188 208 242 242 244 250 250 249 247 247 247 247 247 247 247 247 247 247 247 247 247 247 247 247 247 247 247 247 247 247 247 247 247 247 247 247 247 247 247 247 247 247 247 247 247 247 247 247 247 247 247 247 247 247 
247 247 247 247 247 247 247 247 247 247 247 247 247 247 247 247 247 247 247 247 247 247 247 247 247 247 247 247 247 247 247 247 247 247 247 247 247 247 247 247 247 247 247 247 247 247 247 247 247 247 247 247 247 247 247 247 247 247 247 247 247 247 247 247 247 247 247 248 250 250 250 253 253 253 254 254 254 245 245 245 223 221 221 206 203 203 198 197 197 200 202 202 213 221 221 233 245 245 248 252 252 251 248 248 248 247 247 247 247 247 247 247 247 247 247 247 247 247 247 247 247 247 247 247 247 247 247 247 247 247 247 247 247 247 247 247 247 247 247 247 247 247 247 247 247 247 247 247 247 247 247 247 247 247 
247 247 247 247 247 247 247 247 247 247 247 247 247 247 247 247 247 247 247 247 247 247 247 247 247 247 247 247 247 247 247 247 247 247 247 247 247 247 247 247 247 247 247 247 247 247 247 247 247 247 247 247 247 247 247 247 247 247 247 247 247 247 247 247 247 247 247 248 250 250 250 253 253 253 254 254 254 245 245 245 223 221 221 206 203 203 198 197 197 200 202 202 213 221 221 233 245 245 248 252 252 251 248 248 248 247 247 247 247 247 247 247 247 247 247 247 247 247 247 247 247 247 247 247 247 247 247 247 247 247 247 247 247 247 247 247 247 247 247 247 247 247 247 247 247 247 247 247 247 247 247 247 247 247 
247 247 247 247 247 247 247 247 247 247 247 247 247 247 247 247 247 247 247 247 247 247 247 247 247 247 247 247 247 247 247 247 247 247 247 247 247 247 247 247 247 247 247 247 247 247 247 247 247 247 247 247 247 247 247 247 247 247 247 247 247 247 247 247 247 247 247 248 250 250 250 253 253 253 254 254 254 245 245 245 223 221 221 206 203 203 198 197 197 200 202 202 213 221 221 233 245 245 248 252 252 251 248 248 248 247 247 247 247 247 247 247 247 247 247 247 247 247 247 247 247 247 247 247 247 247 247 247 247 247 247 247 247 247 247 247 247 247 247 247 247 247 247 247 247 247 247 247 247 247 247 247 247 247 
