191 180 177 182 182 182 179 173 177 184 185 190 188 193 196 207 205 211 210 209 222 218 217 215 211 216 220 217 222 217 216 208 198 206 212 207 203 195 203 202 197 186 198 189 194 189 187 191 188 179 193 185 176 188 204 202 193 182 185 184 
169 163 178 161 162 161 150 154 149 151 148 146 136 133 140 132 131 128 132 119 116 115 125 116 113 96 103 97 91 97 89 86 88 91 76 82 86 90 93 94 188 184 186 184 185 180 178 171 185 186 186 192 197 201 202 208 207 213 216 212 
218 216 218 207 222 214 212 214 214 210 213 210 217 210 207 210 209 198 202 206 203 184 200 195 202 197 192 180 183 177 186 186 180 193 199 195 207 184 176 173 170 172 183 168 151 151 146 144 146 144 146 139 134 138 133 124 127 123 122 126 
126 138 122 125 117 121 101 101 101 89 97 95 89 81 80 76 85 88 91 91 186 189 187 185 183 181 175 171 182 182 185 190 199 199 202 207 203 211 210 208 215 215 219 217 207 209 214 219 215 219 215 204 194 207 211 212 205 204 205 201 
196 184 208 198 194 186 192 182 187 180 181 178 182 197 207 206 191 179 185 183 178 171 166 155 151 154 151 150 149 144 140 131 116 123 127 126 135 128 125 128 122 121 128 130 119 125 118 96 100 98 102 87 88 85 84 81 84 86 87 86 
187 190 180 185 180 182 171 175 177 181 191 192 198 192 198 206 209 216 210 212 220 210 207 219 215 214 213 215 211 213 206 209 208 205 198 209 208 204 197 194 194 185 205 196 202 193 197 185 188 191 179 185 176 196 193 197 194 175 174 169 
174 173 166 160 148 149 141 142 135 133 131 129 129 122 112 118 105 119 120 121 127 120 123 108 122 117 112 94 102 105 100 90 88 92 84 82 86 88 89 88 187 187 184 186 183 174 170 179 185 182 184 188 202 200 197 192 204 210 209 216 
215 203 199 206 192 206 201 190 194 210 207 215 208 202 193 207 208 203 192 186 179 179 192 188 206 195 188 176 184 181 179 171 184 191 205 205 174 163 168 163 166 160 149 144 143 140 137 136 132 118 117 114 116 102 114 98 110 92 96 74 
102 99 99 95 91 102 109 118 101 84 91 98 89 88 86 79 81 85 88 89 186 183 193 187 187 164 171 181 179 188 196 196 198 197 200 204 189 193 198 204 195 197 202 197 196 210 211 196 198 206 197 203 187 194 195 202 204 203 197 186 
185 189 192 191 209 198 187 180 198 188 183 163 180 179 201 198 182 176 177 165 159 153 154 153 128 123 128 125 136 118 123 117 112 114 94 98 90 94 73 74 79 73 90 97 71 81 90 97 99 87 96 87 95 87 90 83 76 81 86 88 
184 181 189 186 180 165 171 179 188 190 185 188 197 206 200 194 197 210 206 208 206 207 206 208 187 178 189 190 190 187 185 199 199 185 179 190 198 188 186 185 189 183 178 186 202 199 188 177 178 186 171 179 161 180 187 194 179 170 164 158 
157 151 147 130 130 120 107 99 102 95 95 86 90 87 66 69 55 52 35 45 55 35 31 22 33 46 54 67 75 88 95 71 90 87 87 85 78 83 87 89 183 180 175 184 168 172 170 176 171 186 187 181 170 175 177 184 168 197 185 189 
206 193 173 194 166 170 192 177 174 192 195 179 175 175 176 175 177 167 170 166 169 171 180 196 195 193 193 189 176 183 182 171 160 162 191 199 172 170 167 160 148 130 120 94 94 95 76 85 77 87 68 54 60 44 45 45 31 12 12 15 
17 4 23 26 17 23 20 15 18 36 60 61 69 78 83 82 73 78 83 86 180 178 189 189 178 174 170 186 185 191 190 171 185 165 143 155 134 141 140 143 141 129 149 148 112 142 173 156 145 128 136 142 145 141 147 147 163 158 151 165 
164 164 163 183 194 205 200 188 191 180 165 170 150 162 188 172 166 158 156 137 130 133 108 88 84 89 67 67 66 52 45 18 27 25 25 29 12 6 7 12 10 8 20 4 17 20 27 26 20 20 15 27 72 73 89 79 78 87 87 84 
183 186 181 180 174 165 184 187 185 195 143 144 120 126 97 125 95 55 58 44 54 55 75 71 81 74 68 58 65 79 82 97 94 110 102 124 145 151 163 152 153 154 160 178 193 193 194 191 186 180 161 164 150 150 170 170 157 140 136 131 
124 112 87 73 72 57 73 45 27 47 40 43 43 19 20 15 25 57 15 10 14 11 12 20 12 20 11 16 33 18 10 17 28 37 69 76 83 70 69 85 193 179 181 176 172 175 171 178 190 183 154 152 115 80 108 67 78 93 84 55 
66 73 87 62 60 73 57 54 45 30 33 35 45 37 100 96 110 129 138 136 145 156 160 162 183 190 198 194 194 184 149 150 162 163 162 156 146 121 107 110 109 98 86 80 60 75 36 45 54 14 26 55 17 16 35 66 22 36 52 11 
11 21 32 21 12 20 23 17 19 20 17 20 11 10 32 70 88 74 73 84 180 188 175 175 165 169 174 166 134 122 56 49 62 60 40 61 74 87 74 38 47 53 53 67 34 16 16 15 35 28 13 21 36 43 77 77 124 115 110 121 
132 152 161 168 190 198 196 186 170 183 163 149 146 143 148 151 130 111 94 96 99 93 87 79 70 68 62 45 36 48 54 45 42 34 19 37 35 38 36 29 55 45 35 41 31 40 34 31 16 13 9 15 19 15 10 38 67 71 71 77 
182 184 177 160 181 169 141 84 95 62 79 89 88 71 97 112 79 71 49 68 60 46 51 44 59 42 40 50 55 28 20 36 52 68 46 69 104 99 100 115 127 144 155 179 196 197 192 194 184 183 166 153 150 148 146 131 114 98 82 81 
85 89 93 89 89 87 82 76 73 70 67 69 68 52 60 60 55 56 65 94 85 65 59 53 59 46 50 44 44 23 24 20 18 17 17 22 68 82 74 75 185 182 172 172 164 169 109 95 81 85 43 77 84 84 80 90 93 82 101 73 
97 79 49 49 59 67 37 61 55 42 62 61 54 61 79 95 94 100 99 107 131 151 161 180 189 198 201 207 196 182 171 161 149 139 134 113 105 87 76 75 79 89 101 112 116 116 113 115 110 104 103 95 114 105 87 93 119 121 134 143 
115 124 108 110 87 90 80 82 64 56 57 37 31 19 20 25 47 81 78 73 183 173 168 162 176 122 78 61 65 56 62 62 130 123 116 99 94 128 98 140 127 119 144 102 94 90 85 83 70 84 80 83 87 93 100 100 116 119 128 141 
141 166 179 186 192 205 210 203 208 192 182 168 154 142 134 109 96 86 88 87 87 95 104 117 134 132 120 122 121 121 132 123 117 124 133 132 141 144 136 138 119 115 103 100 100 81 76 77 73 72 64 46 54 38 25 24 30 71 76 75 
180 178 179 167 158 124 46 42 57 48 66 91 121 121 142 141 144 165 145 93 151 145 146 132 133 101 102 96 91 95 85 93 97 94 106 119 119 137 141 158 167 176 184 186 195 202 212 204 203 194 184 162 150 143 133 104 87 83 92 85 
85 103 114 130 128 136 125 114 118 116 112 120 121 111 128 128 113 133 132 122 88 102 96 81 90 83 90 88 79 71 69 61 57 50 48 40 30 51 59 80 178 167 176 161 128 113 81 97 98 113 107 144 172 164 141 150 139 174 183 179 
170 158 154 133 130 116 94 98 89 89 80 90 111 108 123 125 132 141 158 170 184 189 187 198 199 213 205 213 214 206 187 173 158 139 121 105 92 84 89 78 90 95 111 119 115 120 98 78 66 81 125 94 56 44 15 3 12 9 3 7 
9 21 38 23 51 53 64 83 84 81 75 75 57 58 60 55 36 49 64 71 178 178 162 150 123 91 72 101 109 112 139 151 144 186 178 188 176 158 168 139 139 138 110 101 75 59 49 51 57 60 57 38 37 81 116 119 136 139 138 161 
188 198 199 193 203 209 207 218 210 209 189 174 153 142 120 98 92 92 92 78 79 84 99 97 85 64 54 113 142 78 68 60 110 30 99 137 3 2 19 19 37 23 7 21 37 61 69 50 40 69 77 71 79 73 58 56 54 55 57 60 
170 162 175 176 103 81 117 129 135 157 160 176 171 168 171 154 120 112 110 104 103 60 31 14 12 6 16 12 16 34 55 62 60 45 74 102 111 127 134 149 167 191 199 193 207 207 201 213 210 209 188 176 151 142 120 99 96 86 77 73 
68 62 66 70 58 81 120 76 71 63 131 185 181 40 192 189 7 11 2 19 111 32 24 83 37 22 36 52 49 45 33 69 65 65 72 76 59 69 78 81 185 168 153 164 111 142 161 164 170 170 176 173 162 142 82 114 132 107 79 44 
11 21 100 112 0 10 21 24 39 29 66 60 76 90 91 83 98 107 118 137 167 186 192 196 201 211 208 221 214 204 185 176 154 139 122 107 87 79 75 76 66 53 52 86 106 96 55 43 41 121 177 213 233 40 133 132 11 4 10 30 
87 19 51 104 88 79 40 28 34 57 38 25 64 77 76 74 85 85 84 81 184 162 176 143 151 161 176 182 175 167 161 147 99 117 135 111 61 30 53 126 28 134 161 156 25 12 18 61 87 33 113 110 79 85 106 114 69 89 113 148 
160 170 187 202 203 209 206 210 209 193 179 165 150 130 121 102 96 83 70 65 72 72 53 85 101 35 70 42 117 209 180 207 207 132 37 24 26 18 22 27 26 16 77 92 106 82 34 39 38 24 39 49 25 57 69 83 82 84 86 86 
182 150 173 173 165 185 173 168 170 165 119 55 130 122 73 39 91 186 191 186 57 25 135 26 4 10 27 40 32 60 134 113 110 87 107 114 146 64 80 157 172 168 187 193 203 205 217 220 213 198 188 167 156 138 131 103 86 82 79 69 
62 58 49 91 37 41 67 60 63 69 95 117 159 181 97 41 28 28 30 25 20 58 121 97 81 57 56 57 39 34 18 28 55 54 63 68 78 88 96 96 183 161 171 181 177 180 168 165 155 124 58 129 78 35 32 92 187 210 206 214 
122 36 31 36 29 30 35 35 24 103 138 127 98 99 166 206 129 148 66 135 154 160 184 188 203 202 211 214 209 192 179 161 148 133 125 98 86 75 70 71 67 66 69 84 57 79 90 97 98 131 147 141 123 102 107 90 78 69 60 68 
73 66 71 73 72 78 88 69 65 58 30 53 44 48 76 75 87 86 85 85 183 173 177 193 180 166 165 149 124 88 99 66 38 90 103 101 121 166 179 192 192 94 72 63 26 35 37 56 72 85 98 84 85 76 69 55 80 170 163 104 
149 167 184 189 198 204 206 216 215 192 173 164 147 133 125 105 91 83 71 69 64 74 85 58 97 128 126 125 145 152 156 159 154 157 142 132 123 106 103 96 101 100 78 102 104 102 79 80 74 65 57 59 73 72 47 56 67 72 76 78 
184 186 175 175 175 152 136 138 152 118 97 89 114 122 154 153 149 150 145 129 133 120 124 120 114 125 122 122 115 106 97 108 118 123 130 134 115 122 176 123 162 160 181 186 193 198 203 206 195 176 158 146 138 112 124 109 83 80 79 69 
57 66 80 81 95 96 118 131 136 128 150 144 102 139 133 112 104 100 103 95 88 89 125 115 129 117 94 84 73 70 74 75 66 73 67 67 84 84 84 86 181 177 177 183 174 160 158 155 144 106 142 119 126 128 151 166 169 157 178 156 
163 178 160 139 143 142 130 126 119 103 109 103 133 124 143 151 152 140 160 132 154 157 179 189 194 200 205 208 213 190 169 155 143 90 112 100 87 84 82 72 59 63 74 76 91 99 108 112 123 121 129 122 135 138 133 129 121 120 121 103 
123 107 134 129 123 108 96 83 77 72 73 73 68 78 73 71 84 86 88 90 169 182 175 172 170 142 125 132 142 148 164 145 154 159 160 179 169 178 169 153 157 138 130 124 107 109 113 105 107 112 109 132 113 122 122 136 150 171 162 149 
154 161 180 194 195 203 206 210 202 200 166 147 126 121 120 91 92 84 80 74 64 64 70 70 91 99 97 103 112 105 107 119 141 135 125 122 125 121 119 123 115 118 125 119 120 100 81 81 82 79 78 75 71 79 75 73 84 88 93 96 
188 183 173 165 152 143 150 157 163 162 169 161 163 183 177 181 188 212 198 213 204 161 185 183 181 147 131 134 119 137 108 97 93 118 114 143 160 181 170 166 167 173 185 198 194 202 205 207 195 186 175 142 125 120 112 98 96 84 77 76 
73 73 74 73 80 92 95 105 102 92 94 118 117 120 121 122 127 118 109 120 115 119 125 122 109 100 93 78 75 79 83 81 78 83 86 88 91 96 99 99 186 185 184 184 176 169 173 173 174 177 168 176 188 169 191 185 194 207 192 199 
216 200 196 191 186 186 142 142 124 116 110 110 115 135 151 155 169 172 176 172 180 184 189 200 194 199 199 197 198 180 171 148 128 112 97 97 95 86 81 82 81 80 82 85 77 91 102 111 103 105 103 110 106 99 108 112 105 105 103 96 
97 100 99 97 85 86 90 80 83 88 89 86 86 87 93 95 90 95 99 97 186 192 182 178 180 172 169 177 179 184 189 182 194 183 170 185 195 186 200 202 188 195 205 188 175 158 130 123 113 116 140 142 153 150 166 157 161 178 178 180 
186 189 193 199 194 194 194 187 190 190 162 153 129 118 102 88 89 88 88 88 84 80 86 95 95 91 98 110 109 120 118 117 120 115 111 108 103 106 109 104 97 103 95 94 97 94 95 102 103 102 94 90 94 88 90 89 98 103 108 107 
185 179 183 189 181 183 194 186 183 185 189 192 183 186 183 170 181 175 169 173 176 172 160 145 128 134 149 154 173 174 163 173 171 152 160 182 179 189 179 193 190 193 195 197 193 189 195 186 190 188 176 158 142 100 101 93 85 89 91 91 
88 84 89 99 108 95 95 102 105 114 115 122 114 120 113 115 117 109 110 111 123 114 121 122 112 112 118 110 109 107 99 98 104 92 93 91 95 101 104 101 182 189 191 197 198 193 192 190 188 186 191 183 199 185 190 189 177 189 188 171 
174 175 162 175 184 193 193 194 185 177 169 177 166 167 174 188 189 187 193 192 195 196 198 196 192 186 197 190 190 184 174 162 143 115 97 94 87 90 92 93 94 92 93 100 108 112 114 103 100 108 109 116 120 112 109 125 121 116 129 121 
122 126 130 119 122 126 125 122 114 115 111 111 113 93 92 91 95 102 107 107 188 186 202 196 192 193 194 189 196 187 186 189 195 189 197 196 190 193 183 193 193 192 201 201 200 203 204 191 186 173 185 170 176 184 196 198 195 198 200 193 
203 198 189 195 196 194 185 190 188 176 173 161 144 116 87 93 86 88 92 94 94 94 97 100 110 114 117 107 101 105 107 119 105 113 116 103 106 121 125 120 125 132 128 130 105 134 117 134 124 126 123 122 110 94 95 96 98 107 102 109 
184 182 196 200 194 197 195 194 198 192 190 191 196 190 193 185 196 198 195 193 207 204 214 200 206 205 194 192 189 166 194 188 197 191 197 208 204 193 193 202 203 198 192 196 197 194 187 188 181 176 172 160 145 118 91 87 86 87 90 93 
94 94 98 102 112 116 124 119 115 117 112 111 115 101 99 112 115 115 112 125 122 126 128 122 135 125 139 127 137 124 131 122 118 118 100 107 94 101 97 105 189 187 193 203 194 196 191 193 195 199 202 200 197 194 205 205 196 202 198 216 
208 206 209 216 219 205 206 198 197 205 197 199 199 210 209 199 197 202 201 195 201 196 195 195 196 193 191 185 182 184 175 164 149 125 101 85 89 88 91 95 96 95 99 104 110 114 126 127 126 130 121 108 113 106 103 103 113 125 125 123 
127 137 122 133 129 129 141 136 127 138 123 122 116 105 111 94 105 107 103 108 189 187 192 200 197 201 201 202 207 204 201 203 204 202 206 203 197 207 209 205 211 214 217 205 199 208 204 210 195 205 199 203 207 215 211 203 204 206 203 202 
199 193 196 192 194 192 193 183 184 188 175 167 152 128 108 85 90 89 90 94 95 95 99 104 109 112 122 124 125 133 128 110 113 104 106 105 120 126 131 131 123 123 132 132 136 134 133 134 138 139 130 133 124 105 105 101 112 108 102 103 
