18 19 17 19 15 15 18 20 19 19 19 17 22 18 19 21 21 22 17 17 18 21 19 20 22 21 26 21 23 18 17 19 22 24 20 23 23 26 26 25 26 27 25 26 25 27 25 23 24 30 36 40 49 49 43 34 19 17 15 14 14 14 14 15 42 91 123 136 148 145 137 122 106 90 78 48 21 20 18 17 22 16 17 18 18 12 13 14 14 14 14 13 13 13 14 12 14 12 13 13 15 12 13 13 13 13 15 13 14 14 15 14 13 14 14 15 16 13 16 15 15 18 17 17 18 17 17 17 16 15 16 16 20 16 18 21 21 20 19 20 18 13 18 22 19 17 19 23 24 18 
23 16 20 20 18 19 20 19 19 18 19 19 18 20 21 21 20 20 19 16 17 18 20 21 23 22 21 17 30 23 18 23 22 23 24 23 24 24 23 25 25 27 27 25 22 21 23 29 32 34 35 45 47 42 38 38 35 16 16 15 14 14 14 15 42 88 124 145 151 144 131 122 113 102 87 69 35 23 21 23 20 20 20 20 16 12 13 14 14 15 14 14 13 14 14 13 13 13 14 13 13 13 13 13 14 13 17 13 15 15 16 14 14 14 14 14 12 17 17 16 13 18 17 17 17 18 18 18 19 19 20 16 18 18 18 17 15 13 18 21 19 21 19 17 19 19 19 22 22 19 
18 17 19 17 17 19 18 17 22 18 18 21 17 21 21 21 20 21 20 19 18 20 21 24 23 22 16 24 26 22 20 23 21 22 22 23 22 25 23 24 26 24 27 26 23 27 31 31 27 30 40 45 47 47 33 35 28 23 18 15 12 13 13 15 52 98 127 145 150 146 138 130 120 112 98 82 57 38 33 33 21 21 20 21 15 14 13 13 15 15 15 13 14 14 14 16 16 14 14 14 14 13 15 14 15 13 14 12 15 16 15 15 14 15 13 16 17 13 17 14 15 19 17 17 17 18 18 18 19 21 20 20 20 17 18 20 21 18 20 15 19 20 20 17 19 18 19 23 20 18 
19 17 19 19 17 20 22 24 17 21 22 21 20 19 20 20 21 22 22 23 22 19 20 23 23 21 20 19 26 24 22 19 22 24 26 26 31 26 26 33 26 23 27 26 26 27 30 26 30 36 38 42 46 42 46 28 23 19 20 20 19 20 19 20 54 96 125 141 147 143 134 123 119 114 100 92 83 67 53 46 27 25 27 28 18 18 16 16 16 16 15 14 15 14 14 14 11 9 14 14 14 16 12 17 16 16 15 15 15 15 15 15 15 17 12 17 16 16 16 17 18 18 18 18 18 18 17 17 19 19 19 21 15 18 18 20 20 19 22 18 19 19 15 21 20 21 19 19 19 17 
20 19 19 19 18 18 18 17 19 22 19 18 17 20 20 20 21 20 24 22 25 22 22 23 24 20 23 20 24 21 22 22 23 23 19 21 27 25 26 24 24 24 26 28 27 28 29 28 32 35 41 46 46 43 31 31 23 12 15 13 17 22 29 39 68 104 127 137 142 142 132 121 121 129 120 113 108 98 82 73 53 29 31 34 18 22 21 20 17 17 17 15 15 15 14 16 16 14 14 14 15 14 16 15 16 16 16 16 16 15 17 16 16 19 14 14 18 15 17 20 18 16 18 18 18 18 20 19 20 19 19 15 21 20 20 18 19 17 20 18 19 21 14 18 21 18 21 18 19 18 
20 20 20 21 18 17 20 19 18 19 20 19 18 19 20 20 20 21 22 21 20 19 25 20 21 19 24 18 23 25 23 22 24 25 19 28 25 23 24 24 21 23 27 28 29 29 29 28 28 31 34 43 49 45 34 27 17 13 16 16 21 21 29 46 80 112 129 132 133 135 130 129 124 137 121 110 107 104 93 81 82 49 37 45 46 31 22 21 18 18 18 16 16 15 15 16 16 16 15 15 15 15 15 15 15 15 15 15 15 16 17 17 16 16 16 18 14 19 17 18 18 18 18 18 17 16 15 15 17 17 18 19 19 16 18 19 22 20 19 20 19 17 16 18 22 14 24 21 20 19 
20 20 20 16 17 20 19 18 18 21 20 14 26 16 20 21 20 23 21 19 20 21 22 18 19 20 25 24 21 21 22 22 23 21 20 21 26 30 22 26 25 29 29 30 30 30 30 32 30 38 43 48 50 45 36 26 15 22 25 30 27 48 63 81 101 116 124 125 123 124 130 127 120 143 129 123 125 121 97 84 81 72 49 48 61 32 28 24 19 19 19 18 17 17 16 16 16 16 16 16 16 16 16 16 16 15 15 16 16 16 15 16 16 14 15 17 17 17 18 17 18 18 21 17 16 19 18 22 19 22 18 14 21 21 16 19 16 17 17 18 18 18 16 16 21 20 24 19 22 18 
20 20 20 20 20 19 18 18 18 19 21 20 19 20 21 18 16 19 21 21 21 22 20 21 25 22 26 20 27 23 22 20 22 23 23 32 29 25 23 24 26 27 22 29 30 30 30 32 32 34 42 50 53 51 47 39 49 36 39 47 75 93 100 112 115 111 114 115 117 113 119 127 118 128 117 121 113 110 100 103 79 78 77 58 64 40 34 27 19 19 19 19 18 18 18 17 17 17 17 17 17 17 16 16 16 14 16 18 16 16 16 19 18 13 16 17 18 19 19 19 19 17 19 22 15 18 18 20 19 20 19 19 17 25 21 18 18 20 18 17 19 19 17 19 20 23 22 20 17 23 
17 18 19 20 20 17 17 19 18 18 22 18 20 19 20 21 21 19 20 20 20 20 19 19 19 18 25 24 19 25 24 24 25 20 22 23 24 26 23 27 28 24 26 27 30 32 30 33 32 33 42 53 58 64 64 63 54 74 80 82 102 104 109 113 109 106 109 112 120 109 112 121 108 109 98 102 101 96 88 86 94 87 98 71 62 38 32 30 13 18 16 19 18 21 18 18 18 18 18 17 14 15 16 16 16 16 18 19 18 16 17 19 18 18 18 18 21 17 16 18 18 20 16 19 15 21 18 20 22 19 21 18 23 21 24 18 17 18 18 21 22 19 21 21 23 22 22 21 21 19 
16 16 18 19 18 18 19 19 19 19 20 17 26 16 19 20 20 20 18 16 23 18 24 22 27 25 22 18 24 19 21 20 23 28 22 19 24 27 29 22 27 29 27 28 29 30 30 33 31 31 42 54 61 64 65 63 77 92 102 108 103 105 98 92 94 94 97 104 106 101 106 110 112 114 99 86 98 109 104 90 92 97 95 84 60 29 33 42 35 25 17 15 15 24 18 18 18 18 18 16 16 17 16 17 16 14 14 16 17 18 17 15 15 16 17 20 14 20 20 19 17 18 18 17 22 17 19 21 17 23 17 22 21 21 21 20 19 19 19 21 21 18 23 21 21 22 23 22 21 22 
19 18 19 20 20 22 21 17 20 20 19 21 18 19 20 19 21 22 20 19 24 19 18 22 20 23 24 24 19 20 24 23 19 19 25 26 25 24 21 23 25 29 27 29 29 27 29 30 30 34 48 60 67 80 89 96 107 106 109 106 108 97 91 91 91 84 91 94 92 98 104 109 116 117 101 89 93 99 102 102 93 98 90 90 57 49 69 88 75 85 69 54 37 21 14 19 18 17 17 18 19 17 16 15 15 15 20 17 18 18 15 19 19 18 18 18 18 13 17 18 18 18 18 19 18 20 19 20 18 20 22 20 19 19 17 17 18 21 19 21 20 17 25 24 22 22 23 22 23 23 
22 21 20 20 19 19 18 17 17 19 21 19 29 15 19 17 26 20 22 19 17 16 20 23 20 19 18 19 25 27 23 24 24 22 23 23 25 27 29 24 30 22 25 26 28 28 29 29 41 58 69 72 89 107 112 114 116 117 114 111 103 86 84 79 73 78 91 95 90 96 108 115 114 109 101 94 96 95 104 112 103 90 94 96 71 74 85 77 80 85 75 63 44 39 18 16 17 18 18 17 17 14 16 20 19 20 13 19 17 17 17 17 17 18 19 22 22 20 18 16 20 19 19 21 19 17 19 20 20 24 20 15 19 18 19 19 19 20 21 21 20 20 22 22 21 21 21 21 20 19 
22 21 21 21 20 18 17 17 15 18 20 19 17 18 29 27 19 23 22 21 24 20 22 22 23 23 24 23 19 21 23 22 17 21 22 23 23 23 24 25 24 22 25 27 28 28 31 39 52 73 93 115 123 125 127 129 126 112 99 89 79 78 83 85 86 87 84 89 84 92 104 109 102 100 99 110 105 99 101 103 98 85 94 96 90 94 90 97 105 97 95 107 90 44 32 18 19 19 19 18 17 18 17 14 13 14 18 16 19 17 19 16 17 18 19 19 17 18 16 21 20 18 19 18 19 19 19 19 17 20 18 19 24 18 20 20 20 21 20 20 22 20 21 20 20 24 21 24 24 21 
22 22 20 18 17 19 22 21 21 21 21 20 19 19 14 18 18 18 18 20 22 20 22 22 26 19 18 18 23 22 22 21 20 21 23 23 23 23 23 23 24 24 26 28 29 32 41 52 62 89 114 126 131 127 122 124 120 95 79 76 80 90 94 85 81 79 79 73 74 78 76 75 74 78 79 98 92 86 84 84 85 83 79 91 102 100 108 119 117 112 97 115 111 89 56 31 21 20 20 19 18 18 17 16 16 16 18 20 21 22 22 19 18 18 19 17 17 20 17 19 21 17 18 17 17 18 20 21 17 20 18 23 23 20 21 21 21 24 20 18 21 21 20 19 21 23 21 21 23 19 
22 22 21 22 19 19 17 21 22 22 21 20 19 17 22 19 27 20 17 22 22 19 22 25 23 20 22 22 22 23 22 19 27 22 28 21 23 23 23 24 25 26 27 32 35 37 59 81 112 119 127 128 130 122 111 89 74 63 69 86 90 101 99 89 82 79 69 59 59 68 70 64 62 71 74 86 90 93 96 92 77 77 80 88 96 99 101 116 113 123 120 116 107 109 111 89 38 23 20 20 20 18 18 17 16 17 17 16 15 16 19 19 18 19 19 21 23 21 18 19 22 19 20 22 23 17 18 21 18 19 18 20 19 21 22 21 24 21 21 19 22 20 19 18 21 23 21 17 23 27 
23 22 22 22 17 22 19 17 20 19 19 19 20 21 21 21 22 21 20 20 20 22 21 19 21 21 21 21 21 19 23 25 22 24 30 22 23 23 24 25 28 29 29 28 35 54 88 116 120 121 123 122 115 97 75 64 69 83 96 105 110 108 104 98 88 75 55 38 34 40 46 50 54 61 67 80 92 95 98 92 90 71 73 77 85 91 99 103 107 110 111 111 110 117 124 122 97 54 26 20 20 19 19 18 18 18 18 18 17 18 18 19 19 19 19 19 19 17 21 16 17 18 20 22 16 21 20 20 20 20 18 19 22 23 21 19 23 19 22 22 23 19 24 24 17 22 21 24 24 20 
21 19 19 18 15 17 18 18 23 15 17 18 19 24 18 18 21 23 20 21 21 22 21 21 21 21 21 20 21 22 22 19 18 20 24 27 22 21 22 28 30 27 30 33 64 97 112 121 118 120 123 109 94 71 59 70 91 113 109 111 120 113 105 82 60 48 45 44 46 43 43 53 64 70 69 84 91 95 100 106 87 81 69 57 69 84 97 104 94 98 102 107 107 119 131 134 127 104 69 31 25 24 22 20 19 19 19 17 18 19 18 20 19 19 17 17 21 19 19 18 23 20 19 18 21 19 21 21 19 22 19 18 16 19 20 21 21 18 22 21 22 21 20 22 16 24 19 22 22 23 
19 16 16 17 17 17 17 15 19 17 14 22 24 21 18 15 19 18 19 17 22 18 20 21 21 17 21 31 20 26 23 15 26 24 23 24 26 21 28 34 31 35 49 89 109 115 114 115 116 114 116 95 71 70 78 103 121 125 111 116 130 120 88 63 56 54 43 27 29 38 47 52 58 63 49 58 73 84 78 83 105 107 80 60 61 84 105 104 103 82 93 100 93 108 115 125 131 131 123 71 30 22 24 25 24 21 20 18 13 14 18 16 19 19 16 18 19 17 23 24 18 20 21 20 20 19 18 18 18 18 17 19 21 20 21 19 22 24 22 23 22 23 21 20 22 23 21 23 22 18 
17 15 15 16 16 16 15 13 13 15 16 15 19 13 18 18 21 21 19 23 21 21 21 22 21 20 20 18 32 27 26 33 26 24 28 19 30 25 36 40 39 54 103 117 116 123 116 114 112 103 100 81 85 78 101 121 121 114 113 130 130 99 64 58 57 48 44 56 56 64 61 54 55 53 58 63 66 76 83 93 110 104 89 72 59 69 78 84 83 84 77 83 79 86 91 110 133 145 137 119 87 49 35 31 23 22 21 19 20 19 18 19 18 15 16 19 16 21 23 16 23 21 23 21 18 21 19 15 20 17 23 22 21 22 23 22 22 21 21 22 21 22 24 19 24 21 24 17 26 24 
14 13 14 12 12 12 12 12 16 16 14 14 17 19 19 23 21 22 25 27 27 24 27 26 26 25 30 35 36 33 39 41 31 34 31 31 35 40 44 47 62 99 111 117 115 130 121 107 104 100 92 98 90 106 110 114 105 97 112 120 105 75 56 57 48 45 49 70 78 77 67 57 61 60 71 85 95 91 85 81 98 87 73 58 39 47 61 71 81 73 60 60 60 68 90 98 115 134 138 128 121 87 35 20 22 22 21 19 20 19 19 16 16 18 19 22 18 21 23 20 16 19 16 20 23 19 19 21 19 18 20 20 21 22 21 19 19 21 21 21 21 23 22 21 21 21 22 22 23 22 
14 13 14 15 15 15 13 13 15 16 15 17 17 21 26 25 27 31 31 30 33 32 29 33 32 33 31 33 41 44 49 42 40 41 39 46 41 54 53 68 106 120 116 124 118 126 116 92 99 92 90 103 106 117 121 113 85 95 117 112 75 63 66 53 52 73 86 82 82 78 71 71 70 72 83 70 73 70 60 65 83 79 72 68 55 55 56 62 55 47 50 48 53 46 63 87 117 124 131 129 130 114 82 35 31 22 21 19 21 19 20 18 17 24 24 22 20 19 22 19 22 21 24 18 19 22 22 23 21 25 22 20 22 17 19 21 22 21 21 21 22 22 22 21 22 22 20 24 23 23 
15 13 14 15 16 15 13 13 14 15 15 16 18 24 29 29 30 32 33 32 34 35 33 34 34 33 39 33 42 49 45 45 47 47 48 51 53 55 74 109 120 119 120 119 125 118 92 96 85 87 82 121 116 118 110 93 95 114 111 83 80 80 64 68 75 92 88 73 84 94 87 78 68 67 58 53 66 69 73 83 86 98 118 125 119 118 100 89 70 56 61 56 53 62 63 59 82 104 135 136 138 137 136 84 38 24 22 21 21 21 20 19 22 23 24 23 20 17 21 23 22 21 26 23 26 24 22 22 22 24 23 20 20 21 22 18 21 26 22 22 22 22 22 22 22 24 19 20 27 23 
13 12 13 14 15 14 14 15 13 14 17 21 21 29 30 30 33 33 34 35 35 36 37 35 36 35 37 40 43 46 45 48 53 56 53 58 61 80 107 116 115 120 123 119 107 100 93 83 71 86 112 117 125 108 86 80 121 124 87 78 101 73 62 83 89 100 91 99 111 91 64 46 40 44 34 45 46 43 59 90 94 103 140 157 155 165 138 126 117 95 66 53 50 52 65 74 83 89 113 126 138 140 142 121 69 36 23 22 22 23 21 20 22 20 21 22 19 17 19 26 25 21 23 22 23 18 20 22 21 24 22 21 18 24 21 22 19 23 22 21 18 23 20 25 26 26 21 23 24 19 
12 11 13 14 15 17 16 14 17 20 18 22 22 28 32 37 36 36 36 35 35 36 37 36 37 40 33 46 44 44 45 48 53 56 59 62 78 111 115 104 116 122 121 119 108 98 85 72 81 109 122 129 114 84 75 109 129 107 76 95 100 66 84 99 97 100 103 100 86 59 39 32 31 28 33 44 47 52 69 98 108 121 128 137 136 142 135 128 116 105 82 48 56 56 69 72 90 98 102 102 128 142 138 138 109 60 39 30 25 26 22 19 20 20 19 26 22 24 19 22 20 20 21 23 21 20 22 21 20 20 21 21 21 20 26 17 20 19 21 20 23 21 20 21 21 21 23 21 21 22 
13 11 12 14 15 13 18 21 20 17 17 27 24 32 33 34 36 37 37 36 36 35 36 37 37 36 38 40 41 43 44 47 55 53 58 77 114 118 110 103 114 127 119 115 107 90 74 67 94 113 123 117 102 72 78 125 130 79 93 96 80 77 112 106 90 102 104 75 39 47 37 39 38 37 45 56 63 80 98 102 83 75 73 77 94 113 116 115 109 95 94 73 54 48 66 93 91 110 114 105 116 123 135 140 124 79 30 28 23 24 22 20 21 20 19 20 20 18 21 25 23 26 19 21 21 24 22 21 26 24 21 23 20 21 20 22 20 24 20 18 21 20 22 26 25 24 20 24 23 28 
13 11 11 14 15 13 20 13 18 14 19 25 27 30 34 36 37 37 37 37 36 38 36 35 38 39 42 42 41 42 43 44 50 59 72 102 118 111 105 118 127 129 120 115 100 74 72 81 112 133 144 109 81 78 106 138 113 85 118 97 93 124 107 98 100 92 67 52 39 57 57 50 59 72 84 92 97 93 92 84 66 60 60 72 93 110 118 127 135 134 129 100 81 45 55 82 86 109 123 122 111 114 133 135 131 105 49 22 21 22 22 21 22 24 28 24 25 25 22 24 19 27 19 23 24 23 22 24 23 20 27 21 19 19 20 20 21 20 20 18 28 18 23 20 17 20 26 25 25 25 
13 12 12 13 16 12 16 15 18 21 20 23 28 29 32 35 37 37 36 36 36 35 37 39 37 35 37 38 39 41 42 46 50 59 97 116 112 106 118 131 133 126 111 114 93 68 77 90 114 132 133 90 69 107 128 131 91 94 111 99 117 114 105 116 104 61 49 55 76 63 56 63 86 105 113 108 94 79 69 71 67 79 94 88 83 84 91 105 124 129 99 70 98 59 56 66 78 100 125 135 123 113 125 138 136 136 93 32 23 24 23 22 22 21 18 20 21 22 23 24 19 22 20 23 21 19 21 23 22 24 22 23 21 21 20 22 25 20 20 23 19 24 22 21 21 21 24 24 24 20 
14 13 13 15 11 17 16 16 17 22 20 27 28 29 30 34 36 35 34 34 35 38 30 38 36 37 36 37 38 39 40 38 43 65 103 108 108 114 127 133 126 105 110 113 87 75 86 105 127 140 114 85 84 111 155 121 95 116 103 115 123 115 115 102 77 70 81 78 62 69 87 102 106 106 111 112 80 67 80 84 82 70 71 52 54 68 88 100 105 109 97 68 80 73 53 56 71 77 113 146 149 135 115 112 124 143 114 61 27 24 24 23 23 23 21 20 21 22 19 20 22 24 22 20 22 23 27 32 24 21 23 22 23 22 23 20 26 21 22 22 18 21 24 16 17 20 23 19 22 25 
16 13 13 15 14 16 17 18 18 20 21 24 24 28 30 33 35 35 34 34 34 34 34 37 37 30 36 36 37 38 39 37 59 83 100 101 114 131 135 128 118 102 113 94 79 75 95 124 137 126 90 83 96 131 124 101 112 125 112 138 124 113 103 82 77 89 71 56 76 110 122 119 109 114 100 80 77 90 93 76 54 40 44 41 57 81 96 109 133 146 140 123 90 64 42 46 71 72 84 121 134 140 127 119 119 133 134 98 43 23 23 23 24 24 24 25 21 20 20 20 24 27 25 23 27 21 24 25 25 23 24 21 23 22 24 18 22 18 19 24 24 26 25 24 22 24 22 17 21 28 
16 13 14 12 17 13 20 16 18 15 16 17 19 27 30 32 34 34 34 34 34 33 32 36 31 35 40 35 37 37 38 42 83 96 101 115 125 137 132 123 105 110 100 82 70 88 110 128 141 107 79 83 117 135 118 94 124 115 133 127 117 103 97 93 99 84 55 96 118 123 121 122 103 96 80 88 96 80 49 37 41 45 67 82 89 93 96 103 110 113 112 114 93 64 52 60 86 80 76 103 137 166 156 138 137 139 154 124 81 40 33 32 29 26 25 23 20 20 23 23 23 24 25 23 26 21 27 20 19 21 25 20 22 21 24 21 23 27 21 22 27 20 25 20 24 22 23 22 24 25 
17 14 15 14 13 18 15 18 19 20 22 26 28 29 29 30 32 33 32 34 33 34 34 33 38 35 39 36 37 36 33 65 95 104 110 120 139 137 122 118 102 112 99 73 72 98 126 149 133 93 84 102 121 127 114 108 125 128 124 131 108 97 103 88 76 95 113 131 125 141 151 134 99 82 89 83 61 49 55 61 79 87 87 95 114 107 93 97 95 78 75 81 93 80 72 66 73 91 102 120 132 145 162 163 161 163 171 163 134 107 86 65 55 53 49 40 32 29 30 29 27 27 25 24 26 22 26 25 26 23 26 23 23 21 23 18 24 19 23 24 24 25 27 23 23 26 24 28 27 29 
18 14 16 15 16 16 16 16 22 19 21 23 26 27 29 30 32 32 33 33 33 34 35 37 38 37 35 37 36 33 52 105 94 102 108 111 132 126 121 107 110 117 101 73 84 111 143 149 111 80 87 105 122 124 110 122 122 124 118 112 114 118 113 94 99 121 131 125 147 143 132 106 91 83 89 69 64 97 108 96 92 93 133 117 102 93 86 83 83 84 92 98 98 76 75 77 93 101 104 115 121 136 159 168 155 164 159 156 148 119 121 126 124 112 101 91 90 83 77 77 57 37 31 28 29 18 19 22 26 26 25 25 24 24 23 27 24 24 20 26 23 29 24 22 19 24 23 25 25 22 
18 16 16 16 16 16 16 17 20 17 22 30 26 31 31 33 35 34 37 35 34 37 36 36 39 36 36 36 36 47 88 102 99 108 111 122 132 122 117 105 111 103 93 83 97 117 151 140 92 76 92 122 116 119 107 130 112 104 107 115 122 113 88 107 129 139 134 142 155 120 102 96 92 76 91 102 110 104 90 98 127 143 120 91 81 84 87 94 108 119 125 123 108 78 72 81 95 116 120 131 140 149 164 170 163 160 154 149 152 115 92 63 51 65 74 70 64 33 25 29 49 55 47 40 33 36 33 34 29 26 21 28 28 30 25 19 21 20 21 26 22 24 23 21 24 26 20 22 26 24 
19 12 16 16 17 18 20 22 23 21 27 30 32 32 34 37 38 40 37 36 41 36 38 39 44 37 37 38 39 77 97 99 113 118 120 125 125 118 107 112 111 104 88 98 103 131 148 127 84 77 100 129 118 105 99 121 92 92 105 117 112 96 106 136 151 140 153 165 134 105 102 101 92 106 117 111 97 88 114 147 148 117 95 86 85 90 99 113 130 141 149 152 145 105 77 58 60 67 79 94 113 131 148 157 170 159 152 143 156 143 98 46 52 36 40 56 53 63 44 29 22 21 30 38 39 40 21 28 28 28 21 28 29 26 22 25 24 23 23 23 22 24 22 24 27 27 25 26 22 23 
21 17 15 16 17 19 21 23 25 24 27 27 35 30 34 40 39 46 42 39 35 38 37 35 37 35 36 40 49 98 97 109 122 116 125 126 124 111 97 117 110 94 85 104 130 141 141 93 68 72 113 125 118 110 120 114 69 86 106 107 98 110 158 162 156 164 163 149 121 101 103 110 114 121 108 106 109 133 169 138 101 85 87 96 103 104 110 130 143 150 153 164 159 126 93 82 62 51 56 74 93 113 133 149 171 165 161 144 149 157 128 102 65 51 32 30 40 45 51 33 41 35 30 23 25 32 44 29 27 28 28 24 25 25 23 21 20 26 23 19 20 19 26 20 30 26 29 27 26 18 
22 16 15 16 17 17 18 19 21 23 26 30 32 30 34 40 40 36 38 39 40 38 34 35 34 35 34 43 82 101 95 113 121 120 124 124 120 98 99 110 99 84 77 107 132 145 124 77 73 91 130 130 117 114 120 105 65 91 107 90 100 142 167 165 166 165 148 120 117 123 120 126 122 112 109 118 158 163 134 98 88 96 101 110 119 122 133 133 140 150 152 168 162 153 126 116 74 51 48 64 67 85 115 144 165 179 179 181 158 143 135 115 83 84 81 51 43 44 43 54 29 27 28 27 23 20 28 32 41 33 26 28 26 23 21 25 27 27 24 21 21 21 25 20 26 21 28 25 24 22 
20 16 15 15 16 17 18 19 22 24 23 29 31 30 28 27 31 30 28 35 32 33 32 32 32 33 30 49 100 107 110 128 118 122 118 121 113 97 114 108 91 76 84 108 136 143 107 68 81 115 141 131 129 123 122 92 62 89 97 93 120 153 160 165 166 153 126 115 122 131 137 138 118 109 138 159 163 119 90 78 98 109 105 118 124 132 129 139 141 150 153 169 170 153 133 120 112 76 50 41 46 72 99 119 150 169 178 183 187 171 145 117 63 55 60 77 47 43 34 48 60 28 26 22 21 22 25 25 26 33 26 24 27 27 26 23 24 23 24 23 24 23 25 21 25 20 20 22 24 23 
18 16 15 15 15 15 15 15 15 17 19 19 23 25 23 24 19 29 22 28 31 31 30 30 30 31 33 70 97 98 114 131 123 125 123 119 105 108 122 101 84 69 102 120 143 132 89 76 90 126 136 126 124 129 137 83 51 77 89 127 137 138 161 164 142 130 120 138 147 148 133 105 108 141 178 152 111 93 98 109 116 123 117 132 134 135 141 144 144 144 146 169 171 149 140 134 117 98 69 45 37 44 70 102 143 162 170 177 183 191 175 146 119 48 32 37 40 51 57 53 54 54 36 23 26 26 26 24 22 26 30 29 28 31 28 25 23 24 24 24 24 23 25 23 24 25 27 25 23 23 
19 17 14 14 15 12 11 13 15 16 16 18 19 21 22 20 17 22 21 23 27 26 25 26 26 30 49 93 97 99 117 132 124 127 127 114 97 109 117 104 77 74 113 130 143 112 80 81 94 133 133 121 116 128 126 66 40 80 118 127 138 148 153 139 130 120 129 142 136 137 107 102 147 165 135 93 96 105 106 123 124 128 126 134 135 136 150 140 144 151 146 159 166 149 139 150 126 101 91 66 45 38 41 62 109 149 175 178 176 185 191 168 130 114 49 34 35 34 41 51 43 53 84 62 41 42 32 30 23 24 29 31 28 30 29 26 23 24 24 23 28 23 25 26 25 24 15 29 28 26 
12 14 14 14 15 15 16 16 15 15 18 19 17 16 19 20 16 17 20 21 22 22 22 23 24 29 66 103 98 105 119 129 131 124 120 112 97 115 112 106 78 80 105 132 136 107 83 87 111 140 132 121 116 125 119 58 42 99 126 130 132 130 127 123 122 131 134 137 128 106 112 147 165 132 98 95 117 125 127 129 130 133 135 136 135 138 149 144 145 143 147 152 151 153 138 144 130 102 96 80 59 43 43 47 70 116 164 171 173 174 183 193 164 117 98 67 35 32 30 31 34 35 46 60 65 73 74 59 66 53 53 46 39 38 37 34 31 31 31 37 27 29 28 27 25 31 29 22 22 23 
22 17 14 14 14 13 12 14 15 16 17 16 15 16 16 16 16 15 20 20 22 22 23 25 24 35 90 97 98 112 128 134 133 123 118 109 103 116 109 93 85 94 102 132 124 90 83 98 121 139 129 122 107 132 107 39 54 109 125 137 124 108 112 121 121 129 135 129 108 115 160 172 133 98 105 120 129 131 128 128 135 141 137 135 136 136 146 143 145 144 148 152 162 155 150 143 139 114 99 85 67 47 43 49 49 74 125 163 177 168 169 194 189 137 90 95 65 50 56 51 50 53 62 66 75 73 67 72 67 71 71 74 74 61 45 46 46 43 41 46 42 36 36 31 32 39 42 41 35 29 
20 16 14 14 13 14 14 14 15 15 17 20 18 17 17 18 17 14 20 18 23 24 27 25 30 54 101 96 99 117 129 133 129 120 118 119 111 109 106 94 92 94 120 129 121 88 91 109 131 145 123 125 112 141 101 41 62 103 120 119 116 122 119 111 120 135 139 111 114 159 162 112 90 99 119 129 123 125 128 131 134 133 140 143 137 135 138 144 144 146 149 147 162 152 151 146 136 122 101 90 80 59 50 50 47 69 91 132 169 177 163 175 186 171 118 69 83 70 62 58 54 47 48 58 60 64 85 70 79 87 78 73 72 73 58 54 55 53 52 48 48 50 34 43 35 42 46 43 34 28 
16 17 15 14 14 13 14 16 16 18 18 18 20 18 18 18 17 15 19 17 23 27 28 26 37 73 102 92 101 115 126 132 121 119 118 110 113 116 101 89 99 105 127 134 116 92 96 113 122 130 122 113 103 141 100 44 63 100 113 108 112 114 106 114 120 120 98 103 155 154 109 96 117 116 122 129 132 131 132 137 136 141 148 139 143 143 140 146 148 152 153 151 156 158 143 143 135 126 110 98 88 71 56 54 50 70 80 104 145 176 169 152 173 187 147 90 62 79 69 69 55 49 51 62 63 73 73 92 86 82 92 91 78 74 71 62 57 55 59 53 50 42 43 44 52 51 48 53 46 40 
16 18 15 15 14 16 14 13 16 17 19 18 22 22 19 18 17 17 17 17 24 29 30 30 43 90 97 96 104 123 131 126 129 116 117 110 114 115 98 85 108 109 130 124 101 99 92 120 126 124 123 113 106 142 99 48 64 98 106 104 108 110 114 116 111 102 118 141 145 117 107 115 131 130 132 135 138 139 145 150 153 151 149 152 148 146 152 152 158 161 161 160 157 152 151 144 137 131 119 107 90 80 58 53 53 60 81 93 111 155 178 159 158 184 171 120 75 70 97 74 58 69 63 70 67 71 75 84 93 91 83 80 87 78 68 59 58 62 55 50 48 48 42 55 54 56 59 56 53 44 
16 18 15 15 14 13 14 16 15 17 17 17 21 23 20 19 18 20 15 21 24 29 32 31 61 107 99 101 102 131 144 138 112 125 114 109 114 114 99 85 115 114 135 118 96 94 94 121 126 124 127 112 108 138 91 48 65 85 101 100 108 108 116 100 99 123 149 127 95 102 116 132 140 139 146 144 145 145 146 145 145 148 148 139 151 145 159 159 154 164 159 157 160 158 163 149 137 133 126 112 92 84 70 55 55 55 76 94 104 136 177 168 153 176 187 156 95 74 79 107 70 63 61 68 68 72 80 76 89 101 91 82 80 75 67 63 64 51 48 49 45 53 48 55 56 54 63 53 58 44 
17 15 15 14 14 14 14 15 17 21 23 23 22 21 20 20 19 19 19 21 24 29 33 40 93 110 100 100 108 132 143 127 124 119 107 116 113 110 101 96 114 119 122 121 94 87 98 120 126 119 124 100 111 137 84 59 55 88 91 100 108 114 101 101 145 164 134 103 120 130 132 141 147 148 148 152 149 152 152 158 148 155 149 140 150 149 155 158 160 163 163 154 158 164 168 151 155 135 130 116 96 91 64 61 57 55 63 95 102 127 157 170 149 157 174 175 127 73 69 99 113 70 63 66 70 76 77 78 86 99 103 87 70 66 64 57 57 58 59 55 63 54 57 59 61 62 63 59 48 44 
17 15 15 15 15 15 15 15 15 15 18 22 22 22 21 19 18 16 22 19 22 29 30 52 108 110 104 100 121 132 141 120 121 131 108 121 111 101 96 96 108 128 130 107 100 96 108 120 128 120 116 104 118 122 78 50 60 66 94 102 105 95 109 140 159 136 112 123 142 144 147 154 157 153 144 148 152 151 156 147 147 152 148 149 150 149 152 153 163 164 169 169 168 172 164 152 138 143 134 123 99 91 78 56 57 57 51 90 106 112 132 175 154 149 160 160 172 107 70 74 111 97 67 64 70 75 80 78 85 85 89 93 85 72 57 54 45 50 47 50 45 57 63 67 73 69 66 60 48 40 
17 15 15 15 15 15 15 15 15 15 20 24 23 22 22 22 21 20 20 21 22 30 33 73 112 109 107 103 129 141 135 131 126 119 113 114 97 94 92 111 120 124 134 112 111 107 108 100 119 117 111 97 125 119 69 45 54 65 87 90 93 113 151 173 142 116 134 146 147 152 152 147 146 154 160 154 149 149 149 150 152 149 145 144 153 148 154 155 169 178 175 174 171 184 178 166 154 147 138 128 109 93 85 60 56 55 47 60 93 105 126 166 168 143 155 150 158 148 91 64 76 115 89 60 72 77 71 85 84 87 89 87 93 79 61 49 46 49 46 44 50 62 67 64 73 65 69 62 53 42 
18 16 16 16 16 16 16 16 16 15 20 24 28 28 23 22 24 25 24 20 26 28 48 90 111 109 110 116 126 149 129 124 121 119 113 114 109 94 90 114 116 122 131 112 119 109 110 112 126 120 120 99 126 126 66 50 57 71 84 85 111 150 156 144 133 138 151 152 156 159 155 156 158 152 156 153 151 153 147 157 154 143 145 152 164 154 154 161 162 165 170 172 176 181 177 172 171 148 134 130 117 101 97 69 57 51 50 41 72 99 130 154 177 155 141 165 165 147 121 66 65 82 111 87 68 75 83 81 84 86 87 85 75 72 66 56 40 45 47 46 54 58 67 67 81 79 74 69 56 45 
23 17 17 17 16 16 17 17 16 19 26 21 25 29 31 29 29 30 27 30 30 50 50 102 114 110 113 118 126 145 128 122 120 120 115 115 108 106 82 120 123 127 127 107 117 106 99 113 127 125 127 95 144 107 58 49 54 59 75 117 155 144 133 142 152 159 156 171 172 171 165 163 167 153 158 158 159 158 156 156 157 143 148 157 150 157 161 155 162 166 168 176 177 175 181 184 181 166 145 139 122 100 85 69 59 47 55 40 56 84 118 138 181 168 141 157 151 143 129 90 65 68 72 99 84 73 82 83 85 87 84 79 69 65 62 45 44 29 49 48 52 64 63 66 69 72 69 69 56 44 
28 18 17 17 16 15 16 19 18 23 32 36 38 38 45 40 40 29 27 24 32 38 66 106 113 107 112 116 134 147 128 127 128 130 118 119 116 99 102 128 127 124 122 115 122 102 99 114 124 129 125 94 138 100 54 53 47 59 115 133 136 133 143 158 167 166 170 170 162 163 163 164 162 148 155 157 153 153 154 149 155 151 150 151 155 156 157 156 160 166 167 173 175 179 187 193 189 174 149 136 139 105 93 75 62 46 47 41 44 69 106 123 169 182 154 152 160 152 118 115 73 63 69 86 107 68 80 84 85 87 86 76 67 56 48 42 38 40 50 49 56 63 60 66 67 66 62 62 54 48 
29 19 20 22 24 27 22 23 28 33 47 45 56 64 47 48 50 33 28 26 35 46 69 115 112 108 118 120 133 145 128 127 128 127 125 111 117 92 93 119 133 124 117 113 129 99 105 114 121 127 122 105 136 89 49 53 63 82 125 128 135 149 156 165 170 171 169 165 158 169 160 156 160 166 164 162 152 152 152 156 151 151 153 152 150 151 160 152 158 161 173 170 173 181 191 189 190 185 159 153 157 119 100 82 67 50 38 43 41 61 95 110 147 186 165 141 154 155 131 107 97 62 63 63 92 94 84 84 85 84 81 78 60 57 42 31 43 47 40 60 62 62 62 69 62 56 56 54 53 53 
29 22 18 19 20 25 36 44 43 48 59 60 63 62 64 54 51 34 28 30 32 51 79 117 112 116 122 122 130 135 128 126 120 118 114 107 106 93 113 125 119 124 116 115 126 88 106 115 124 125 120 102 134 81 38 61 85 97 114 133 151 160 163 169 170 165 166 167 157 162 158 160 160 159 149 154 159 151 158 159 153 154 156 151 155 148 157 154 163 167 158 166 172 171 181 191 193 193 173 149 145 134 111 90 75 56 41 42 42 49 83 108 132 174 172 145 153 154 148 105 116 81 59 65 76 96 91 89 87 83 79 73 70 56 44 30 31 37 51 59 62 61 65 63 57 59 53 57 52 51 
45 25 26 27 29 31 39 44 50 54 61 72 71 75 70 62 54 32 28 32 38 52 91 124 125 123 121 121 132 136 128 124 125 111 106 109 107 89 118 118 125 129 118 115 116 80 90 124 117 127 118 102 132 74 51 73 84 101 133 141 151 166 169 163 169 166 164 160 157 157 155 157 152 148 154 151 155 157 153 152 153 153 155 151 159 150 155 151 161 150 165 156 165 169 174 186 196 202 188 170 151 139 114 95 81 61 44 45 43 45 77 108 130 166 179 151 147 154 138 126 102 102 62 66 71 88 92 90 88 90 90 80 69 59 42 27 24 26 44 61 67 68 68 68 58 55 50 53 48 44 
41 31 27 34 36 39 51 57 58 61 71 77 75 81 81 73 55 35 26 25 41 59 105 122 112 111 122 128 129 125 128 124 126 120 103 112 102 93 115 119 122 122 107 112 111 78 100 121 128 120 117 105 131 77 67 77 86 116 146 158 161 167 167 166 166 169 165 159 158 155 154 153 143 140 155 149 154 152 150 151 154 151 149 151 154 154 157 144 148 148 148 156 159 162 166 177 190 199 197 188 164 149 121 101 89 65 44 43 43 39 58 94 129 152 181 162 143 144 144 135 90 105 80 73 73 84 90 91 86 94 91 80 74 58 45 28 24 23 34 53 75 76 75 68 60 49 49 57 57 44 
43 41 39 38 36 37 49 53 62 76 76 70 82 77 86 74 57 37 28 30 50 77 120 117 112 116 119 126 131 128 127 128 115 107 106 114 104 95 113 133 116 107 118 121 104 70 88 117 121 121 110 111 129 75 67 88 107 127 150 150 149 143 131 119 115 125 136 137 137 137 136 132 131 135 140 141 146 148 143 144 150 150 160 154 148 143 140 140 148 145 142 135 127 125 121 119 124 137 158 181 171 167 140 111 95 69 45 40 41 37 54 89 123 148 181 177 142 146 142 132 113 96 107 79 70 76 82 85 89 90 84 75 78 57 40 31 23 22 33 43 70 76 77 76 68 59 52 48 46 48 
41 37 31 41 38 45 47 59 62 73 81 79 78 83 84 71 62 38 32 32 49 85 122 117 110 114 124 132 135 128 124 136 120 110 107 108 103 103 113 129 115 121 119 118 92 75 100 115 119 117 105 118 131 70 69 103 108 123 147 124 99 87 81 77 79 69 69 70 73 69 65 71 90 109 124 133 141 139 150 152 156 150 143 150 144 137 134 134 125 109 98 79 68 70 63 61 69 88 93 101 126 143 148 127 100 79 51 40 41 37 48 90 123 144 167 183 146 143 143 133 118 95 116 85 65 70 78 80 91 93 81 77 72 49 39 24 22 22 34 49 65 75 72 76 77 65 55 60 47 31 
44 40 35 48 46 50 60 65 66 77 78 79 85 94 83 71 65 41 32 39 59 97 123 112 108 113 125 137 142 124 121 128 123 113 105 105 98 106 117 121 111 122 118 113 86 75 101 111 118 124 106 115 124 75 78 106 107 114 102 87 102 117 120 124 106 100 73 62 55 59 63 62 61 79 109 125 138 139 142 150 141 136 142 150 141 128 128 111 94 74 58 51 52 55 59 72 94 104 121 138 121 108 114 122 104 83 54 34 42 41 49 86 110 145 162 185 150 142 142 136 114 90 100 108 66 75 77 90 85 87 78 79 69 58 26 26 21 22 35 53 70 77 78 79 81 64 68 58 46 31 
56 53 43 49 54 51 56 63 75 78 76 78 88 89 87 77 68 43 31 37 58 102 117 108 110 114 124 126 127 125 109 115 115 108 106 103 102 100 112 121 108 117 122 118 82 70 104 106 111 119 105 123 119 84 86 85 79 90 89 114 143 154 151 144 145 132 126 110 102 96 90 80 71 79 103 120 132 131 133 144 145 144 144 142 139 126 108 102 89 75 64 69 81 78 91 113 128 136 143 155 169 154 120 106 94 87 54 32 35 39 47 74 110 137 160 182 158 143 142 136 117 86 83 111 86 72 78 83 86 86 78 73 71 50 31 23 21 21 36 57 73 80 93 89 83 79 65 61 49 25 
66 56 47 58 57 58 70 65 79 75 91 78 90 85 88 83 66 39 37 41 73 109 110 110 112 116 123 127 122 114 127 117 113 109 106 105 94 104 114 117 113 111 125 119 96 70 100 106 111 114 110 119 115 90 80 67 81 105 130 155 154 155 151 135 128 126 117 105 102 98 93 89 94 97 106 123 128 139 145 145 141 143 140 146 137 121 107 93 84 81 86 87 87 92 105 116 118 123 137 157 166 165 158 117 94 83 61 36 28 36 46 71 107 128 146 179 169 139 143 139 129 78 73 95 96 68 64 73 81 79 78 68 62 41 31 22 22 26 48 61 81 94 94 93 87 79 73 59 45 24 
68 69 56 60 59 70 66 75 74 84 78 91 88 85 87 78 66 47 46 53 94 111 110 109 114 124 119 125 127 118 116 118 113 103 101 103 99 108 109 130 115 116 122 106 90 69 89 105 111 106 106 119 104 61 57 73 113 132 145 147 149 142 129 116 107 101 91 79 75 74 76 83 90 105 109 126 124 144 144 151 150 148 149 145 137 120 106 96 84 80 86 82 83 80 79 78 85 84 108 129 154 173 162 150 116 73 70 32 32 38 43 72 107 133 139 163 168 135 138 137 134 85 63 78 110 73 65 62 75 73 72 67 56 43 30 23 22 32 53 72 87 99 93 99 94 85 74 59 42 23 
71 73 69 68 64 72 65 65 73 78 73 84 82 80 84 74 66 57 59 71 105 114 109 108 115 126 117 132 133 125 113 126 111 106 103 96 92 106 112 119 113 120 118 106 80 72 85 101 111 113 114 132 100 61 77 106 121 138 147 141 125 109 90 74 58 49 42 31 30 32 40 63 88 101 111 124 137 143 152 152 150 149 149 147 137 121 102 90 84 80 69 61 52 43 42 43 32 48 71 94 119 151 158 159 137 89 71 39 25 38 48 66 99 126 145 163 170 139 135 135 132 92 61 63 102 96 63 64 61 72 66 55 51 35 25 22 23 33 53 72 92 98 99 96 93 84 66 53 32 21 
72 83 70 75 81 81 72 71 77 66 78 73 73 76 77 73 70 66 72 86 110 111 111 103 114 120 120 132 117 115 124 122 109 107 104 104 90 104 110 112 111 119 102 96 68 71 80 107 113 113 110 133 97 72 100 105 124 127 126 104 80 57 45 34 19 24 22 25 23 22 24 36 73 98 111 130 140 150 149 151 153 152 150 147 138 119 97 87 78 71 55 57 39 33 30 24 26 19 28 42 71 104 137 153 146 105 67 48 25 33 54 57 97 120 144 157 171 136 125 133 135 96 61 54 76 119 76 62 70 58 63 51 44 33 22 22 27 38 55 79 89 95 96 96 88 72 58 44 24 21 
73 80 69 82 69 74 77 70 72 75 81 73 72 72 73 67 61 63 76 95 115 104 111 99 115 119 124 124 108 105 117 118 112 105 108 96 97 107 109 112 108 112 100 104 69 68 73 105 104 117 111 127 94 82 101 101 104 104 90 68 39 23 24 35 63 33 24 34 31 30 29 31 52 90 107 120 141 147 150 153 156 154 159 158 136 115 101 88 72 55 51 55 60 46 31 32 26 26 26 23 35 69 102 138 144 110 85 45 24 35 53 55 102 124 145 155 179 149 124 137 138 113 70 44 62 97 104 70 68 64 63 48 45 38 22 30 31 47 64 85 98 95 101 89 87 65 51 35 22 21 
71 75 74 69 76 76 84 79 73 66 78 75 74 74 69 71 68 69 78 101 112 105 107 104 112 118 133 126 121 112 121 113 112 105 99 95 85 100 108 105 109 116 103 104 67 60 69 100 110 115 118 129 92 90 95 89 84 73 47 31 24 31 83 144 148 110 129 77 41 40 43 43 49 90 104 120 127 140 153 154 159 162 173 181 160 127 103 88 75 56 91 151 158 117 88 33 34 33 26 25 29 38 83 118 141 122 83 45 23 36 52 54 96 122 132 156 176 163 127 139 139 116 82 68 55 72 115 91 75 60 67 64 50 40 37 40 41 52 72 83 98 100 100 87 78 62 41 29 24 23 
61 68 68 70 79 72 70 76 84 68 72 76 79 80 79 75 75 70 81 104 111 108 107 108 111 109 129 120 115 113 122 108 111 108 108 90 92 100 98 97 102 106 95 98 67 55 69 92 109 113 116 117 97 84 89 86 76 54 24 24 29 52 108 149 129 70 60 51 38 53 50 51 55 98 120 133 129 140 157 167 168 167 180 196 177 129 106 84 69 87 106 152 191 119 90 47 39 41 36 29 26 28 63 110 125 125 90 55 29 35 52 55 89 122 149 161 163 169 124 136 141 125 88 76 72 76 73 118 92 75 73 69 63 55 43 52 55 70 89 87 91 99 96 89 76 65 48 36 36 34 
51 60 57 54 55 56 57 58 60 60 65 58 56 52 57 55 59 56 78 107 110 110 104 100 110 111 136 121 109 110 117 103 110 105 105 80 83 96 110 94 99 103 87 95 69 61 73 96 108 108 108 109 100 80 83 89 73 49 39 51 64 70 92 85 97 75 69 75 56 62 58 63 63 102 130 139 135 140 162 173 176 176 179 193 182 139 105 85 69 102 97 114 128 86 55 49 59 48 45 40 32 30 51 95 113 122 103 69 37 28 51 63 89 118 139 157 161 171 126 136 144 130 92 82 87 78 83 80 124 94 73 66 77 61 65 62 61 71 75 81 85 92 94 86 67 62 51 45 54 57 
33 33 34 36 37 39 40 40 40 41 41 42 41 39 38 41 45 42 71 107 108 108 102 98 103 110 131 115 105 108 114 100 109 98 101 81 83 86 103 84 109 111 85 88 64 55 67 95 104 104 107 108 96 85 92 91 90 83 91 109 126 122 131 114 110 114 110 105 92 93 87 91 90 112 134 136 137 141 166 178 177 175 179 195 192 164 123 107 86 98 102 102 112 97 87 78 85 94 93 98 82 67 78 106 124 126 108 75 48 29 50 64 82 116 143 151 164 171 129 136 147 134 98 85 93 75 78 88 108 119 81 92 86 72 73 70 76 69 74 81 90 87 85 85 70 73 61 57 65 65 
22 24 22 23 21 25 26 26 26 25 24 24 25 25 24 26 28 29 75 109 107 103 96 98 103 112 127 113 107 112 110 102 108 100 100 80 84 93 104 88 98 99 84 74 49 46 60 90 101 102 104 106 94 88 103 101 112 109 127 138 140 143 145 141 128 127 121 122 104 102 98 98 108 128 136 136 129 147 166 173 177 176 182 192 191 182 147 122 107 114 109 110 119 117 114 107 116 133 134 134 134 128 112 117 130 125 108 81 59 34 48 58 78 113 146 151 163 172 134 131 148 141 102 91 89 82 75 85 92 100 114 83 75 84 76 84 73 83 81 73 75 78 80 86 69 77 78 76 81 79 
17 16 18 19 14 18 17 17 17 17 17 17 17 17 18 18 18 27 84 115 111 103 96 93 96 112 132 115 109 109 111 96 103 100 100 87 84 93 104 87 96 98 83 70 41 49 62 87 101 103 102 103 98 93 109 119 132 127 137 139 140 140 134 134 131 123 112 111 106 96 94 105 127 138 138 136 132 158 170 172 177 179 190 197 196 191 160 145 134 103 105 105 107 111 112 113 117 131 143 146 148 153 160 158 135 137 117 91 67 37 47 54 82 112 142 159 160 167 152 122 148 148 101 73 77 80 72 87 78 98 96 104 94 81 80 79 77 85 78 76 84 84 66 73 88 79 68 97 93 80 
15 17 17 17 15 16 14 14 14 14 14 14 15 14 14 15 15 27 90 116 110 109 102 106 101 119 122 111 112 98 109 105 100 98 102 90 87 94 104 86 95 89 79 66 39 50 65 83 98 106 105 99 98 103 124 132 139 141 145 144 140 135 142 135 132 125 120 110 111 115 121 128 142 140 141 142 149 160 169 175 178 176 190 196 194 191 175 166 158 128 124 114 107 113 108 105 116 114 125 145 156 150 157 165 175 150 130 100 67 38 46 52 80 122 141 143 157 172 146 132 147 144 98 69 61 65 65 74 61 80 68 83 88 66 73 64 70 77 69 65 68 69 70 77 71 76 77 75 78 69 
16 14 16 16 15 15 15 15 15 15 15 15 15 15 15 15 15 32 99 104 103 111 95 108 112 116 133 112 107 100 100 106 104 99 95 86 82 93 90 80 96 74 68 65 36 51 68 81 96 101 102 100 95 115 123 130 140 149 148 149 148 145 138 137 129 134 136 139 131 136 144 145 147 146 144 144 152 160 163 176 174 182 187 191 198 192 187 179 162 150 136 134 128 117 114 117 118 137 148 142 168 163 166 171 179 168 141 106 79 50 46 47 72 116 141 140 154 170 164 132 147 146 92 55 56 40 42 45 37 53 57 63 73 67 55 50 52 54 58 51 45 46 55 59 57 56 56 56 63 66 
16 17 16 16 15 15 15 15 15 15 15 15 15 15 15 15 15 43 105 113 105 113 101 111 102 121 123 112 104 106 98 102 102 101 90 76 84 82 84 79 96 83 65 52 39 48 73 83 91 101 98 95 99 123 119 132 145 146 152 153 155 148 138 135 143 136 137 138 148 147 141 146 149 148 149 149 152 158 162 175 174 178 185 196 198 198 190 188 170 147 150 148 144 153 151 143 151 144 150 164 180 179 179 182 176 178 154 115 77 45 49 45 66 110 134 143 154 170 168 137 152 154 80 42 37 36 32 30 25 31 34 29 29 44 38 28 30 29 29 32 33 31 29 33 35 34 34 36 31 31 
16 16 16 16 15 15 15 15 15 15 15 15 15 15 15 15 14 55 111 106 95 102 102 97 92 132 123 110 106 104 101 101 89 93 91 82 75 93 86 81 94 77 68 52 31 43 70 89 86 104 101 94 102 121 125 138 158 152 155 153 151 151 142 141 149 150 151 145 146 147 148 148 149 151 154 155 155 157 162 171 176 175 179 192 198 201 190 197 188 170 149 148 152 167 172 170 167 164 172 170 177 190 185 192 182 176 166 122 87 52 56 45 67 107 134 140 154 171 167 135 148 154 86 37 27 26 22 18 17 15 19 24 17 23 25 17 19 19 19 20 20 19 17 16 16 16 17 18 18 19 
17 17 17 16 16 16 16 15 16 17 16 16 16 16 16 16 14 73 116 109 108 98 88 105 99 134 118 103 110 104 103 108 90 92 89 82 81 91 84 80 94 72 64 54 39 49 62 88 86 104 96 89 101 117 132 148 161 156 154 158 154 149 151 157 142 147 144 144 143 144 153 149 151 155 160 157 158 156 163 171 170 174 178 188 199 203 194 197 194 182 167 153 151 159 155 165 166 172 173 179 178 184 186 186 184 182 172 132 95 65 44 49 60 100 136 138 155 169 168 136 135 156 87 44 22 21 20 18 17 15 14 14 14 16 20 19 15 15 15 15 15 15 15 15 15 15 15 15 15 15 
17 17 17 17 16 17 17 19 17 15 17 17 17 17 17 14 21 108 113 107 106 96 96 105 101 132 115 101 100 100 103 105 92 89 87 82 72 88 81 83 88 66 61 49 36 46 62 83 88 97 99 93 99 110 135 160 157 159 160 161 161 158 155 144 147 145 148 142 141 140 152 147 154 158 164 169 162 167 166 166 177 170 177 187 197 205 204 195 192 184 177 165 151 151 155 162 162 160 172 174 179 187 191 191 188 181 175 139 95 62 50 42 54 91 132 141 143 158 171 142 139 161 97 41 24 22 20 19 18 16 16 15 15 16 18 18 16 16 15 15 15 15 15 15 15 15 15 15 15 15 
17 17 17 16 16 16 16 15 16 17 17 17 17 17 17 16 38 116 109 104 102 99 100 109 103 130 122 110 103 111 107 101 92 96 84 79 64 89 85 83 81 65 63 43 34 45 58 84 88 91 97 92 100 111 146 146 159 163 171 164 163 161 153 148 155 140 144 148 143 142 156 147 153 159 166 163 163 159 167 172 167 171 176 184 190 203 207 199 197 191 182 168 152 147 154 146 155 156 166 175 185 192 194 194 190 184 174 147 95 60 50 43 55 96 130 141 155 158 167 144 143 144 107 52 19 21 20 18 19 18 16 16 15 16 18 18 17 16 16 16 16 16 16 16 16 16 16 15 18 13 
16 16 16 16 16 16 15 15 15 16 16 17 17 17 17 18 52 119 118 108 98 97 93 109 109 127 119 106 93 103 102 95 81 92 81 81 67 87 88 88 81 58 64 46 37 50 55 83 88 89 92 93 97 109 141 154 160 168 169 166 164 164 158 152 148 142 143 144 146 144 152 149 157 153 157 162 163 162 166 172 174 171 174 181 188 198 207 204 193 174 162 151 152 154 154 153 155 161 166 166 170 187 198 197 192 181 175 155 111 65 50 46 56 93 128 139 148 152 163 149 139 148 112 66 33 26 20 19 19 18 17 16 16 18 18 18 18 17 16 16 16 16 16 16 17 17 17 18 13 18 
17 14 17 15 16 15 14 14 15 16 16 17 17 17 17 16 79 114 111 102 100 92 93 106 112 129 122 102 101 100 96 95 93 91 82 74 66 85 86 79 83 63 65 44 36 51 52 79 87 84 88 86 99 121 150 159 162 168 165 168 165 163 155 153 149 142 149 143 148 144 138 132 137 152 163 166 163 164 160 176 178 174 172 174 184 195 207 208 192 151 134 136 144 149 158 161 155 162 165 166 178 185 200 200 197 185 174 156 116 70 50 43 51 87 126 133 142 156 159 155 141 143 103 56 42 21 20 19 19 17 16 17 16 22 22 23 23 22 19 20 18 15 17 17 17 17 16 15 18 18 
17 12 17 14 16 16 16 15 15 16 16 17 17 17 17 28 85 117 114 98 96 96 90 103 107 127 117 106 102 103 98 94 83 94 77 76 69 81 78 78 85 70 61 44 29 42 59 73 84 89 92 75 90 117 148 159 163 166 167 172 165 154 151 153 148 143 133 139 135 133 123 121 133 158 160 164 161 166 158 171 172 163 162 171 171 176 190 195 201 151 113 121 126 129 146 132 142 157 162 166 175 181 200 202 199 193 174 162 115 77 49 41 50 86 112 136 143 158 155 167 136 143 104 57 45 26 20 19 19 17 15 17 15 30 32 33 34 36 32 31 28 18 16 17 17 17 17 19 17 15 
17 14 17 14 17 19 17 17 16 16 17 17 18 18 18 33 105 116 111 97 91 87 99 99 106 132 115 109 109 104 96 87 86 81 88 70 70 87 73 78 80 61 59 46 35 51 54 76 85 91 92 85 94 120 142 158 162 167 166 166 168 161 154 152 144 140 144 134 126 116 109 110 129 162 166 171 162 161 152 153 156 160 153 152 160 154 168 175 201 183 123 120 120 119 134 141 146 149 156 164 168 183 195 199 196 195 185 165 129 79 46 40 53 86 120 129 146 155 150 169 133 142 102 72 47 29 18 18 18 17 16 17 19 35 40 41 42 44 38 42 38 30 24 18 18 18 18 17 18 19 
16 16 17 17 17 17 16 16 16 17 17 18 18 18 18 43 111 123 104 92 94 85 98 118 113 127 119 108 115 104 97 87 82 82 87 67 66 85 69 79 76 59 62 46 32 38 61 94 85 87 87 77 98 107 151 153 159 175 176 173 162 162 150 155 140 142 133 126 117 109 112 117 143 170 158 160 155 143 139 135 141 145 141 141 141 143 153 158 185 206 143 112 114 114 123 133 138 142 150 159 167 172 177 194 193 187 192 164 136 77 42 39 52 82 104 124 149 158 149 165 137 145 108 70 50 35 18 17 18 18 17 20 29 38 40 42 44 46 49 48 47 38 31 15 21 19 18 19 20 22 
17 18 18 19 17 16 16 15 19 17 16 18 18 19 16 60 114 114 103 99 93 89 100 105 114 135 123 104 101 97 96 83 82 82 86 68 67 79 70 77 77 63 54 48 30 40 51 84 86 92 81 79 83 118 139 155 157 165 166 162 156 156 159 145 139 138 125 114 107 98 104 111 132 157 157 142 136 123 123 132 128 128 124 126 121 124 131 140 159 191 166 103 104 111 115 127 133 138 145 161 164 167 179 188 187 191 188 167 136 81 37 39 51 81 115 131 152 154 136 156 140 153 113 73 56 42 21 21 20 19 18 23 33 41 41 42 42 41 62 57 61 58 52 29 21 20 20 21 21 19 
17 18 18 18 17 17 16 16 17 17 17 17 18 18 21 80 116 117 108 98 92 90 96 104 117 123 123 95 101 91 93 82 86 88 84 68 69 87 68 80 72 70 54 51 30 40 54 87 89 93 82 82 86 122 139 150 156 158 159 158 159 160 157 140 132 123 112 98 94 100 114 125 122 132 134 120 88 75 92 121 117 120 119 116 112 112 112 106 127 161 145 88 85 90 103 111 125 130 137 150 156 163 169 170 180 180 189 161 137 84 34 34 50 76 106 127 147 153 134 149 148 136 119 72 51 35 29 20 21 20 18 25 38 44 44 41 37 40 55 73 68 62 52 40 22 21 20 19 23 25 
17 18 17 17 17 17 17 18 15 17 19 16 18 18 32 93 110 100 110 101 91 89 90 106 105 121 122 98 101 87 93 74 72 85 84 64 70 88 82 76 75 70 55 48 33 40 52 84 85 90 81 76 81 120 137 146 152 151 150 154 156 144 151 127 125 114 101 97 108 116 127 142 134 125 115 89 65 56 60 93 108 105 101 97 94 93 64 54 90 122 119 91 98 94 92 97 116 120 130 137 149 154 153 167 176 181 171 163 133 79 34 29 55 77 96 126 138 151 128 141 157 137 105 83 50 37 26 25 23 22 21 27 47 51 52 50 33 31 35 60 64 64 53 44 27 21 21 22 21 23 
17 17 18 17 17 17 17 17 17 17 18 18 18 19 45 103 114 106 106 100 92 81 92 98 108 120 111 98 106 87 87 76 74 80 89 68 67 81 81 68 71 65 53 47 29 36 49 78 84 81 84 70 82 115 128 138 141 145 147 150 146 140 142 125 118 103 98 108 116 122 136 142 145 146 132 112 107 109 111 114 109 100 101 103 96 79 66 86 119 121 100 86 99 109 95 87 105 115 120 130 127 144 151 158 164 175 172 163 139 83 34 33 52 73 104 130 142 146 135 134 158 142 106 94 48 37 29 26 24 22 26 44 68 67 64 60 40 22 35 48 59 65 59 46 28 21 24 21 24 27 
17 18 18 17 17 17 17 17 17 17 19 20 19 19 63 112 117 112 106 99 92 91 95 89 110 128 120 100 104 85 76 73 70 78 90 73 71 93 84 80 72 62 58 50 25 33 45 74 88 86 76 75 80 109 124 135 136 136 142 139 137 135 134 125 114 93 109 118 124 140 149 150 156 151 160 155 144 141 141 133 115 104 96 109 111 103 116 145 169 155 128 106 99 100 103 98 87 104 116 124 129 142 154 152 155 172 172 153 125 75 28 23 50 69 93 122 145 139 137 137 156 146 114 94 47 35 27 25 41 51 53 51 59 67 69 62 50 27 31 46 59 66 65 47 26 22 23 20 21 23 
17 16 18 18 18 18 18 17 17 16 20 23 21 29 73 118 114 114 106 99 91 88 95 97 112 121 114 99 103 92 90 80 63 79 78 70 77 85 76 76 74 63 54 46 29 36 43 76 84 89 81 74 77 100 113 128 134 133 137 139 133 136 131 120 107 112 141 134 134 146 147 147 148 153 158 151 153 153 146 133 121 117 100 115 125 136 153 177 173 157 146 127 106 112 113 112 94 90 112 119 129 131 133 145 153 157 160 139 116 70 23 28 47 71 93 115 131 150 124 126 161 156 122 103 54 29 33 41 78 52 32 39 55 67 71 70 60 40 35 49 60 67 66 56 33 22 22 23 23 24 
18 19 20 17 19 19 19 18 18 19 20 19 19 42 79 121 115 112 106 96 84 80 89 93 120 131 108 96 103 90 87 82 69 81 73 73 75 92 86 76 74 64 65 44 29 35 47 77 87 85 83 79 77 100 117 123 128 141 135 131 133 131 126 115 104 134 139 137 141 146 148 152 157 161 156 161 155 144 141 132 122 118 112 125 136 153 168 176 176 164 151 143 124 120 108 108 109 94 104 118 123 126 135 142 147 144 153 142 117 67 19 31 42 74 93 121 125 145 118 118 160 151 128 103 68 42 45 43 38 29 36 40 50 62 67 73 67 45 44 48 65 71 71 64 44 23 23 24 25 25 
18 16 21 17 19 19 19 21 19 18 20 19 27 52 84 116 115 111 106 99 98 82 89 94 118 112 115 100 105 84 87 79 69 74 78 77 80 99 75 76 80 56 58 50 30 35 52 84 77 88 86 84 77 97 113 120 124 131 133 133 133 134 116 99 135 149 135 139 135 138 148 158 153 155 161 159 158 152 147 143 138 134 138 143 155 168 171 177 180 177 165 152 143 124 107 116 114 105 94 116 123 125 127 130 141 146 143 142 117 61 23 27 44 73 92 119 126 147 123 110 146 148 133 107 74 48 49 48 37 44 41 42 52 61 64 65 67 64 62 69 85 90 79 80 50 26 22 23 23 24 
18 17 20 17 19 19 19 17 17 20 21 24 39 61 94 113 113 112 107 97 96 80 90 91 121 121 118 94 107 93 95 68 67 70 76 77 76 94 84 77 76 56 56 47 31 35 54 80 88 84 94 84 81 96 113 123 124 128 130 135 134 134 99 115 135 154 133 129 135 149 150 152 168 168 162 156 158 161 160 159 157 157 163 170 177 188 192 191 193 196 186 162 152 145 112 112 115 115 93 112 128 128 124 125 132 142 135 139 116 58 28 22 42 71 92 116 124 146 127 105 135 148 141 102 81 55 51 52 55 41 37 38 44 50 56 58 70 82 81 95 92 92 92 80 58 32 22 24 23 21 
19 18 19 20 19 19 20 20 19 22 23 22 42 66 104 110 112 113 107 97 92 84 90 86 119 121 112 93 97 89 95 70 63 68 76 76 85 86 81 85 79 63 68 50 32 36 57 83 84 87 96 89 91 93 109 123 130 139 134 131 134 126 106 128 139 131 124 122 133 150 155 159 157 153 142 130 126 125 125 125 124 139 156 147 142 142 142 151 179 186 184 179 158 142 118 114 112 118 99 111 106 130 132 134 136 137 137 133 103 52 25 21 41 76 92 116 132 148 127 105 130 156 141 105 89 59 60 54 55 53 44 44 44 43 50 63 79 91 100 101 102 104 98 85 68 43 25 25 24 21 
20 19 19 19 19 20 21 22 23 23 23 27 49 65 105 104 113 107 109 102 95 86 90 86 111 110 117 97 108 93 93 76 61 68 76 75 82 94 81 88 88 66 75 56 33 35 57 85 87 87 102 101 97 98 109 117 132 131 139 137 133 123 116 129 134 122 109 110 129 131 122 106 98 93 85 81 81 82 84 83 80 84 89 92 92 89 90 92 101 106 111 115 116 122 109 103 109 112 103 115 131 135 138 138 150 137 138 133 109 50 24 25 37 71 93 123 126 148 125 106 125 160 134 102 90 73 72 66 58 54 53 49 46 43 50 65 78 96 108 122 123 120 103 96 79 54 30 23 24 26 
20 20 20 20 20 20 21 22 23 23 24 35 65 67 106 100 114 106 110 106 90 89 89 85 114 125 107 100 100 85 90 69 60 66 76 79 95 100 81 86 87 71 74 58 33 34 57 85 85 92 107 103 102 97 115 121 130 129 138 130 133 135 138 139 130 115 93 85 93 91 82 72 69 67 67 70 72 75 76 73 73 75 73 72 72 76 73 68 72 66 62 60 61 65 63 90 107 115 109 122 133 137 139 137 144 135 140 132 105 41 23 24 34 81 92 116 131 154 131 102 119 154 135 114 102 80 68 61 61 58 54 51 48 44 51 65 79 106 116 125 128 130 110 103 84 63 38 29 23 25 
21 21 21 20 20 21 22 23 23 23 26 52 78 72 110 101 113 110 101 103 87 92 87 90 119 130 105 98 93 91 94 70 58 63 70 77 97 99 84 82 80 69 72 61 31 33 51 78 83 96 109 108 107 106 110 113 129 133 137 128 137 133 130 133 126 115 91 64 55 49 51 49 53 59 66 74 76 77 77 74 73 76 79 84 88 87 96 94 91 64 42 44 45 50 60 97 111 122 116 123 130 141 142 140 143 140 141 130 97 37 23 22 35 75 87 122 131 150 136 100 117 149 134 101 100 85 77 70 61 57 52 48 50 41 48 63 85 106 122 131 132 134 122 105 84 73 56 37 25 27 
21 21 22 21 21 22 22 23 23 22 29 69 73 81 110 106 111 109 94 99 91 90 82 93 118 120 97 97 104 99 94 71 62 57 68 75 97 92 76 81 81 66 76 56 36 33 53 76 93 95 103 107 108 109 111 114 126 130 129 140 130 135 136 138 131 117 110 104 103 88 76 76 89 92 113 130 123 117 111 106 107 114 120 119 127 140 161 185 189 151 117 98 110 131 124 112 121 126 125 128 128 142 138 141 142 145 137 122 82 27 23 23 35 75 90 125 132 147 134 98 107 143 150 106 109 90 86 69 63 60 57 54 51 51 50 64 85 101 122 135 135 135 125 112 100 87 75 60 39 31 
21 22 22 21 21 22 22 23 23 24 39 73 63 90 114 102 111 108 99 95 92 85 70 92 114 118 100 94 98 95 95 69 62 58 68 68 101 100 87 88 88 72 76 47 45 33 57 78 98 94 98 114 110 109 117 121 126 122 123 129 134 138 142 137 136 131 124 131 144 147 131 119 115 114 135 157 147 132 127 118 127 127 123 125 133 150 177 212 196 184 180 158 158 154 148 129 125 131 128 130 128 139 132 139 143 151 136 116 70 24 23 23 34 75 100 123 133 145 141 99 104 138 156 96 113 101 73 73 68 66 62 66 52 59 52 76 101 109 126 135 141 138 131 127 120 109 92 80 57 39 
22 22 21 21 21 22 22 23 23 30 47 61 69 104 109 101 111 107 104 102 89 89 74 82 109 118 97 91 100 94 95 66 58 57 53 81 105 95 86 83 88 82 74 52 36 45 45 86 91 97 101 114 114 116 117 126 122 134 120 123 135 129 140 124 133 137 134 135 145 150 148 145 130 120 141 141 127 132 133 135 118 126 123 129 122 122 133 146 150 153 169 174 176 149 158 141 135 129 126 128 129 136 134 142 150 149 133 108 58 21 22 22 34 78 87 125 133 141 147 104 108 134 143 96 92 97 81 71 72 65 67 62 60 55 69 92 117 127 145 148 145 147 144 134 131 121 108 101 77 52 
22 22 22 21 21 22 22 24 21 42 48 58 78 106 99 104 114 110 108 105 95 84 72 75 110 110 100 98 95 90 93 70 59 56 57 71 104 92 86 85 83 83 76 48 45 37 53 85 92 100 99 110 118 115 110 120 120 134 126 131 126 129 135 128 130 135 135 133 146 154 153 156 145 139 132 125 114 104 96 98 99 96 91 97 90 95 94 107 136 153 180 184 188 166 157 145 139 136 129 130 131 134 137 145 159 137 123 100 46 17 21 22 35 76 97 121 133 142 143 109 105 121 157 115 93 100 92 75 67 66 69 60 60 63 74 96 106 122 140 144 143 140 139 147 136 134 126 109 102 71 
21 21 21 21 21 22 22 21 32 41 39 58 75 99 99 105 116 106 98 94 95 83 79 80 109 108 93 95 91 91 90 73 59 49 53 61 97 87 86 83 85 84 79 50 42 40 49 86 94 102 97 102 108 116 119 108 115 128 131 131 130 130 131 128 128 132 135 137 147 153 150 152 147 145 143 137 144 122 123 101 91 90 84 89 85 103 113 144 158 179 170 186 183 179 167 147 140 135 133 133 133 136 140 143 151 129 112 82 37 19 21 23 36 82 93 115 135 145 146 111 115 108 148 130 94 97 95 86 65 71 65 66 61 63 78 89 102 128 136 139 138 139 135 146 143 144 138 122 104 87 
23 21 21 22 23 25 25 27 30 47 53 61 73 97 101 105 113 112 105 101 92 77 74 73 107 110 96 97 90 93 87 72 59 50 59 59 90 85 80 86 90 82 76 56 41 41 48 79 96 99 89 86 103 117 114 114 120 129 136 123 129 129 133 132 132 138 136 150 149 154 151 147 152 147 146 144 145 133 129 128 118 113 113 116 116 133 132 142 156 168 180 176 182 170 165 158 144 136 136 133 133 140 145 140 133 127 103 68 38 22 21 24 32 78 103 113 136 146 151 103 118 115 120 132 93 99 87 84 76 75 67 67 60 56 79 93 97 115 132 130 130 128 132 143 148 152 141 127 109 99 
20 24 23 24 25 26 28 31 32 37 53 66 72 102 102 109 101 117 99 102 91 86 81 84 118 116 90 97 91 91 86 72 60 51 59 51 85 83 84 80 95 88 79 52 39 42 47 86 102 111 98 81 100 112 113 105 116 128 129 128 136 137 135 132 137 141 136 149 150 146 158 150 147 144 144 150 146 135 135 127 127 127 133 139 137 129 137 153 159 173 178 182 171 173 167 157 146 142 137 132 133 137 141 139 122 120 90 48 25 23 22 24 42 74 94 123 137 144 148 110 105 116 108 138 98 95 84 77 78 78 72 64 61 55 63 81 108 109 116 125 125 121 134 137 142 148 146 138 122 105 
23 23 23 23 25 27 27 29 32 37 51 68 71 109 107 104 113 112 98 102 96 88 74 74 108 111 90 97 92 91 86 71 60 49 62 47 77 91 78 86 93 83 84 56 40 42 45 79 86 103 82 71 92 100 116 105 111 114 128 131 138 142 136 135 140 142 141 147 145 146 147 147 151 153 151 145 140 142 140 140 130 135 141 140 131 139 143 151 161 174 179 172 175 164 164 159 149 139 133 131 133 132 131 126 117 107 72 32 24 23 22 23 50 72 96 117 130 146 153 103 108 107 94 133 93 96 87 73 78 78 74 65 66 53 54 75 92 106 106 120 119 128 125 142 145 143 133 137 127 110 
21 24 23 23 25 26 27 30 33 37 46 59 73 107 110 107 111 113 97 104 100 87 77 80 109 112 91 97 92 91 85 70 64 53 64 48 76 98 91 87 101 83 84 59 42 41 44 69 94 97 79 66 81 100 105 102 107 111 117 126 141 133 139 141 143 145 146 152 150 146 150 150 152 152 146 147 153 139 148 144 140 148 142 144 149 149 150 154 163 175 180 180 171 181 170 161 153 141 135 135 134 140 129 111 115 83 42 31 23 22 22 25 40 79 101 128 138 149 159 105 107 112 89 132 97 101 90 78 77 76 76 73 64 66 60 66 91 106 116 118 126 126 135 127 139 143 145 138 125 100 
21 25 21 26 27 27 28 30 35 42 56 64 71 109 101 107 111 113 97 109 107 94 77 78 108 115 86 99 89 90 90 70 64 55 59 48 72 94 88 86 93 89 88 64 43 39 43 64 87 97 75 60 74 83 95 102 106 110 118 123 141 135 139 143 145 143 143 146 144 150 151 144 148 151 149 145 159 144 142 142 146 150 158 151 153 147 153 153 164 178 175 174 177 167 166 161 156 143 136 132 129 128 121 114 98 51 22 23 22 22 22 26 41 71 98 111 134 138 154 115 108 119 86 135 114 107 91 77 78 77 77 72 63 65 66 83 96 101 116 127 122 137 132 140 147 144 140 134 128 110 
22 24 25 27 28 28 28 30 37 49 51 57 70 111 97 108 112 109 108 100 106 92 65 74 95 111 95 95 87 82 90 66 62 54 53 48 69 91 82 89 97 89 93 68 43 37 41 64 88 99 71 51 61 70 85 98 98 101 112 121 133 140 140 143 147 148 148 155 148 154 153 161 160 144 155 152 146 152 147 149 152 146 150 150 153 154 152 154 165 169 166 164 179 174 182 166 153 139 132 132 126 119 113 108 68 29 22 22 22 22 22 29 31 75 107 113 131 143 157 113 92 111 68 111 134 106 92 84 79 79 67 69 67 63 65 85 94 114 123 133 132 135 139 148 142 144 139 132 130 113 
22 22 29 24 27 28 28 32 35 45 44 59 69 108 104 111 113 115 102 100 107 96 78 75 96 109 87 98 83 76 85 65 61 51 52 51 67 88 71 90 98 94 89 73 44 36 40 63 92 96 69 51 49 64 72 87 92 96 103 111 128 140 143 143 143 152 151 154 151 155 153 153 152 152 153 151 154 153 151 158 150 149 155 157 157 160 157 168 168 172 181 174 174 170 173 164 148 138 135 132 119 111 101 77 28 19 21 21 22 22 22 25 37 73 103 115 131 142 169 120 97 115 75 83 137 110 99 77 77 76 76 64 63 62 66 82 96 119 129 137 143 141 142 148 150 148 139 137 131 114 
22 24 25 26 26 27 28 30 41 39 41 58 75 99 88 104 101 103 101 96 108 95 79 76 96 110 89 93 93 93 82 73 61 47 51 53 64 91 75 87 89 90 85 71 44 36 38 57 84 89 66 47 46 52 66 79 87 91 95 98 117 133 138 133 140 158 147 158 154 155 158 156 151 162 156 157 157 156 160 161 156 155 147 149 158 158 178 174 172 174 175 178 178 178 174 163 151 139 136 131 110 96 91 36 24 23 20 20 21 21 21 26 31 74 100 116 130 142 166 119 98 110 77 73 128 127 97 84 81 75 70 66 64 61 67 83 100 123 131 138 148 140 144 147 147 143 140 139 136 122 
23 25 23 26 29 28 31 33 33 41 39 60 83 103 96 114 110 106 100 97 105 97 80 69 107 104 85 89 75 98 89 72 65 57 51 42 60 94 76 81 84 82 88 70 39 33 42 60 84 86 69 44 37 44 52 65 78 86 89 94 100 126 132 138 139 146 144 156 156 160 161 166 163 160 163 161 163 167 158 156 155 145 145 152 159 166 170 182 174 175 182 183 186 183 177 160 148 140 134 117 101 80 31 26 24 22 20 20 21 21 21 28 32 71 102 118 130 139 162 122 100 110 72 81 114 146 96 85 83 74 69 66 63 63 69 85 104 124 131 133 141 135 138 139 143 139 140 135 135 123 
24 25 25 27 28 28 28 33 34 36 38 57 85 94 96 116 107 100 101 92 102 102 86 74 107 102 87 83 76 90 96 77 60 57 51 45 56 97 73 71 87 78 87 84 40 39 34 69 75 87 73 47 47 35 41 48 60 82 88 83 97 111 129 136 139 142 146 155 158 162 163 161 158 159 160 163 164 163 164 152 161 161 155 154 159 166 174 185 186 187 187 188 186 188 169 156 147 151 124 103 75 39 26 22 22 21 20 21 21 21 21 27 34 71 103 112 130 151 161 124 102 106 61 79 97 140 103 86 82 76 67 65 63 64 71 88 108 126 130 133 138 128 132 126 138 135 131 142 132 119 
25 25 25 27 26 33 34 33 33 36 39 45 83 98 94 105 106 95 98 94 98 99 82 79 104 99 97 79 72 82 85 62 57 60 58 46 56 91 73 81 93 84 87 82 50 33 44 51 73 88 70 46 39 41 40 40 46 59 74 78 91 101 116 130 135 138 145 151 156 163 167 167 167 166 165 166 165 166 159 159 153 150 158 148 155 162 166 188 189 193 192 187 186 182 179 156 147 134 112 67 39 25 22 22 21 21 21 21 21 21 21 23 36 71 106 120 130 139 156 135 103 103 58 72 88 121 105 84 82 75 69 63 61 65 75 91 107 122 130 131 130 133 122 116 128 131 134 128 128 122 
25 26 26 26 30 34 34 31 31 34 38 41 67 102 100 108 117 99 96 93 105 100 81 77 98 107 96 85 90 91 88 71 68 48 56 44 55 82 76 89 96 87 89 84 64 32 43 55 71 75 79 37 43 39 33 35 39 42 48 72 74 84 105 125 137 130 141 148 154 162 164 165 166 167 167 168 163 161 158 153 153 152 147 142 151 158 166 175 179 181 191 185 185 184 167 150 136 102 56 30 26 23 21 21 21 21 21 21 21 21 21 25 37 68 106 120 131 144 161 136 104 98 61 71 84 107 121 95 82 68 67 65 62 62 79 98 116 123 128 126 122 113 111 110 118 127 129 127 125 114 
26 27 27 26 32 34 35 29 34 37 38 43 58 97 103 101 105 104 94 98 99 116 82 71 108 108 93 78 80 83 90 73 71 55 61 46 57 85 77 79 93 87 87 82 66 37 43 54 72 72 67 42 45 52 52 47 42 42 48 46 60 68 90 112 127 126 137 143 150 157 160 162 163 166 167 163 159 154 152 147 149 143 154 149 153 156 166 165 170 172 183 183 178 176 159 143 115 60 27 26 24 22 21 21 21 21 21 21 21 21 21 21 38 69 105 115 134 148 161 142 104 98 58 67 83 94 136 89 87 74 65 58 65 73 80 98 115 122 124 125 120 112 110 110 107 117 128 132 122 110 
27 27 28 27 33 30 36 37 34 38 36 35 62 98 105 115 101 99 100 104 100 107 92 63 106 96 97 85 86 86 85 72 70 52 56 44 45 86 78 76 92 90 84 81 60 36 39 49 69 71 67 54 48 44 54 57 54 55 52 51 56 57 59 88 113 125 127 135 141 147 157 158 160 161 161 159 166 162 153 154 147 140 140 148 148 143 152 161 162 163 169 175 175 172 148 112 68 33 24 23 22 21 21 21 21 21 21 21 21 21 21 21 46 70 118 103 137 155 161 148 105 99 55 76 87 95 123 102 82 78 65 61 67 74 82 98 108 119 119 119 116 112 109 109 110 119 120 117 112 94 
32 26 28 28 31 33 36 33 32 38 37 35 56 96 99 107 103 104 95 97 94 108 91 60 95 104 101 81 81 79 81 74 68 49 56 44 33 85 76 73 94 91 87 78 61 36 38 49 66 66 70 47 52 57 56 58 58 62 60 61 59 57 59 63 81 101 117 127 130 140 146 150 156 156 150 148 155 144 142 135 144 145 141 148 140 137 141 152 153 160 178 180 177 161 121 77 46 30 24 23 22 22 22 22 22 22 22 22 22 22 22 26 52 73 111 117 139 145 161 150 109 95 52 74 74 85 117 111 70 68 64 59 71 74 82 93 95 106 111 111 112 110 107 109 117 110 113 111 96 76 
27 33 29 29 29 30 29 31 33 35 47 37 50 90 97 106 103 102 91 97 92 107 94 70 81 104 100 79 91 82 85 62 65 61 55 52 35 71 80 79 76 89 87 77 69 44 38 46 63 65 75 50 57 57 59 65 65 65 62 63 63 62 61 59 63 81 87 111 112 131 136 137 141 151 142 151 145 145 137 139 142 132 135 136 132 130 135 139 148 152 157 162 159 125 79 53 42 27 23 23 22 22 22 23 23 22 23 23 23 23 22 24 44 66 111 120 130 150 161 156 113 92 51 70 78 85 108 112 68 65 64 56 69 65 74 88 90 94 112 118 110 107 105 106 107 110 106 98 80 60 
56 34 28 29 30 31 34 32 37 40 39 40 54 90 97 103 104 97 98 104 95 90 86 58 85 99 92 74 78 83 80 67 65 48 53 45 36 70 91 79 97 87 85 76 70 43 38 43 59 66 76 57 59 65 62 62 67 68 66 66 64 64 66 64 64 57 72 86 96 109 123 132 131 130 141 146 135 135 134 129 134 126 128 130 129 114 125 131 140 138 156 142 123 86 59 53 42 27 24 23 22 22 22 23 22 21 22 22 23 22 22 24 57 68 108 114 138 151 163 165 115 83 51 72 77 88 108 113 73 54 63 63 66 64 67 78 91 91 94 103 107 105 105 98 96 102 95 85 66 47 
67 44 33 32 32 31 37 31 36 38 41 40 47 95 93 108 104 99 102 102 95 102 104 66 80 99 103 73 74 80 94 73 64 54 43 55 36 65 94 76 80 86 82 75 73 41 39 43 56 60 75 68 62 63 64 66 68 70 71 70 71 74 78 76 75 73 64 64 76 86 105 120 125 133 134 131 128 130 126 119 119 120 121 121 112 120 120 126 129 123 129 105 85 63 65 61 40 26 24 23 22 21 21 23 22 20 21 22 22 22 22 24 55 67 105 117 128 152 165 161 119 94 51 65 79 87 109 105 91 52 57 74 69 64 67 71 72 93 94 100 97 93 97 91 86 84 75 61 47 30 
87 53 37 32 32 32 37 34 34 38 40 43 53 96 113 107 106 100 105 96 93 93 96 72 69 107 94 77 74 78 80 70 63 55 59 54 35 61 92 76 89 97 82 75 76 49 39 40 51 62 73 75 65 60 70 71 76 74 75 75 78 84 84 84 77 83 78 67 65 64 72 88 92 105 114 118 118 121 110 111 109 108 108 104 111 100 104 103 104 102 94 74 68 61 65 61 36 23 23 22 23 20 21 22 21 20 21 22 22 22 22 29 49 66 101 114 122 145 159 170 120 86 55 56 81 88 116 94 96 66 58 67 71 65 71 70 76 80 87 89 83 83 78 80 72 65 52 42 30 25 
98 58 41 36 32 32 32 31 42 33 44 43 48 95 108 112 106 99 111 93 91 93 99 73 70 108 97 80 82 78 83 68 63 55 50 49 35 53 90 77 86 97 80 77 72 48 40 42 48 69 71 68 62 62 72 73 75 78 80 83 85 87 90 88 80 81 82 82 79 72 65 68 67 72 82 85 91 99 99 96 93 91 94 93 99 86 85 85 81 74 69 69 65 69 65 55 34 22 23 22 22 21 21 21 21 21 21 22 22 22 22 31 49 63 99 116 128 147 153 171 127 78 60 63 81 88 110 98 106 78 61 58 65 74 64 65 71 74 84 85 77 76 67 57 49 45 41 30 25 25 
105 76 44 33 32 32 32 36 37 49 40 43 49 95 104 118 109 102 105 90 92 94 100 78 70 111 97 76 71 78 87 71 59 56 55 52 36 51 92 82 87 93 82 81 70 46 42 47 50 70 73 61 62 66 76 71 76 77 85 90 89 87 82 82 95 88 90 89 80 79 76 70 71 72 64 62 63 66 66 67 67 66 70 74 73 73 74 73 69 67 71 72 71 70 61 51 32 21 22 23 20 22 23 20 24 20 21 22 22 22 24 31 53 62 98 105 111 139 154 169 130 70 56 67 86 85 101 107 74 84 58 65 65 56 61 62 66 65 67 73 69 62 57 39 34 30 29 23 25 24 
115 84 54 37 34 30 31 31 35 37 40 35 44 85 100 113 106 94 100 100 92 89 100 88 69 103 97 78 78 78 83 67 63 51 49 50 37 46 79 87 87 95 83 81 72 58 36 48 46 69 76 71 63 71 75 78 78 75 87 96 93 91 99 89 93 94 95 94 95 92 89 87 85 85 72 70 69 63 61 62 63 65 66 72 66 73 69 69 69 69 72 73 76 72 67 56 30 20 21 21 21 23 19 23 22 21 21 22 22 21 26 36 57 60 101 112 125 145 155 161 130 75 52 63 88 91 103 97 78 96 61 68 54 61 57 56 60 62 63 62 53 46 35 28 28 25 25 25 25 25 
122 91 66 38 34 34 34 35 41 31 36 34 39 81 95 108 104 98 101 98 84 81 96 96 67 90 100 84 84 82 91 76 67 55 49 50 40 37 68 86 87 101 88 79 75 54 43 44 47 56 63 68 75 73 66 82 82 83 88 91 105 92 91 97 94 96 95 96 93 95 99 101 94 88 86 77 70 67 64 62 61 67 70 70 72 72 70 70 70 70 76 71 72 74 73 55 28 21 22 21 21 21 23 22 20 22 21 22 22 22 27 41 58 54 102 110 114 141 157 167 131 69 53 64 87 87 100 106 74 90 65 57 57 46 46 45 45 45 51 46 43 37 30 25 26 25 25 25 25 24 
115 92 65 37 36 35 34 34 35 36 35 35 43 77 98 114 103 92 95 90 84 83 95 94 66 85 103 85 83 87 85 79 60 59 49 48 46 35 59 90 87 98 90 84 79 63 44 45 49 59 63 62 72 73 78 69 88 92 90 91 95 95 92 100 101 102 102 100 102 101 99 101 104 103 97 86 92 82 80 71 69 74 75 70 80 69 70 70 70 75 69 78 76 75 68 50 27 22 22 22 21 21 21 21 22 21 21 22 22 22 28 41 57 58 88 111 121 145 158 166 131 67 48 58 85 94 98 117 74 79 66 47 42 34 33 30 28 28 34 29 29 28 26 25 25 24 25 25 25 26 
113 88 64 37 36 31 30 32 31 34 35 36 43 83 97 106 103 91 91 83 82 78 88 101 70 70 98 90 85 80 84 76 73 53 47 41 43 41 54 84 88 96 92 88 83 58 50 45 47 57 62 66 64 69 75 83 84 87 93 103 105 95 97 100 105 106 105 104 106 115 110 114 115 113 102 103 106 89 94 85 80 83 78 74 82 72 70 74 73 71 77 77 85 74 66 45 26 23 22 21 21 21 22 22 23 22 22 22 22 22 29 41 54 71 100 115 132 142 155 165 131 63 44 54 82 85 100 115 85 69 74 43 36 28 26 23 22 22 26 24 24 22 24 24 25 24 24 25 25 26 
118 96 76 45 34 29 30 31 32 35 36 37 44 82 95 105 103 93 95 89 79 73 98 101 79 70 103 90 84 85 84 75 70 58 52 50 46 41 47 75 85 94 95 90 75 58 51 47 50 49 61 73 61 71 71 74 89 91 99 104 105 106 106 111 110 110 115 112 114 114 123 116 119 121 124 117 117 108 104 97 91 85 84 83 76 73 76 78 76 77 79 81 87 72 64 35 24 22 23 24 25 24 23 23 24 23 22 22 22 23 30 45 62 71 104 113 128 139 159 169 131 64 47 51 79 83 95 116 97 52 77 58 36 28 24 22 21 22 23 21 23 25 23 23 24 24 24 25 26 27 
119 100 64 41 34 27 29 29 30 32 35 36 43 81 94 106 103 91 98 89 83 72 87 97 75 71 102 97 80 86 84 78 67 60 57 54 46 41 41 71 77 90 94 87 76 64 54 50 52 47 57 68 65 69 75 85 81 94 100 97 111 107 109 112 113 115 113 114 115 115 125 126 124 121 120 124 123 131 110 103 100 96 90 90 89 80 82 76 77 80 87 81 83 78 64 34 23 22 22 22 23 22 23 24 23 23 22 21 22 23 32 43 51 61 99 117 121 143 164 173 132 64 45 51 81 85 92 118 106 60 68 60 31 28 24 22 21 22 23 24 23 21 21 24 22 25 24 26 27 27 
128 107 74 48 33 26 28 28 29 31 33 34 41 78 85 104 103 91 100 87 76 73 78 98 72 66 103 93 83 84 90 74 72 56 57 51 46 47 43 61 81 89 101 93 81 74 57 53 48 45 55 66 75 70 71 79 86 101 100 99 108 110 114 104 112 114 109 117 117 115 125 121 125 129 123 129 128 127 120 118 110 100 97 89 81 78 73 80 88 80 90 80 81 77 61 34 23 22 22 23 24 24 23 23 23 22 22 22 22 26 37 50 61 71 102 112 122 144 162 167 123 60 44 50 83 77 98 126 99 67 59 69 26 25 25 23 22 23 24 24 25 24 23 24 25 25 26 27 28 27 
132 119 88 55 34 25 27 28 29 30 32 35 40 68 78 98 97 85 97 92 74 71 73 102 81 66 89 96 91 86 89 75 62 60 55 59 52 45 43 50 87 93 103 98 95 76 58 52 50 42 50 67 65 75 80 78 87 90 97 97 103 110 113 119 110 118 109 116 118 119 124 118 124 128 127 129 128 123 123 113 110 108 101 95 97 85 84 84 92 86 89 84 81 71 52 31 23 22 22 22 26 23 23 22 21 23 22 21 22 27 39 54 66 67 102 115 118 143 161 170 131 62 44 50 81 85 99 115 115 68 55 80 32 22 28 26 24 25 24 25 25 26 26 26 29 27 28 30 29 28 
145 118 94 59 34 26 28 28 29 30 31 35 39 63 79 103 103 86 94 86 80 71 79 97 84 64 84 96 86 85 87 76 75 66 55 57 51 44 49 45 79 94 97 99 94 81 49 48 58 52 57 60 64 68 74 81 88 96 104 110 107 113 113 111 112 118 121 118 119 121 121 123 128 130 132 129 127 131 120 115 118 103 97 98 95 92 88 86 87 96 97 90 82 71 52 32 24 23 23 25 21 26 24 23 24 23 23 23 22 27 40 52 68 70 103 110 116 142 161 171 118 64 45 50 79 83 92 111 116 88 55 65 48 31 31 28 27 25 25 25 25 25 27 28 30 31 32 33 31 30 
147 126 94 61 37 28 28 28 29 30 31 35 39 63 76 93 88 82 95 89 66 76 70 99 86 64 76 103 99 84 89 79 73 68 52 54 54 48 55 43 72 92 91 99 93 87 61 53 62 45 44 55 69 76 77 89 83 100 96 99 109 109 117 109 119 114 118 118 114 123 125 122 122 125 128 129 135 124 120 110 111 109 93 98 89 92 89 101 98 89 87 93 82 70 52 32 26 24 24 23 26 23 24 24 26 24 23 26 24 29 36 56 67 74 112 113 114 143 163 163 118 57 47 47 74 87 89 107 114 100 65 65 58 29 34 33 29 27 25 25 24 26 27 29 28 31 34 32 33 34 
158 132 107 69 39 30 29 29 29 30 30 34 37 62 73 92 98 91 94 88 64 79 66 106 84 69 77 94 94 88 85 84 77 68 50 55 57 56 54 46 63 95 84 101 95 87 64 43 59 58 44 63 65 70 76 82 92 89 95 107 112 110 119 111 113 106 111 115 124 125 120 123 124 126 121 128 118 127 121 117 110 107 98 101 95 94 97 95 100 107 92 93 82 67 44 30 28 27 26 25 24 24 23 24 25 24 25 26 28 34 38 64 67 75 115 108 123 134 166 162 105 56 49 45 68 87 91 109 115 101 58 71 81 40 36 38 32 31 29 34 34 32 35 37 31 35 29 34 39 38 
159 135 117 78 41 31 29 29 29 30 30 33 36 64 74 93 105 92 94 92 74 79 63 94 94 72 66 106 87 91 81 88 79 66 56 56 63 54 54 55 54 92 88 97 98 96 74 49 40 69 50 51 57 62 74 85 91 97 98 104 108 109 111 116 109 118 115 118 125 121 129 121 127 123 127 127 126 121 121 117 111 110 105 101 99 95 101 103 100 96 90 92 78 58 38 29 29 28 27 26 26 25 25 26 24 24 24 26 31 36 41 63 68 80 121 121 108 144 165 162 107 56 49 49 66 91 92 106 117 110 76 75 83 47 36 39 35 36 36 37 33 33 35 38 35 35 44 37 37 40 
164 137 116 84 49 30 29 29 29 30 31 33 35 61 68 93 96 82 92 89 68 75 67 80 95 65 63 100 97 93 82 86 78 67 68 50 68 50 53 57 43 85 88 97 95 95 87 57 43 61 53 54 60 64 72 85 91 93 99 110 106 110 118 121 118 119 116 128 122 121 133 126 120 126 129 128 123 122 122 116 113 117 98 100 99 97 92 99 111 106 96 80 73 62 38 29 29 28 28 30 27 26 27 23 23 23 23 26 33 40 46 63 68 85 128 111 122 142 163 163 105 54 49 50 71 94 88 114 117 104 77 65 81 66 36 42 38 38 37 38 35 38 36 36 35 38 35 39 42 37 
166 136 117 80 55 26 29 29 29 30 31 30 33 59 66 77 93 90 90 89 66 71 68 77 95 64 58 85 96 98 79 88 78 66 71 51 67 60 51 59 38 68 91 97 96 88 92 68 44 54 55 51 60 63 70 83 85 94 91 103 115 122 118 115 123 119 111 124 129 125 121 126 120 123 123 126 126 123 122 122 112 101 108 104 101 94 107 100 101 106 101 80 71 52 39 29 30 29 29 29 27 29 26 26 24 24 27 31 36 40 53 71 69 88 123 115 118 137 162 160 105 46 49 51 74 86 106 103 118 112 82 59 74 82 48 43 38 38 38 37 36 36 37 36 36 37 39 40 40 36 
155 130 115 90 50 33 29 29 29 30 31 29 33 62 70 66 95 92 89 79 63 72 70 70 88 76 62 75 101 98 82 82 79 69 69 57 66 70 51 57 42 61 84 91 99 90 88 75 47 45 59 46 57 61 68 74 89 93 87 98 108 115 120 120 111 123 119 117 127 128 125 125 125 113 125 124 125 127 123 118 112 113 99 99 100 107 98 109 105 100 90 83 58 56 39 30 31 31 30 32 31 31 29 25 24 28 30 34 38 41 53 71 70 85 122 116 119 134 160 158 100 49 48 56 70 90 96 109 120 114 87 63 69 84 58 47 41 38 38 37 40 36 37 37 37 39 38 34 34 35 
146 128 111 91 65 33 31 28 29 29 30 28 30 60 65 62 90 89 89 84 63 54 69 64 84 72 64 75 103 102 86 78 81 77 68 60 67 73 58 52 45 49 74 89 97 91 87 84 56 41 57 54 56 58 69 75 86 94 97 102 113 108 120 126 126 116 121 118 121 129 121 123 122 124 121 127 124 121 120 120 110 104 109 100 100 100 104 106 103 102 87 74 65 53 34 29 31 34 34 35 32 30 31 25 25 31 31 35 39 45 51 67 74 92 120 106 117 146 159 156 91 60 47 56 68 91 96 107 122 116 94 68 55 89 64 45 43 40 43 42 43 40 37 39 38 35 37 42 41 39 
145 135 123 95 70 45 33 27 28 29 30 37 43 56 61 61 90 85 88 87 52 58 66 63 78 72 64 60 91 103 89 81 81 78 68 63 66 63 59 58 49 36 58 89 97 94 89 88 66 40 54 61 57 59 68 72 100 111 106 100 107 119 114 119 121 118 118 118 124 123 126 127 116 128 125 121 121 116 120 109 108 109 110 102 99 100 110 104 101 92 88 77 61 55 52 28 32 37 38 38 29 33 30 27 32 35 29 38 41 45 58 67 78 92 118 107 126 133 164 162 98 76 49 52 66 86 93 103 121 116 102 69 50 77 78 52 43 39 41 43 43 40 42 37 39 40 40 42 41 40 
147 139 120 99 75 47 34 30 30 28 31 34 38 49 60 56 85 87 86 81 59 51 61 66 76 74 64 56 85 97 92 81 83 79 68 63 65 66 60 54 55 38 48 80 98 96 95 86 76 51 51 58 60 63 71 78 107 129 111 102 97 114 114 119 117 116 115 117 127 115 117 121 124 122 119 124 117 119 122 108 108 106 109 103 95 104 103 110 99 95 81 77 62 55 34 33 32 37 39 36 36 41 34 25 31 33 31 34 40 49 60 69 78 98 112 111 117 140 171 140 84 63 59 50 64 82 96 94 115 114 102 78 58 60 86 61 45 38 40 40 37 39 37 40 41 40 38 39 42 39 
159 153 130 108 79 60 42 37 32 29 31 31 38 50 59 57 75 82 83 78 61 55 54 65 72 82 71 57 81 104 88 85 85 84 73 64 62 62 61 59 60 41 43 69 94 99 98 87 85 61 56 58 60 65 75 84 106 137 124 101 105 102 111 109 117 117 116 115 125 122 121 117 113 126 115 119 108 114 118 124 104 115 106 98 114 110 105 101 87 93 83 72 62 56 49 37 34 37 39 42 36 41 41 28 38 33 31 37 39 49 58 71 80 110 120 121 123 134 174 124 76 59 54 55 62 85 90 104 115 116 107 84 54 66 83 69 52 43 43 43 38 40 37 38 39 39 39 41 37 42 
160 151 130 113 84 64 49 38 31 31 34 35 39 53 68 64 75 87 81 77 62 56 52 67 65 83 77 63 72 106 87 86 85 92 77 70 59 65 62 61 60 43 42 54 77 98 100 94 87 70 55 59 69 66 75 84 100 127 137 117 102 105 111 110 119 119 113 119 118 123 115 124 125 117 114 121 116 112 117 115 115 114 105 106 102 100 107 111 96 91 83 73 61 55 53 41 31 37 41 41 47 47 29 37 38 33 38 35 41 51 62 73 80 104 109 109 117 151 166 125 60 55 49 60 60 78 103 98 116 124 112 91 56 53 82 77 54 45 44 45 42 38 38 37 37 39 40 37 43 39 
166 152 130 110 83 63 50 40 37 35 34 37 48 70 67 89 92 85 79 77 64 58 50 64 64 79 78 69 65 101 95 90 90 90 70 74 58 58 70 59 58 51 41 56 75 104 101 102 99 102 68 68 78 66 76 84 85 104 144 115 107 106 117 106 108 110 113 116 112 129 125 114 119 121 118 119 118 111 115 113 111 106 109 105 106 109 109 106 96 83 77 75 62 52 49 39 40 36 42 47 49 44 36 45 46 45 46 40 47 58 70 83 91 115 119 123 128 156 162 121 58 52 52 63 76 79 93 89 108 129 121 89 59 52 68 48 64 53 45 48 42 42 39 38 38 38 37 38 39 42 
153 147 130 110 81 61 52 49 51 54 56 55 66 72 91 95 96 87 74 74 67 57 48 65 65 76 74 72 63 89 101 88 98 95 86 68 66 64 77 60 57 49 38 49 66 93 102 100 104 123 92 76 73 75 77 81 80 90 135 129 111 105 113 115 119 117 116 112 119 121 115 118 116 118 117 114 107 113 116 117 114 107 101 107 115 115 109 105 99 80 76 67 65 59 52 41 44 39 44 53 56 51 43 58 47 49 50 43 49 60 72 99 104 131 124 126 136 159 171 119 59 51 57 57 70 77 104 99 113 136 111 85 56 55 81 71 53 55 48 46 47 41 43 39 39 38 38 40 37 41 
153 149 131 110 80 63 63 65 67 71 75 82 90 90 96 103 93 85 73 79 82 63 48 65 63 74 89 66 71 74 101 90 84 103 85 71 63 71 78 67 56 60 28 51 71 95 110 108 114 122 125 90 68 75 78 87 76 91 114 135 112 109 110 117 119 118 117 116 117 117 120 119 117 114 118 110 114 120 112 115 106 114 111 114 114 115 111 106 94 81 75 72 64 58 52 45 43 42 46 54 55 55 50 70 56 63 53 45 52 62 74 112 125 151 137 132 144 160 171 104 52 48 59 54 69 75 93 92 119 130 116 98 52 50 73 68 55 54 51 47 41 38 42 37 40 39 39 39 39 38 
152 151 130 104 78 67 69 72 71 88 97 108 100 95 99 112 83 73 70 74 74 57 47 58 58 63 82 60 68 69 98 88 90 88 90 72 69 63 78 69 57 59 43 53 76 87 92 104 112 121 127 110 77 84 77 81 81 85 94 136 121 99 107 111 119 115 117 117 123 109 114 111 119 111 113 110 119 118 109 106 110 106 116 110 120 102 107 97 87 79 72 77 65 55 52 45 48 45 50 55 55 62 66 65 50 64 56 43 53 66 74 111 141 152 144 143 154 166 159 90 45 45 57 54 73 85 104 101 106 133 118 101 62 44 66 67 55 55 52 46 45 37 41 37 41 39 39 39 38 36 
152 154 137 105 82 69 67 73 88 95 102 109 97 87 102 110 78 72 76 63 86 63 51 50 54 57 78 76 77 75 88 100 87 87 93 74 67 67 76 71 64 67 49 55 75 93 105 107 111 118 125 126 87 81 76 80 92 79 101 107 126 105 105 106 119 112 118 123 114 121 115 111 107 108 115 112 108 117 117 119 111 114 113 116 108 115 119 98 86 78 77 77 71 61 56 54 43 48 48 65 62 66 81 66 60 67 54 39 53 69 82 117 143 149 140 142 153 169 157 85 48 47 53 58 75 69 97 110 107 130 120 99 74 50 68 69 55 55 52 49 43 38 42 38 42 40 44 40 41 42 
163 155 146 116 88 65 61 62 76 86 100 99 94 109 103 85 72 80 65 62 91 67 55 47 53 53 76 79 69 75 82 105 89 91 92 80 71 66 74 73 76 74 57 53 67 90 91 108 110 116 115 130 107 88 79 78 95 112 89 104 143 121 107 110 115 108 120 118 117 116 115 107 109 113 109 124 111 115 114 115 111 114 109 117 120 120 100 102 86 74 83 77 75 70 61 52 50 45 47 60 69 75 85 70 72 68 52 44 55 70 94 133 146 142 147 136 148 171 155 76 46 46 51 56 71 73 95 98 108 132 125 102 78 58 67 67 56 54 51 46 46 38 42 40 42 41 42 41 38 40 
175 162 152 126 96 68 55 52 59 79 91 94 103 106 88 67 58 62 68 73 81 68 59 48 51 55 55 73 72 69 76 94 98 88 95 87 74 67 71 83 76 85 65 48 67 91 92 94 98 103 119 116 117 103 92 83 88 99 116 100 123 145 114 110 111 116 109 122 110 117 111 114 114 113 109 115 111 108 114 115 107 120 119 130 127 123 110 97 85 81 83 81 74 66 63 58 54 52 52 57 70 78 92 74 75 72 56 47 58 73 112 137 151 137 143 136 147 165 144 70 44 45 49 56 68 76 98 109 114 128 124 113 83 56 66 66 57 54 51 46 43 43 41 40 41 40 40 46 44 40 
175 168 156 133 105 79 47 36 53 76 83 97 113 93 65 53 52 58 69 65 75 76 60 49 52 55 58 88 79 60 70 86 100 88 96 93 76 73 73 83 85 75 71 57 69 85 97 99 104 109 120 113 115 113 95 95 96 97 100 101 99 152 122 111 113 115 119 112 109 110 111 111 109 109 110 117 109 110 111 110 116 111 125 130 127 122 110 90 85 87 82 83 75 63 66 65 57 53 54 54 70 81 86 73 77 70 59 48 61 80 121 140 147 142 135 139 142 159 126 62 43 45 50 57 68 76 95 111 109 123 125 107 89 66 66 64 57 55 52 47 45 38 42 42 43 42 43 39 40 39 
177 172 161 138 113 88 50 45 62 77 88 106 98 74 54 45 48 53 68 58 66 74 63 48 53 45 53 79 85 65 71 81 98 91 96 102 84 78 69 84 84 69 82 48 62 79 91 98 99 105 112 117 123 113 109 100 96 96 97 97 94 126 121 108 115 115 116 112 116 114 113 106 104 110 111 105 116 107 111 112 113 122 130 135 131 127 115 92 85 87 89 87 88 67 69 71 63 56 56 56 70 76 84 70 77 72 57 48 63 86 123 147 158 147 138 141 137 154 109 55 43 45 51 57 68 77 93 106 104 130 136 113 97 69 67 59 58 58 53 51 48 42 47 38 38 38 41 42 42 46 
