191 180 177 182 182 182 179 173 177 184 185 190 188 193 196 207 205 211 210 209 222 218 217 215 211 216 220 217 222 217 216 208 198 206 212 207 203 195 203 202 197 186 198 189 194 189 187 191 188 179 193 185 176 188 204 202 193 182 185 184 169 163 178 161 162 161 150 154 149 151 148 146 136 133 140 132 131 128 132 119 116 115 125 116 113 96 103 97 91 97 89 86 88 91 76 82 86 90 93 94 188 184 186 184 185 180 178 171 185 186 186 192 197 201 202 208 207 213 216 212 218 216 218 207 222 214 212 214 214 210 
213 210 217 210 207 210 209 198 202 206 203 184 200 195 202 197 192 180 183 177 186 186 180 193 199 195 207 184 176 173 170 172 183 168 151 151 146 144 146 144 146 139 134 138 133 124 127 123 122 126 126 138 122 125 117 121 101 101 101 89 97 95 89 81 80 76 85 88 91 91 186 189 187 185 183 181 175 171 182 182 185 190 199 199 202 207 203 211 210 208 215 215 219 217 207 209 214 219 215 219 215 204 194 207 211 212 205 204 205 201 196 184 208 198 194 186 192 182 187 180 181 178 182 197 207 206 191 179 185 183 
178 171 166 155 151 154 151 150 149 144 140 131 116 123 127 126 135 128 125 128 122 121 128 130 119 125 118 96 100 98 102 87 88 85 84 81 84 86 87 86 187 190 180 185 180 182 171 175 177 181 191 192 198 192 198 206 209 216 210 212 220 210 207 219 215 214 213 215 211 213 206 209 208 205 198 209 208 204 197 194 194 185 205 196 202 193 197 185 188 191 179 185 176 196 193 197 194 175 174 169 174 173 166 160 148 149 141 142 135 133 131 129 129 122 112 118 105 119 120 121 127 120 123 108 122 117 112 94 102 105 
100 90 88 92 84 82 86 88 89 88 187 187 184 186 183 174 170 179 185 182 184 188 202 200 197 192 204 210 209 216 215 203 199 206 192 206 201 190 194 210 207 215 208 202 193 207 208 203 192 186 179 179 192 188 206 195 188 176 184 181 179 171 184 191 205 205 174 163 168 163 166 160 149 144 143 140 137 136 132 118 117 114 116 102 114 98 110 92 96 74 102 99 99 95 91 102 109 118 101 84 91 98 89 88 86 79 81 85 88 89 186 183 193 187 187 164 171 181 179 188 196 196 198 197 200 204 189 193 198 204 
195 197 202 197 196 210 211 196 198 206 197 203 187 194 195 202 204 203 197 186 185 189 192 191 209 198 187 180 198 188 183 163 180 179 201 198 182 176 177 165 159 153 154 153 128 123 128 125 136 118 123 117 112 114 94 98 90 94 73 74 79 73 90 97 71 81 90 97 99 87 96 87 95 87 90 83 76 81 86 88 184 181 189 186 180 165 171 179 188 190 185 188 197 206 200 194 197 210 206 208 206 207 206 208 187 178 189 190 190 187 185 199 199 185 179 190 198 188 186 185 189 183 178 186 202 199 188 177 178 186 
171 179 161 180 187 194 179 170 164 158 157 151 147 130 130 120 107 99 102 95 95 86 90 87 66 69 55 52 35 45 55 35 31 22 33 46 54 67 75 88 95 71 90 87 87 85 78 83 87 89 183 180 175 184 168 172 170 176 171 186 187 181 170 175 177 184 168 197 185 189 206 193 173 194 166 170 192 177 174 192 195 179 175 175 176 175 177 167 170 166 169 171 180 196 195 193 193 189 176 183 182 171 160 162 191 199 172 170 167 160 148 130 120 94 94 95 76 85 77 87 68 54 60 44 45 45 31 12 12 15 
17 4 23 26 17 23 20 15 18 36 60 61 69 78 83 82 73 78 83 86 180 178 189 189 178 174 170 186 185 191 190 171 185 165 143 155 134 141 140 143 141 129 149 148 112 142 173 156 145 128 136 142 145 141 147 147 163 158 151 165 164 164 163 183 194 205 200 188 191 180 165 170 150 162 188 172 166 158 156 137 130 133 108 88 84 89 67 67 66 52 45 18 27 25 25 29 12 6 7 12 10 8 20 4 17 20 27 26 20 20 15 27 72 73 89 79 78 87 87 84 183 186 181 180 174 165 184 187 185 195 
143 144 120 126 97 125 95 55 58 44 54 55 75 71 81 74 68 58 65 79 82 97 94 110 102 124 145 151 163 152 153 154 160 178 193 193 194 191 186 180 161 164 150 150 170 170 157 140 136 131 124 112 87 73 72 57 73 45 27 47 40 43 43 19 20 15 25 57 15 10 14 11 12 20 12 20 11 16 33 18 10 17 28 37 69 76 83 70 69 85 193 179 181 176 172 175 171 178 190 183 154 152 115 80 108 67 78 93 84 55 66 73 87 62 60 73 57 54 45 30 33 35 45 37 100 96 110 129 138 136 
145 156 160 162 183 190 198 194 194 184 149 150 162 163 162 156 146 121 107 110 109 98 86 80 60 75 36 45 54 14 26 55 17 16 35 66 22 36 52 11 11 21 32 21 12 20 23 17 19 20 17 20 11 10 32 70 88 74 73 84 180 188 175 175 165 169 174 166 134 122 56 49 62 60 40 61 74 87 74 38 47 53 53 67 34 16 16 15 35 28 13 21 36 43 77 77 124 115 110 121 132 152 161 168 190 198 196 186 170 183 163 149 146 143 148 151 130 111 94 96 99 93 87 79 70 68 62 45 36 48 
54 45 42 34 19 37 35 38 36 29 55 45 35 41 31 40 34 31 16 13 9 15 19 15 10 38 67 71 71 77 182 184 177 160 181 169 141 84 95 62 79 89 88 71 97 112 79 71 49 68 60 46 51 44 59 42 40 50 55 28 20 36 52 68 46 69 104 99 100 115 127 144 155 179 196 197 192 194 184 183 166 153 150 148 146 131 114 98 82 81 85 89 93 89 89 87 82 76 73 70 67 69 68 52 60 60 55 56 65 94 85 65 59 53 59 46 50 44 44 23 24 20 18 17 17 22 68 82 74 75 
185 182 172 172 164 169 109 95 81 85 43 77 84 84 80 90 93 82 101 73 97 79 49 49 59 67 37 61 55 42 62 61 54 61 79 95 94 100 99 107 131 151 161 180 189 198 201 207 196 182 171 161 149 139 134 113 105 87 76 75 79 89 101 112 116 116 113 115 110 104 103 95 114 105 87 93 119 121 134 143 115 124 108 110 87 90 80 82 64 56 57 37 31 19 20 25 47 81 78 73 183 173 168 162 176 122 78 61 65 56 62 62 130 123 116 99 94 128 98 140 127 119 144 102 94 90 85 83 70 84 
80 83 87 93 100 100 116 119 128 141 141 166 179 186 192 205 210 203 208 192 182 168 154 142 134 109 96 86 88 87 87 95 104 117 134 132 120 122 121 121 132 123 117 124 133 132 141 144 136 138 119 115 103 100 100 81 76 77 73 72 64 46 54 38 25 24 30 71 76 75 180 178 179 167 158 124 46 42 57 48 66 91 121 121 142 141 144 165 145 93 151 145 146 132 133 101 102 96 91 95 85 93 97 94 106 119 119 137 141 158 167 176 184 186 195 202 212 204 203 194 184 162 150 143 133 104 87 83 92 85 
85 103 114 130 128 136 125 114 118 116 112 120 121 111 128 128 113 133 132 122 88 102 96 81 90 83 90 88 79 71 69 61 57 50 48 40 30 51 59 80 178 167 176 161 128 113 81 97 98 113 107 144 172 164 141 150 139 174 183 179 170 158 154 133 130 116 94 98 89 89 80 90 111 108 123 125 132 141 158 170 184 189 187 198 199 213 205 213 214 206 187 173 158 139 121 105 92 84 89 78 90 95 111 119 115 120 98 78 66 81 125 94 56 44 15 3 12 9 3 7 9 21 38 23 51 53 64 83 84 81 
75 75 57 58 60 55 36 49 64 71 178 178 162 150 123 91 72 101 109 112 139 151 144 186 178 188 176 158 168 139 139 138 110 101 75 59 49 51 57 60 57 38 37 81 116 119 136 139 138 161 188 198 199 193 203 209 207 218 210 209 189 174 153 142 120 98 92 92 92 78 79 84 99 97 85 64 54 113 142 78 68 60 110 30 99 137 3 2 19 19 37 23 7 21 37 61 69 50 40 69 77 71 79 73 58 56 54 55 57 60 170 162 175 176 103 81 117 129 135 157 160 176 171 168 171 154 120 112 110 104 
103 60 31 14 12 6 16 12 16 34 55 62 60 45 74 102 111 127 134 149 167 191 199 193 207 207 201 213 210 209 188 176 151 142 120 99 96 86 77 73 68 62 66 70 58 81 120 76 71 63 131 185 181 40 192 189 7 11 2 19 111 32 24 83 37 22 36 52 49 45 33 69 65 65 72 76 59 69 78 81 185 168 153 164 111 142 161 164 170 170 176 173 162 142 82 114 132 107 79 44 11 21 100 112 0 10 21 24 39 29 66 60 76 90 91 83 98 107 118 137 167 186 192 196 201 211 208 221 214 204 
185 176 154 139 122 107 87 79 75 76 66 53 52 86 106 96 55 43 41 121 177 213 233 40 133 132 11 4 10 30 87 19 51 104 88 79 40 28 34 57 38 25 64 77 76 74 85 85 84 81 184 162 176 143 151 161 176 182 175 167 161 147 99 117 135 111 61 30 53 126 28 134 161 156 25 12 18 61 87 33 113 110 79 85 106 114 69 89 113 148 160 170 187 202 203 209 206 210 209 193 179 165 150 130 121 102 96 83 70 65 72 72 53 85 101 35 70 42 117 209 180 207 207 132 37 24 26 18 22 27 
26 16 77 92 106 82 34 39 38 24 39 49 25 57 69 83 82 84 86 86 182 150 173 173 165 185 173 168 170 165 119 55 130 122 73 39 91 186 191 186 57 25 135 26 4 10 27 40 32 60 134 113 110 87 107 114 146 64 80 157 172 168 187 193 203 205 217 220 213 198 188 167 156 138 131 103 86 82 79 69 62 58 49 91 37 41 67 60 63 69 95 117 159 181 97 41 28 28 30 25 20 58 121 97 81 57 56 57 39 34 18 28 55 54 63 68 78 88 96 96 183 161 171 181 177 180 168 165 155 124 
58 129 78 35 32 92 187 210 206 214 122 36 31 36 29 30 35 35 24 103 138 127 98 99 166 206 129 148 66 135 154 160 184 188 203 202 211 214 209 192 179 161 148 133 125 98 86 75 70 71 67 66 69 84 57 79 90 97 98 131 147 141 123 102 107 90 78 69 60 68 73 66 71 73 72 78 88 69 65 58 30 53 44 48 76 75 87 86 85 85 183 173 177 193 180 166 165 149 124 88 99 66 38 90 103 101 121 166 179 192 192 94 72 63 26 35 37 56 72 85 98 84 85 76 69 55 80 170 163 104 
149 167 184 189 198 204 206 216 215 192 173 164 147 133 125 105 91 83 71 69 64 74 85 58 97 128 126 125 145 152 156 159 154 157 142 132 123 106 103 96 101 100 78 102 104 102 79 80 74 65 57 59 73 72 47 56 67 72 76 78 184 186 175 175 175 152 136 138 152 118 97 89 114 122 154 153 149 150 145 129 133 120 124 120 114 125 122 122 115 106 97 108 118 123 130 134 115 122 176 123 162 160 181 186 193 198 203 206 195 176 158 146 138 112 124 109 83 80 79 69 57 66 80 81 95 96 118 131 136 128 
150 144 102 139 133 112 104 100 103 95 88 89 125 115 129 117 94 84 73 70 74 75 66 73 67 67 84 84 84 86 181 177 177 183 174 160 158 155 144 106 142 119 126 128 151 166 169 157 178 156 163 178 160 139 143 142 130 126 119 103 109 103 133 124 143 151 152 140 160 132 154 157 179 189 194 200 205 208 213 190 169 155 143 90 112 100 87 84 82 72 59 63 74 76 91 99 108 112 123 121 129 122 135 138 133 129 121 120 121 103 123 107 134 129 123 108 96 83 77 72 73 73 68 78 73 71 84 86 88 90 
169 182 175 172 170 142 125 132 142 148 164 145 154 159 160 179 169 178 169 153 157 138 130 124 107 109 113 105 107 112 109 132 113 122 122 136 150 171 162 149 154 161 180 194 195 203 206 210 202 200 166 147 126 121 120 91 92 84 80 74 64 64 70 70 91 99 97 103 112 105 107 119 141 135 125 122 125 121 119 123 115 118 125 119 120 100 81 81 82 79 78 75 71 79 75 73 84 88 93 96 188 183 173 165 152 143 150 157 163 162 169 161 163 183 177 181 188 212 198 213 204 161 185 183 181 147 131 134 119 137 
108 97 93 118 114 143 160 181 170 166 167 173 185 198 194 202 205 207 195 186 175 142 125 120 112 98 96 84 77 76 73 73 74 73 80 92 95 105 102 92 94 118 117 120 121 122 127 118 109 120 115 119 125 122 109 100 93 78 75 79 83 81 78 83 86 88 91 96 99 99 186 185 184 184 176 169 173 173 174 177 168 176 188 169 191 185 194 207 192 199 216 200 196 191 186 186 142 142 124 116 110 110 115 135 151 155 169 172 176 172 180 184 189 200 194 199 199 197 198 180 171 148 128 112 97 97 95 86 81 82 
81 80 82 85 77 91 102 111 103 105 103 110 106 99 108 112 105 105 103 96 97 100 99 97 85 86 90 80 83 88 89 86 86 87 93 95 90 95 99 97 186 192 182 178 180 172 169 177 179 184 189 182 194 183 170 185 195 186 200 202 188 195 205 188 175 158 130 123 113 116 140 142 153 150 166 157 161 178 178 180 186 189 193 199 194 194 194 187 190 190 162 153 129 118 102 88 89 88 88 88 84 80 86 95 95 91 98 110 109 120 118 117 120 115 111 108 103 106 109 104 97 103 95 94 97 94 95 102 103 102 
94 90 94 88 90 89 98 103 108 107 185 179 183 189 181 183 194 186 183 185 189 192 183 186 183 170 181 175 169 173 176 172 160 145 128 134 149 154 173 174 163 173 171 152 160 182 179 189 179 193 190 193 195 197 193 189 195 186 190 188 176 158 142 100 101 93 85 89 91 91 88 84 89 99 108 95 95 102 105 114 115 122 114 120 113 115 117 109 110 111 123 114 121 122 112 112 118 110 109 107 99 98 104 92 93 91 95 101 104 101 182 189 191 197 198 193 192 190 188 186 191 183 199 185 190 189 177 189 188 171 
174 175 162 175 184 193 193 194 185 177 169 177 166 167 174 188 189 187 193 192 195 196 198 196 192 186 197 190 190 184 174 162 143 115 97 94 87 90 92 93 94 92 93 100 108 112 114 103 100 108 109 116 120 112 109 125 121 116 129 121 122 126 130 119 122 126 125 122 114 115 111 111 113 93 92 91 95 102 107 107 188 186 202 196 192 193 194 189 196 187 186 189 195 189 197 196 190 193 183 193 193 192 201 201 200 203 204 191 186 173 185 170 176 184 196 198 195 198 200 193 203 198 189 195 196 194 185 190 188 176 
173 161 144 116 87 93 86 88 92 94 94 94 97 100 110 114 117 107 101 105 107 119 105 113 116 103 106 121 125 120 125 132 128 130 105 134 117 134 124 126 123 122 110 94 95 96 98 107 102 109 184 182 196 200 194 197 195 194 198 192 190 191 196 190 193 185 196 198 195 193 207 204 214 200 206 205 194 192 189 166 194 188 197 191 197 208 204 193 193 202 203 198 192 196 197 194 187 188 181 176 172 160 145 118 91 87 86 87 90 93 94 94 98 102 112 116 124 119 115 117 112 111 115 101 99 112 115 115 112 125 
122 126 128 122 135 125 139 127 137 124 131 122 118 118 100 107 94 101 97 105 189 187 193 203 194 196 191 193 195 199 202 200 197 194 205 205 196 202 198 216 208 206 209 216 219 205 206 198 197 205 197 199 199 210 209 199 197 202 201 195 201 196 195 195 196 193 191 185 182 184 175 164 149 125 101 85 89 88 91 95 96 95 99 104 110 114 126 127 126 130 121 108 113 106 103 103 113 125 125 123 127 137 122 133 129 129 141 136 127 138 123 122 116 105 111 94 105 107 103 108 189 187 192 200 197 201 201 202 207 204 
201 203 204 202 206 203 197 207 209 205 211 214 217 205 199 208 204 210 195 205 199 203 207 215 211 203 204 206 203 202 199 193 196 192 194 192 193 183 184 188 175 167 152 128 108 85 90 89 90 94 95 95 99 104 109 112 122 124 125 133 128 110 113 104 106 105 120 126 131 131 123 123 132 132 136 134 133 134 138 139 130 133 124 105 105 101 112 108 102 103 188 189 194 196 202 204 207 202 191 190 194 208 209 205 209 210 211 206 208 213 217 207 208 208 208 200 195 208 208 212 203 210 209 209 206 207 209 203 200 205 
199 194 196 190 191 191 193 182 181 184 171 167 153 126 109 84 85 85 87 90 92 94 97 101 112 115 121 121 119 129 131 115 112 108 107 111 112 121 123 132 138 126 144 133 149 141 134 130 131 137 125 122 118 110 111 96 108 101 98 95 186 190 193 193 204 202 205 196 199 204 209 219 207 198 206 218 208 220 217 214 201 212 207 205 202 195 214 201 204 205 198 213 205 212 210 202 203 207 204 198 200 196 194 189 189 190 189 181 178 180 171 169 153 127 111 86 81 83 86 88 91 95 98 100 108 116 119 119 118 127 
133 124 115 128 115 108 89 121 121 129 144 146 143 151 145 149 140 140 138 140 138 121 115 120 115 109 103 98 101 96 184 188 186 193 204 206 209 205 212 208 203 215 212 213 218 221 220 210 212 206 216 209 209 203 207 217 210 207 216 213 217 206 218 213 210 209 207 206 205 203 195 196 191 189 188 189 184 181 180 181 174 166 148 127 112 90 80 85 87 87 90 96 99 97 100 113 115 116 118 123 133 129 130 134 123 121 101 118 119 136 124 137 146 154 155 148 149 145 146 145 127 136 125 100 112 113 98 95 102 95 
196 197 186 198 204 208 210 212 209 208 202 211 207 209 210 210 210 214 213 211 208 215 211 210 207 210 203 209 206 217 209 220 220 210 207 205 201 201 203 200 189 193 186 188 188 190 181 182 182 181 173 158 137 122 109 89 80 86 88 86 88 94 96 92 97 112 112 113 114 117 127 126 131 130 136 134 127 121 122 134 137 140 151 149 156 150 150 144 146 139 140 122 116 119 103 100 98 95 103 93 192 190 196 193 203 195 207 208 203 206 214 210 211 216 214 215 210 213 212 211 212 214 212 207 206 205 190 204 203 209 
214 216 207 208 201 203 206 200 197 199 193 190 186 183 190 190 183 185 185 182 169 161 138 124 105 85 87 87 86 88 91 92 93 98 94 94 110 113 106 123 121 124 125 130 133 134 119 123 124 124 136 142 143 150 148 151 154 165 141 138 133 127 121 115 111 110 99 97 94 92 190 189 192 195 198 202 207 211 213 209 215 209 207 209 204 209 203 206 204 198 196 201 207 208 204 198 199 209 210 206 207 216 206 202 203 208 203 198 198 196 197 191 187 184 186 187 182 183 180 177 163 156 137 123 103 85 85 87 87 89 
91 91 91 93 87 94 105 107 110 121 121 112 125 136 130 127 125 124 117 125 123 139 149 146 142 148 148 151 150 139 141 135 114 110 112 99 96 96 97 99 188 189 190 195 193 209 206 215 213 210 196 205 209 203 209 202 195 200 203 201 200 201 203 203 205 207 178 208 201 211 203 204 208 201 208 212 201 198 200 195 195 186 185 182 180 181 178 179 181 177 162 156 143 126 105 90 82 83 85 85 88 89 90 90 93 97 97 110 112 115 119 122 132 131 129 131 125 125 123 123 124 132 140 131 138 150 150 150 149 143 
139 132 123 116 109 101 99 96 95 97 189 188 191 193 191 211 206 215 208 202 206 210 213 209 195 190 203 199 197 198 199 198 198 199 203 205 205 199 198 211 202 209 213 209 214 211 201 200 199 195 194 186 188 188 184 184 182 181 176 174 159 152 146 127 107 93 89 87 85 82 80 82 83 81 84 93 97 116 110 109 103 112 134 126 128 133 127 127 127 121 130 126 135 132 144 145 139 140 151 146 139 133 125 109 98 98 96 91 88 89 189 186 193 190 192 207 204 212 208 217 204 206 198 189 208 206 205 199 196 198 
198 194 193 197 190 209 209 206 209 202 209 206 215 216 217 207 202 202 193 192 189 183 190 192 188 185 181 179 175 173 161 153 148 130 112 98 87 83 82 80 77 79 81 78 71 67 71 73 93 116 109 105 125 128 125 126 134 128 121 124 126 121 129 129 136 132 132 141 141 127 134 142 126 114 118 117 105 100 96 96 188 186 194 189 195 200 203 208 202 206 214 206 198 199 198 206 194 193 195 198 196 192 194 199 191 196 205 205 206 210 196 211 215 216 216 204 202 199 186 189 185 181 188 191 189 184 176 174 179 179 
169 158 150 132 117 101 87 81 82 83 79 78 79 75 64 57 80 72 96 105 110 111 124 124 127 127 131 127 125 124 127 124 120 118 124 125 132 137 144 125 123 134 131 120 115 114 99 97 95 93 187 188 194 193 198 198 204 209 213 212 207 206 200 194 197 198 192 194 191 185 183 188 194 197 192 201 209 198 206 193 204 219 214 204 207 200 192 187 179 188 189 186 190 193 195 189 179 180 176 177 172 159 149 132 122 103 102 91 89 88 78 72 70 65 63 35 39 49 83 99 114 116 127 122 132 130 125 123 131 123 
129 131 119 123 125 122 124 121 131 117 106 115 128 121 109 108 97 98 96 91 186 190 193 199 200 199 207 212 212 205 212 210 205 201 195 205 198 203 201 191 190 194 191 182 194 202 198 192 192 204 194 210 213 190 196 194 178 173 174 188 189 188 189 191 196 190 180 183 171 174 175 163 153 140 135 116 107 92 89 88 78 71 72 69 70 62 57 67 66 83 105 115 123 130 132 123 127 121 123 125 122 128 113 123 119 117 129 135 136 119 118 122 116 112 111 101 101 101 95 84 189 190 191 198 192 202 206 205 204 206 
209 205 198 185 200 212 205 193 202 180 182 189 182 203 201 195 198 197 206 189 210 195 189 186 186 181 171 170 178 182 181 189 189 197 188 186 184 174 171 176 174 165 144 142 134 123 103 97 95 86 78 74 69 81 71 71 68 59 60 65 92 106 122 122 122 125 130 119 126 124 100 126 121 117 118 120 114 122 127 128 116 118 121 114 89 108 99 94 93 92 173 192 190 191 171 195 203 207 207 208 200 198 200 206 206 198 192 190 198 190 206 210 192 183 190 199 193 203 195 192 192 178 167 180 180 171 172 179 182 182 
185 197 192 195 197 184 176 178 172 167 172 167 157 137 131 124 120 104 97 88 88 82 76 82 85 80 84 64 51 49 68 97 112 120 128 131 133 124 129 124 124 121 126 114 118 118 124 116 126 104 92 112 98 114 102 96 101 96 93 92 180 191 190 202 189 198 201 207 191 203 202 204 192 193 197 203 195 197 196 183 188 189 190 192 193 205 198 197 194 190 180 162 156 175 174 166 177 186 185 185 198 193 201 214 202 190 189 181 173 171 175 168 160 144 136 126 132 111 102 90 90 80 83 92 93 85 85 72 59 44 
47 65 94 112 129 134 132 126 128 119 131 119 122 118 113 123 122 117 121 125 108 107 122 112 96 101 96 91 90 91 174 186 188 187 194 197 198 180 197 198 193 202 205 208 205 201 202 195 197 197 205 197 191 197 198 204 190 182 181 178 164 153 168 177 176 176 186 189 187 190 195 201 202 216 213 201 182 181 169 172 168 166 153 149 140 137 143 118 107 94 94 82 95 106 98 97 82 86 80 55 51 48 67 91 119 130 133 138 141 132 127 125 126 124 114 120 107 115 103 115 113 112 114 99 97 97 99 93 90 91 
177 190 191 186 196 194 202 186 180 194 200 196 198 199 207 201 208 189 190 188 198 194 184 197 194 199 178 179 162 169 149 160 182 180 184 191 194 194 194 193 197 206 206 223 217 213 183 175 185 180 171 170 155 143 133 139 135 110 98 90 95 89 104 109 103 106 91 90 84 65 57 54 59 79 107 123 126 136 136 127 128 121 134 122 121 115 112 117 106 112 105 123 94 103 101 97 98 89 86 90 175 184 180 189 194 188 197 196 195 195 197 197 205 199 203 196 201 198 208 197 198 194 186 197 190 189 183 175 162 158 
152 176 184 186 195 200 199 202 203 194 200 199 207 223 213 219 194 174 172 173 173 161 159 146 141 136 101 88 86 87 93 94 112 115 113 109 104 90 84 79 55 61 45 57 88 116 126 141 143 139 139 122 130 128 117 119 120 113 106 120 105 111 96 99 86 95 92 83 81 87 167 188 186 185 193 191 202 193 200 191 189 201 203 190 190 195 199 201 202 191 198 200 197 198 194 178 183 160 161 148 159 185 189 198 203 202 204 205 202 197 187 194 194 199 210 209 183 178 168 177 174 151 146 135 119 99 80 79 83 91 
95 102 122 121 121 112 109 93 89 89 57 66 56 58 88 122 132 144 142 142 149 136 130 136 118 122 113 101 108 109 114 112 102 98 96 97 96 88 86 89 171 183 188 183 195 173 197 199 195 198 197 207 200 195 198 207 201 206 198 189 195 190 195 191 205 181 175 155 153 154 164 193 198 208 207 203 207 203 196 200 192 181 191 190 198 196 186 175 161 170 161 153 144 136 111 95 81 80 79 89 94 107 120 111 115 110 99 88 82 79 57 68 58 55 86 124 133 142 138 141 139 138 134 131 138 125 115 103 111 106 
107 110 97 103 93 96 94 88 88 91 170 186 183 188 194 192 197 194 204 197 200 202 199 202 188 194 201 190 199 186 196 188 197 184 177 172 151 155 151 169 183 194 199 206 198 209 200 194 200 185 179 174 176 178 184 181 172 170 171 167 170 148 132 117 86 84 69 74 69 90 97 101 109 110 100 94 94 82 88 79 54 70 79 81 94 121 141 153 160 147 151 133 130 134 130 121 120 103 106 106 108 103 103 89 100 95 97 89 85 88 174 184 184 187 191 189 192 193 193 195 199 199 197 198 194 202 184 193 195 197 
187 201 204 184 173 165 140 146 147 176 185 195 198 191 189 185 181 179 174 162 158 162 163 169 170 177 174 166 162 150 152 139 111 95 83 70 70 63 48 36 47 68 80 78 92 90 99 86 75 71 67 87 90 94 97 131 140 156 152 157 148 148 128 125 121 120 110 105 105 103 88 107 95 106 95 95 97 91 89 91 172 177 184 187 189 189 188 194 195 199 195 194 201 198 200 201 197 195 197 201 187 183 187 172 174 155 144 149 167 188 204 178 187 180 172 151 132 97 73 59 40 99 170 170 166 172 156 153 150 139 
137 133 104 84 83 69 41 20 27 33 52 66 95 133 124 103 102 84 70 82 84 95 100 107 100 125 146 151 159 152 152 142 140 124 125 111 119 105 110 100 95 102 99 104 94 92 91 88 90 94 170 169 183 187 189 189 183 194 197 200 192 194 204 194 200 199 202 182 182 190 203 195 184 173 152 133 145 153 182 211 204 186 171 150 84 63 79 62 68 82 67 46 59 167 166 162 160 154 139 147 135 109 90 85 76 56 40 34 53 68 83 87 92 108 103 98 77 87 88 95 114 103 107 112 110 112 136 160 167 147 
151 142 137 142 124 118 118 114 111 101 116 96 102 89 95 92 88 86 89 94 176 169 184 187 187 187 181 193 189 195 191 196 200 185 199 202 195 205 208 196 190 192 168 172 149 160 139 186 196 210 200 201 174 143 116 132 131 143 168 153 151 150 133 150 175 165 158 126 133 123 112 102 98 91 69 53 65 76 85 90 88 90 85 82 73 83 91 103 104 109 107 112 111 113 123 115 112 164 161 160 147 153 133 137 125 120 109 121 104 102 114 94 94 88 92 88 93 88 89 93 179 169 181 186 185 187 185 197 191 193 
189 196 195 186 197 198 201 206 202 178 183 189 166 160 138 136 137 204 203 205 215 206 191 185 164 156 157 177 190 204 205 215 212 160 151 161 136 121 121 105 109 108 91 80 83 92 90 90 86 89 73 68 72 86 96 102 110 116 116 118 101 119 111 119 122 121 107 127 153 168 153 154 140 126 121 114 113 113 103 99 102 88 92 91 91 81 94 89 89 92 176 167 178 186 186 188 188 196 195 194 189 194 188 189 197 191 198 197 190 175 175 168 163 151 147 122 190 208 207 217 209 203 207 201 175 157 158 161 163 174 
198 209 202 164 175 146 148 157 142 132 109 94 98 114 118 101 105 97 98 93 91 96 92 98 107 116 92 120 123 113 121 124 114 119 114 119 116 96 128 156 156 152 137 133 115 116 113 106 102 95 97 88 96 87 94 83 91 87 89 93 174 167 177 188 188 187 186 189 189 193 193 193 177 187 197 191 183 189 171 188 171 177 168 142 124 157 208 204 209 205 207 207 204 210 190 186 185 159 169 179 200 207 207 178 150 152 148 138 141 155 133 134 148 139 131 121 118 103 114 97 96 99 98 116 110 101 114 127 117 117 
98 119 123 109 110 117 115 108 89 143 150 146 139 125 137 110 106 104 93 94 91 96 91 85 93 93 90 88 91 94 169 170 171 182 189 185 182 172 188 188 187 197 192 191 198 175 191 187 189 180 180 172 161 123 148 198 210 207 206 207 206 204 207 206 205 199 191 196 190 195 201 197 195 177 163 144 153 140 141 167 172 175 171 150 149 121 118 119 122 107 105 109 100 106 102 112 102 121 128 121 121 118 111 113 111 113 116 115 107 95 154 146 141 144 132 125 95 101 98 100 104 89 88 86 92 93 94 89 87 88 
175 170 170 182 186 188 187 185 177 184 181 183 195 197 191 191 194 175 172 185 179 167 153 126 184 211 206 208 207 212 209 207 204 207 206 204 198 202 197 197 199 201 192 177 157 145 147 138 134 158 173 182 174 162 150 125 126 118 123 117 100 119 104 96 101 110 100 113 117 121 121 122 114 116 113 111 110 107 99 86 137 143 135 132 125 124 107 96 95 93 91 88 93 87 87 101 93 91 89 87 169 174 171 182 183 186 182 185 179 193 181 183 193 186 186 190 190 183 193 166 167 158 127 136 205 206 203 198 211 201 
208 201 206 207 196 194 190 197 200 199 191 201 189 181 158 149 136 131 139 155 173 181 168 169 153 135 136 116 124 132 115 119 108 116 101 112 110 119 118 127 118 117 115 116 116 114 114 115 112 108 67 139 134 135 120 121 109 93 96 96 93 89 82 92 95 89 92 92 90 86 135 176 171 181 184 184 178 178 181 173 189 187 184 192 189 195 185 187 180 159 161 139 119 195 205 205 196 206 203 203 207 206 203 205 195 200 196 195 195 191 185 193 182 177 160 149 129 127 123 140 164 179 170 169 155 133 124 117 118 112 
116 113 112 113 103 110 108 110 104 122 113 115 112 108 108 105 102 102 105 113 96 76 136 132 123 116 103 92 92 99 85 91 93 94 87 100 92 90 87 84 100 177 171 177 186 184 182 179 187 181 183 193 185 182 190 175 162 181 174 163 164 128 163 203 202 197 200 195 206 194 212 207 208 203 189 194 189 186 190 193 186 185 174 165 158 144 128 133 125 141 163 177 174 162 157 129 129 122 110 108 118 113 118 102 104 108 111 109 104 123 116 117 115 109 111 108 100 96 99 115 113 68 106 122 115 116 101 92 96 96 
89 102 88 93 95 94 93 86 82 83 94 180 176 175 184 182 185 180 180 175 179 180 188 192 179 178 188 169 165 152 122 124 195 208 192 196 190 201 197 200 202 198 193 193 190 198 192 185 180 181 185 181 176 163 161 143 130 134 136 149 165 175 175 160 158 133 130 113 104 119 109 106 115 96 95 97 105 104 101 111 104 101 104 100 107 103 95 91 90 104 117 95 40 117 136 122 94 95 95 116 100 96 92 98 92 91 94 85 80 83 100 166 176 175 181 181 184 178 175 192 178 179 189 178 177 176 177 167 157 134 
102 176 203 196 188 193 194 200 205 197 200 193 194 193 190 188 180 182 180 186 180 180 182 167 159 144 129 130 125 140 162 176 177 169 153 136 126 115 118 115 100 110 118 99 102 97 102 98 98 102 104 100 99 97 104 96 89 88 81 88 115 109 77 78 120 120 115 100 102 107 96 104 94 94 99 97 94 88 83 82 95 139 168 175 182 185 187 182 163 187 183 180 183 177 183 192 174 155 144 111 161 194 203 190 186 194 187 199 194 193 195 198 187 188 187 179 169 177 174 180 177 181 182 163 148 140 126 126 139 148 
168 176 172 173 148 141 128 103 110 98 102 98 98 99 93 89 97 98 102 97 100 93 88 89 96 85 82 89 80 80 97 111 87 38 118 123 121 102 100 115 99 93 89 94 97 88 93 92 87 81 99 95 177 176 174 183 190 175 176 182 182 179 179 176 175 181 156 138 122 104 193 198 189 184 177 181 192 189 185 190 187 188 179 182 176 171 178 168 178 184 175 171 171 172 159 135 124 123 129 142 149 176 172 155 144 137 126 114 114 99 101 92 98 101 84 96 97 95 87 87 82 83 93 91 93 76 73 76 85 87 
98 106 100 51 92 137 123 112 102 96 109 94 88 92 91 100 90 83 84 79 94 96 178 160 188 186 186 178 179 182 174 175 180 179 182 183 159 127 105 150 195 183 170 172 177 176 179 175 177 180 180 180 185 172 176 168 175 185 177 176 180 168 168 150 130 123 108 121 121 126 118 153 162 160 143 137 122 106 109 94 95 91 88 95 98 99 95 89 84 80 80 86 80 86 77 68 76 82 78 89 94 97 100 75 65 135 134 119 112 102 114 99 97 94 90 93 89 84 85 79 103 97 175 175 175 176 179 189 179 183 
177 178 183 182 183 178 158 116 90 183 195 185 173 154 159 167 175 172 178 171 177 177 170 168 172 183 178 182 181 170 173 172 166 150 128 128 121 130 129 123 132 140 151 144 152 128 121 104 109 98 98 103 93 102 97 91 84 92 93 90 77 76 76 81 68 65 72 83 79 94 88 89 96 89 41 128 139 123 112 103 101 102 89 98 82 88 87 84 84 78 95 97 166 174 167 178 189 174 178 181 184 181 183 185 181 180 151 104 84 184 188 184 176 145 152 167 178 176 183 170 178 174 163 170 167 185 174 174 181 180 
187 179 179 152 127 141 119 132 118 129 129 147 157 151 128 112 107 99 101 95 95 104 98 103 101 95 81 95 90 93 73 72 77 72 71 70 68 79 85 93 86 91 96 86 39 123 138 126 121 103 103 93 94 92 88 90 88 84 81 76 100 94 102 179 167 189 176 186 182 176 183 177 178 189 183 187 151 100 93 189 187 177 163 150 165 172 175 171 180 172 178 167 175 176 175 178 176 191 179 191 174 178 155 148 133 142 147 146 148 148 149 158 122 107 92 84 85 87 82 78 77 80 82 78 80 90 94 104 99 94 
79 76 74 68 71 67 72 77 84 88 87 96 99 89 41 122 139 132 127 115 99 102 85 96 84 92 89 83 78 77 99 96 98 167 166 179 187 188 186 174 180 178 181 191 183 184 151 103 100 190 186 180 146 147 164 163 169 170 176 173 179 173 170 186 184 185 181 180 149 137 121 119 120 121 121 137 134 141 160 159 130 102 97 95 83 80 79 82 75 73 71 63 66 57 59 63 67 60 69 67 71 69 74 70 60 48 69 74 76 85 83 93 98 97 34 120 141 135 127 111 106 92 91 86 87 86 89 82 76 81 
96 95 100 162 169 166 177 186 187 180 180 186 187 187 187 182 146 102 103 180 180 174 135 138 162 151 164 176 177 175 180 182 179 177 147 141 128 124 121 112 115 114 115 121 119 118 118 124 130 137 109 85 65 87 78 74 80 76 77 79 82 66 64 58 61 60 55 49 54 53 47 39 55 52 36 26 45 61 64 75 79 92 95 97 35 120 141 135 124 113 102 95 87 91 88 88 85 78 75 86 96 101 92 100 169 167 181 185 188 187 178 189 187 181 197 192 153 105 112 180 180 160 133 145 179 150 159 178 179 179 
178 182 149 122 112 117 113 121 118 122 137 119 125 116 113 119 119 143 122 117 95 70 79 76 69 75 74 61 73 79 89 71 64 65 64 64 45 48 35 42 26 26 19 16 12 14 20 45 54 59 82 98 97 92 49 125 142 137 124 110 102 86 87 84 89 84 80 75 74 89 98 98 94 101 176 166 175 179 180 188 182 184 178 186 196 195 161 117 100 185 172 165 128 123 126 127 129 154 168 142 119 115 107 102 117 114 125 128 135 128 116 113 121 107 107 114 113 118 116 119 95 84 59 61 64 68 52 36 26 41 
36 27 21 24 45 39 48 36 27 19 16 14 21 28 35 35 51 76 82 87 92 90 98 94 54 146 154 133 123 101 95 88 79 81 82 85 78 87 81 84 96 100 100 93 95 172 167 168 183 186 181 183 182 187 195 192 160 122 123 183 186 153 119 91 83 48 26 64 84 94 99 95 100 112 119 120 118 114 121 106 113 104 75 89 93 109 112 112 123 110 95 67 56 51 28 18 38 33 30 43 42 44 45 49 52 49 45 32 36 28 23 36 44 63 69 62 65 73 71 85 91 93 103 82 72 145 144 138 121 98 
89 83 76 79 79 81 76 77 89 102 97 96 99 99 92 161 168 176 178 181 181 181 182 180 190 192 174 128 113 173 173 143 119 112 72 54 121 153 129 121 86 70 82 94 84 96 93 89 101 89 89 80 63 70 75 62 84 97 115 116 109 70 52 54 57 74 71 71 70 70 62 63 61 61 52 51 47 38 42 36 38 57 71 78 85 84 74 82 82 87 92 91 97 60 99 148 136 132 113 90 78 75 73 78 78 78 76 82 63 99 98 99 94 98 100 98 160 170 173 178 187 185 184 176 188 200 185 149 131 160 
170 149 138 127 121 125 153 156 172 154 124 107 91 114 125 149 139 116 122 121 130 143 134 132 118 122 118 122 114 123 112 109 106 111 105 106 100 97 93 83 73 74 71 69 62 53 53 53 52 56 67 73 69 85 82 86 93 94 80 90 91 90 89 47 121 145 135 118 103 83 70 70 73 76 76 75 75 75 101 97 95 99 92 103 97 96 169 169 167 174 186 184 183 172 181 198 180 152 130 173 161 143 123 144 138 143 166 170 180 165 148 120 106 111 118 130 134 125 132 139 150 161 149 144 132 133 130 136 122 128 
127 128 124 122 114 118 104 92 88 79 76 78 75 75 62 55 50 53 56 67 76 74 80 83 88 93 84 86 88 90 87 91 85 55 132 139 139 110 92 78 67 70 74 74 73 71 92 81 97 103 101 96 97 99 95 100 129 164 167 169 177 179 181 174 173 188 198 163 144 139 173 168 157 149 152 157 165 170 180 183 162 163 139 127 120 117 137 151 148 144 135 158 160 153 154 131 144 142 130 120 144 134 135 125 105 106 108 92 92 85 83 78 69 67 60 75 70 72 78 80 80 85 84 97 91 88 95 87 85 93 
83 84 73 72 138 141 138 100 77 71 66 73 77 73 74 74 73 146 99 93 97 92 102 94 97 93 101 165 168 169 173 177 182 180 171 184 192 172 163 142 160 163 158 174 179 185 175 183 169 172 185 180 165 162 149 132 129 141 138 143 140 169 158 142 139 146 151 147 138 127 158 142 135 125 108 106 109 92 95 86 85 78 70 71 66 86 84 89 87 82 80 88 88 90 93 97 106 95 92 77 82 76 60 86 133 135 113 79 65 68 66 75 77 70 73 76 95 95 96 102 99 97 96 97 96 101 93 98 160 163 
166 172 176 177 165 179 188 174 168 127 156 177 175 182 183 189 187 171 179 190 178 180 185 190 174 162 141 145 139 151 155 159 181 166 171 144 135 150 132 132 151 151 137 130 118 106 115 96 95 80 78 79 82 91 93 91 84 94 88 89 92 88 99 98 90 83 100 88 89 79 82 74 60 96 120 117 79 57 64 70 70 77 76 65 69 73 97 98 100 94 97 97 97 97 97 97 97 97 94 164 160 165 171 184 168 164 186 186 176 156 160 169 181 181 190 186 185 185 182 180 181 181 189 196 184 186 181 171 154 149 
150 166 163 178 177 164 142 162 141 146 153 132 124 134 121 106 137 107 91 96 92 92 97 85 91 97 95 100 92 91 104 91 102 98 99 87 88 92 94 80 73 62 61 99 115 99 55 63 65 67 77 74 59 70 70 98 97 97 97 97 97 97 97 97 97 97 97 97 100 169 174 168 172 164 177 159 169 181 176 160 145 174 177 183 188 188 187 187 186 186 188 190 181 189 185 188 180 174 173 179 178 159 165 164 162 171 148 165 145 142 149 133 120 131 122 104 113 104 97 95 86 85 89 77 87 82 92 97 94 93 
94 99 102 103 103 88 82 79 82 75 62 59 89 98 81 60 60 65 73 73 70 65 69 67 85 95 97 97 97 97 97 97 97 97 97 97 97 97 99 94 166 147 166 169 168 169 156 165 176 165 152 177 176 181 178 184 187 187 187 184 183 185 185 188 185 188 183 181 175 167 179 175 164 181 178 154 155 153 151 151 147 127 122 125 111 104 110 92 81 90 93 88 92 94 94 92 98 102 102 99 98 108 96 101 99 86 80 73 74 73 61 61 81 85 56 61 70 66 70 79 74 60 70 66 94 100 97 97 97 97 
97 97 97 97 97 97 97 97 95 99 172 162 149 158 174 173 160 154 162 169 162 173 173 176 175 185 190 190 190 187 185 187 191 195 194 186 174 178 184 175 172 166 140 138 157 147 144 143 156 143 144 131 112 116 115 102 97 103 101 99 98 96 97 94 94 108 98 98 100 96 103 101 99 101 94 83 79 71 64 63 66 76 75 69 52 66 68 69 73 80 62 66 70 97 94 98 97 97 97 97 97 97 97 97 97 97 97 97 98 93 98 145 156 156 166 167 170 158 148 162 158 160 170 171 173 181 187 190 192 192 
194 196 189 185 187 192 191 190 185 163 163 180 163 143 145 131 130 117 129 130 124 110 105 104 104 110 101 109 101 91 91 94 98 96 100 118 106 101 105 101 105 99 91 94 87 81 77 71 64 64 68 76 73 53 62 61 69 70 76 65 68 67 97 97 102 96 97 97 97 97 97 97 97 97 97 97 97 97 97 99 97 99 153 161 160 169 172 162 160 151 163 147 174 165 167 171 183 193 194 194 195 193 189 183 189 194 186 175 183 182 181 166 159 148 146 141 138 127 126 119 124 118 102 106 121 121 112 111 107 114 
118 109 102 98 106 110 108 101 103 100 89 92 79 85 83 79 71 71 70 74 70 69 62 55 65 67 72 66 66 66 60 97 97 95 95 101 97 97 97 97 97 97 97 97 97 97 97 97 97 97 98 90 143 147 160 177 166 164 169 152 167 152 175 167 170 167 181 196 195 195 196 190 191 182 186 195 200 189 189 181 174 165 144 157 146 118 135 126 122 126 123 115 106 106 117 125 112 118 116 111 104 99 102 100 114 110 107 104 105 99 88 92 85 90 86 79 64 66 68 72 67 72 64 66 62 62 64 63 66 62 
69 99 101 97 96 94 97 97 97 97 97 97 97 97 97 97 97 97 97 98 97 97 100 152 148 157 164 169 157 163 153 170 168 180 175 164 173 187 185 190 198 194 196 191 188 186 191 188 188 174 179 171 163 157 161 155 139 140 135 135 134 127 113 114 129 132 118 108 105 117 115 102 104 110 105 106 92 96 98 89 93 88 90 91 85 78 62 68 72 72 61 66 61 55 75 63 66 63 61 62 100 97 95 96 98 99 97 97 97 97 97 97 97 97 97 97 97 97 97 97 100 95 90 107 138 157 165 166 169 171 
163 162 175 178 180 173 168 179 185 192 192 197 194 191 188 184 185 181 186 180 173 164 161 164 160 154 150 148 150 145 139 123 124 129 135 120 116 128 119 114 103 108 109 111 108 103 103 99 94 95 91 89 88 87 84 90 76 71 73 74 64 69 74 64 71 66 68 61 61 90 103 95 94 100 99 95 97 97 97 97 97 97 97 97 97 97 97 97 99 94 93 103 104 89 102 143 160 165 168 171 165 161 169 172 179 175 169 177 178 183 180 182 186 186 187 185 187 182 185 177 186 175 167 164 162 163 166 168 155 152 
152 142 131 122 133 136 121 126 118 116 112 111 111 111 102 100 101 97 97 95 86 84 89 92 89 90 77 76 77 74 67 66 66 67 67 58 63 70 136 103 92 101 97 92 95 96 97 97 97 97 97 97 97 97 97 97 97 97 96 97 99 98 94 95 100 101 146 159 163 168 169 164 167 173 180 179 175 177 174 177 172 170 176 177 180 181 184 179 182 173 172 169 169 170 168 167 163 157 164 152 148 149 144 132 133 128 124 118 112 114 120 110 109 107 104 104 101 98 103 100 87 88 88 97 92 87 74 78 78 70 
66 64 63 69 65 59 73 90 98 98 96 96 98 99 98 100 97 97 97 97 97 97 97 97 97 97 97 97 99 95 98 97 93 99 101 90 135 153 159 166 173 168 168 176 179 183 179 179 174 177 171 167 172 172 174 174 178 175 180 173 169 169 170 168 165 165 160 150 148 152 154 155 144 132 132 122 125 111 106 110 123 106 105 104 111 111 104 99 109 106 92 97 88 98 92 85 73 77 76 68 63 67 67 65 65 65 90 101 92 99 97 95 100 98 92 95 97 97 97 97 191 180 177 182 182 182 179 173 177 184 
185 190 188 193 196 207 205 211 210 209 222 218 217 215 211 216 220 217 222 217 216 208 198 206 212 207 203 195 203 202 197 186 198 189 194 189 187 191 188 179 193 185 176 188 204 202 193 182 185 184 169 163 178 161 162 161 150 154 149 151 148 146 136 133 140 132 131 128 132 119 116 115 125 116 113 96 103 97 91 97 89 86 88 91 76 82 86 90 93 94 188 184 186 184 185 180 178 171 185 186 186 192 197 201 202 208 207 213 216 212 218 216 218 207 222 214 212 214 214 210 213 210 217 210 207 210 209 198 202 206 
203 184 200 195 202 197 192 180 183 177 186 186 180 193 199 195 207 184 176 173 170 172 183 168 151 151 146 144 146 144 146 139 134 138 133 124 127 123 122 126 126 138 122 125 117 121 101 101 101 89 97 95 89 81 80 76 85 88 91 91 186 189 187 185 183 181 175 171 182 182 185 190 199 199 202 207 203 211 210 208 215 215 219 217 207 209 214 219 215 219 215 204 194 207 211 212 205 204 205 201 196 184 208 198 194 186 192 182 187 180 181 178 182 197 207 206 191 179 185 183 178 171 166 155 151 154 151 150 149 144 
140 131 116 123 127 126 135 128 125 128 122 121 128 130 119 125 118 96 100 98 102 87 88 85 84 81 84 86 87 86 187 190 180 185 180 182 171 175 177 181 191 192 198 192 198 206 209 216 210 212 220 210 207 219 215 214 213 215 211 213 206 209 208 205 198 209 208 204 197 194 194 185 205 196 202 193 197 185 188 191 179 185 176 196 193 197 194 175 174 169 174 173 166 160 148 149 141 142 135 133 131 129 129 122 112 118 105 119 120 121 127 120 123 108 122 117 112 94 102 105 100 90 88 92 84 82 86 88 89 88 
187 187 184 186 183 174 170 179 185 182 184 188 202 200 197 192 204 210 209 216 215 203 199 206 192 206 201 190 194 210 207 215 208 202 193 207 208 203 192 186 179 179 192 188 206 195 188 176 184 181 179 171 184 191 205 205 174 163 168 163 166 160 149 144 143 140 137 136 132 118 117 114 116 102 114 98 110 92 96 74 102 99 99 95 91 102 109 118 101 84 91 98 89 88 86 79 81 85 88 89 186 183 193 187 187 164 171 181 179 188 196 196 198 197 200 204 189 193 198 204 195 197 202 197 196 210 211 196 198 206 
197 203 187 194 195 202 204 203 197 186 185 189 192 191 209 198 187 180 198 188 183 163 180 179 201 198 182 176 177 165 159 153 154 153 128 123 128 125 136 118 123 117 112 114 94 98 90 94 73 74 79 73 90 97 71 81 90 97 99 87 96 87 95 87 90 83 76 81 86 88 184 181 189 186 180 165 171 179 188 190 185 188 197 206 200 194 197 210 206 208 206 207 206 208 187 178 189 190 190 187 185 199 199 185 179 190 198 188 186 185 189 183 178 186 202 199 188 177 178 186 171 179 161 180 187 194 179 170 164 158 
157 151 147 130 130 120 107 99 102 95 95 86 90 87 66 69 55 52 35 45 55 35 31 22 33 46 54 67 75 88 95 71 90 87 87 85 78 83 87 89 183 180 175 184 168 172 170 176 171 186 187 181 170 175 177 184 168 197 185 189 206 193 173 194 166 170 192 177 174 192 195 179 175 175 176 175 177 167 170 166 169 171 180 196 195 193 193 189 176 183 182 171 160 162 191 199 172 170 167 160 148 130 120 94 94 95 76 85 77 87 68 54 60 44 45 45 31 12 12 15 17 4 23 26 17 23 20 15 18 36 
60 61 69 78 83 82 73 78 83 86 180 178 189 189 178 174 170 186 185 191 190 171 185 165 143 155 134 141 140 143 141 129 149 148 112 142 173 156 145 128 136 142 145 141 147 147 163 158 151 165 164 164 163 183 194 205 200 188 191 180 165 170 150 162 188 172 166 158 156 137 130 133 108 88 84 89 67 67 66 52 45 18 27 25 25 29 12 6 7 12 10 8 20 4 17 20 27 26 20 20 15 27 72 73 89 79 78 87 87 84 183 186 181 180 174 165 184 187 185 195 143 144 120 126 97 125 95 55 58 44 
54 55 75 71 81 74 68 58 65 79 82 97 94 110 102 124 145 151 163 152 153 154 160 178 193 193 194 191 186 180 161 164 150 150 170 170 157 140 136 131 124 112 87 73 72 57 73 45 27 47 40 43 43 19 20 15 25 57 15 10 14 11 12 20 12 20 11 16 33 18 10 17 28 37 69 76 83 70 69 85 193 179 181 176 172 175 171 178 190 183 154 152 115 80 108 67 78 93 84 55 66 73 87 62 60 73 57 54 45 30 33 35 45 37 100 96 110 129 138 136 145 156 160 162 183 190 198 194 194 184 
149 150 162 163 162 156 146 121 107 110 109 98 86 80 60 75 36 45 54 14 26 55 17 16 35 66 22 36 52 11 11 21 32 21 12 20 23 17 19 20 17 20 11 10 32 70 88 74 73 84 180 188 175 175 165 169 174 166 134 122 56 49 62 60 40 61 74 87 74 38 47 53 53 67 34 16 16 15 35 28 13 21 36 43 77 77 124 115 110 121 132 152 161 168 190 198 196 186 170 183 163 149 146 143 148 151 130 111 94 96 99 93 87 79 70 68 62 45 36 48 54 45 42 34 19 37 35 38 36 29 
55 45 35 41 31 40 34 31 16 13 9 15 19 15 10 38 67 71 71 77 182 184 177 160 181 169 141 84 95 62 79 89 88 71 97 112 79 71 49 68 60 46 51 44 59 42 40 50 55 28 20 36 52 68 46 69 104 99 100 115 127 144 155 179 196 197 192 194 184 183 166 153 150 148 146 131 114 98 82 81 85 89 93 89 89 87 82 76 73 70 67 69 68 52 60 60 55 56 65 94 85 65 59 53 59 46 50 44 44 23 24 20 18 17 17 22 68 82 74 75 185 182 172 172 164 169 109 95 81 85 
43 77 84 84 80 90 93 82 101 73 97 79 49 49 59 67 37 61 55 42 62 61 54 61 79 95 94 100 99 107 131 151 161 180 189 198 201 207 196 182 171 161 149 139 134 113 105 87 76 75 79 89 101 112 116 116 113 115 110 104 103 95 114 105 87 93 119 121 134 143 115 124 108 110 87 90 80 82 64 56 57 37 31 19 20 25 47 81 78 73 183 173 168 162 176 122 78 61 65 56 62 62 130 123 116 99 94 128 98 140 127 119 144 102 94 90 85 83 70 84 80 83 87 93 100 100 116 119 128 141 
141 166 179 186 192 205 210 203 208 192 182 168 154 142 134 109 96 86 88 87 87 95 104 117 134 132 120 122 121 121 132 123 117 124 133 132 141 144 136 138 119 115 103 100 100 81 76 77 73 72 64 46 54 38 25 24 30 71 76 75 180 178 179 167 158 124 46 42 57 48 66 91 121 121 142 141 144 165 145 93 151 145 146 132 133 101 102 96 91 95 85 93 97 94 106 119 119 137 141 158 167 176 184 186 195 202 212 204 203 194 184 162 150 143 133 104 87 83 92 85 85 103 114 130 128 136 125 114 118 116 
112 120 121 111 128 128 113 133 132 122 88 102 96 81 90 83 90 88 79 71 69 61 57 50 48 40 30 51 59 80 178 167 176 161 128 113 81 97 98 113 107 144 172 164 141 150 139 174 183 179 170 158 154 133 130 116 94 98 89 89 80 90 111 108 123 125 132 141 158 170 184 189 187 198 199 213 205 213 214 206 187 173 158 139 121 105 92 84 89 78 90 95 111 119 115 120 98 78 66 81 125 94 56 44 15 3 12 9 3 7 9 21 38 23 51 53 64 83 84 81 75 75 57 58 60 55 36 49 64 71 
178 178 162 150 123 91 72 101 109 112 139 151 144 186 178 188 176 158 168 139 139 138 110 101 75 59 49 51 57 60 57 38 37 81 116 119 136 139 138 161 188 198 199 193 203 209 207 218 210 209 189 174 153 142 120 98 92 92 92 78 79 84 99 97 85 64 54 113 142 78 68 60 110 30 99 137 3 2 19 19 37 23 7 21 37 61 69 50 40 69 77 71 79 73 58 56 54 55 57 60 170 162 175 176 103 81 117 129 135 157 160 176 171 168 171 154 120 112 110 104 103 60 31 14 12 6 16 12 16 34 
55 62 60 45 74 102 111 127 134 149 167 191 199 193 207 207 201 213 210 209 188 176 151 142 120 99 96 86 77 73 68 62 66 70 58 81 120 76 71 63 131 185 181 40 192 189 7 11 2 19 111 32 24 83 37 22 36 52 49 45 33 69 65 65 72 76 59 69 78 81 185 168 153 164 111 142 161 164 170 170 176 173 162 142 82 114 132 107 79 44 11 21 100 112 0 10 21 24 39 29 66 60 76 90 91 83 98 107 118 137 167 186 192 196 201 211 208 221 214 204 185 176 154 139 122 107 87 79 75 76 
66 53 52 86 106 96 55 43 41 121 177 213 233 40 133 132 11 4 10 30 87 19 51 104 88 79 40 28 34 57 38 25 64 77 76 74 85 85 84 81 184 162 176 143 151 161 176 182 175 167 161 147 99 117 135 111 61 30 53 126 28 134 161 156 25 12 18 61 87 33 113 110 79 85 106 114 69 89 113 148 160 170 187 202 203 209 206 210 209 193 179 165 150 130 121 102 96 83 70 65 72 72 53 85 101 35 70 42 117 209 180 207 207 132 37 24 26 18 22 27 26 16 77 92 106 82 34 39 38 24 
39 49 25 57 69 83 82 84 86 86 182 150 173 173 165 185 173 168 170 165 119 55 130 122 73 39 91 186 191 186 57 25 135 26 4 10 27 40 32 60 134 113 110 87 107 114 146 64 80 157 172 168 187 193 203 205 217 220 213 198 188 167 156 138 131 103 86 82 79 69 62 58 49 91 37 41 67 60 63 69 95 117 159 181 97 41 28 28 30 25 20 58 121 97 81 57 56 57 39 34 18 28 55 54 63 68 78 88 96 96 183 161 171 181 177 180 168 165 155 124 58 129 78 35 32 92 187 210 206 214 
122 36 31 36 29 30 35 35 24 103 138 127 98 99 166 206 129 148 66 135 154 160 184 188 203 202 211 214 209 192 179 161 148 133 125 98 86 75 70 71 67 66 69 84 57 79 90 97 98 131 147 141 123 102 107 90 78 69 60 68 73 66 71 73 72 78 88 69 65 58 30 53 44 48 76 75 87 86 85 85 183 173 177 193 180 166 165 149 124 88 99 66 38 90 103 101 121 166 179 192 192 94 72 63 26 35 37 56 72 85 98 84 85 76 69 55 80 170 163 104 149 167 184 189 198 204 206 216 215 192 
173 164 147 133 125 105 91 83 71 69 64 74 85 58 97 128 126 125 145 152 156 159 154 157 142 132 123 106 103 96 101 100 78 102 104 102 79 80 74 65 57 59 73 72 47 56 67 72 76 78 184 186 175 175 175 152 136 138 152 118 97 89 114 122 154 153 149 150 145 129 133 120 124 120 114 125 122 122 115 106 97 108 118 123 130 134 115 122 176 123 162 160 181 186 193 198 203 206 195 176 158 146 138 112 124 109 83 80 79 69 57 66 80 81 95 96 118 131 136 128 150 144 102 139 133 112 104 100 103 95 
88 89 125 115 129 117 94 84 73 70 74 75 66 73 67 67 84 84 84 86 181 177 177 183 174 160 158 155 144 106 142 119 126 128 151 166 169 157 178 156 163 178 160 139 143 142 130 126 119 103 109 103 133 124 143 151 152 140 160 132 154 157 179 189 194 200 205 208 213 190 169 155 143 90 112 100 87 84 82 72 59 63 74 76 91 99 108 112 123 121 129 122 135 138 133 129 121 120 121 103 123 107 134 129 123 108 96 83 77 72 73 73 68 78 73 71 84 86 88 90 169 182 175 172 170 142 125 132 142 148 
164 145 154 159 160 179 169 178 169 153 157 138 130 124 107 109 113 105 107 112 109 132 113 122 122 136 150 171 162 149 154 161 180 194 195 203 206 210 202 200 166 147 126 121 120 91 92 84 80 74 64 64 70 70 91 99 97 103 112 105 107 119 141 135 125 122 125 121 119 123 115 118 125 119 120 100 81 81 82 79 78 75 71 79 75 73 84 88 93 96 188 183 173 165 152 143 150 157 163 162 169 161 163 183 177 181 188 212 198 213 204 161 185 183 181 147 131 134 119 137 108 97 93 118 114 143 160 181 170 166 
167 173 185 198 194 202 205 207 195 186 175 142 125 120 112 98 96 84 77 76 73 73 74 73 80 92 95 105 102 92 94 118 117 120 121 122 127 118 109 120 115 119 125 122 109 100 93 78 75 79 83 81 78 83 86 88 91 96 99 99 186 185 184 184 176 169 173 173 174 177 168 176 188 169 191 185 194 207 192 199 216 200 196 191 186 186 142 142 124 116 110 110 115 135 151 155 169 172 176 172 180 184 189 200 194 199 199 197 198 180 171 148 128 112 97 97 95 86 81 82 81 80 82 85 77 91 102 111 103 105 
103 110 106 99 108 112 105 105 103 96 97 100 99 97 85 86 90 80 83 88 89 86 86 87 93 95 90 95 99 97 186 192 182 178 180 172 169 177 179 184 189 182 194 183 170 185 195 186 200 202 188 195 205 188 175 158 130 123 113 116 140 142 153 150 166 157 161 178 178 180 186 189 193 199 194 194 194 187 190 190 162 153 129 118 102 88 89 88 88 88 84 80 86 95 95 91 98 110 109 120 118 117 120 115 111 108 103 106 109 104 97 103 95 94 97 94 95 102 103 102 94 90 94 88 90 89 98 103 108 107 
185 179 183 189 181 183 194 186 183 185 189 192 183 186 183 170 181 175 169 173 176 172 160 145 128 134 149 154 173 174 163 173 171 152 160 182 179 189 179 193 190 193 195 197 193 189 195 186 190 188 176 158 142 100 101 93 85 89 91 91 88 84 89 99 108 95 95 102 105 114 115 122 114 120 113 115 117 109 110 111 123 114 121 122 112 112 118 110 109 107 99 98 104 92 93 91 95 101 104 101 182 189 191 197 198 193 192 190 188 186 191 183 199 185 190 189 177 189 188 171 174 175 162 175 184 193 193 194 185 177 
169 177 166 167 174 188 189 187 193 192 195 196 198 196 192 186 197 190 190 184 174 162 143 115 97 94 87 90 92 93 94 92 93 100 108 112 114 103 100 108 109 116 120 112 109 125 121 116 129 121 122 126 130 119 122 126 125 122 114 115 111 111 113 93 92 91 95 102 107 107 188 186 202 196 192 193 194 189 196 187 186 189 195 189 197 196 190 193 183 193 193 192 201 201 200 203 204 191 186 173 185 170 176 184 196 198 195 198 200 193 203 198 189 195 196 194 185 190 188 176 173 161 144 116 87 93 86 88 92 94 
94 94 97 100 110 114 117 107 101 105 107 119 105 113 116 103 106 121 125 120 125 132 128 130 105 134 117 134 124 126 123 122 110 94 95 96 98 107 102 109 184 182 196 200 194 197 195 194 198 192 190 191 196 190 193 185 196 198 195 193 207 204 214 200 206 205 194 192 189 166 194 188 197 191 197 208 204 193 193 202 203 198 192 196 197 194 187 188 181 176 172 160 145 118 91 87 86 87 90 93 94 94 98 102 112 116 124 119 115 117 112 111 115 101 99 112 115 115 112 125 122 126 128 122 135 125 139 127 137 124 
131 122 118 118 100 107 94 101 97 105 189 187 193 203 194 196 191 193 195 199 202 200 197 194 205 205 196 202 198 216 208 206 209 216 219 205 206 198 197 205 197 199 199 210 209 199 197 202 201 195 201 196 195 195 196 193 191 185 182 184 175 164 149 125 101 85 89 88 91 95 96 95 99 104 110 114 126 127 126 130 121 108 113 106 103 103 113 125 125 123 127 137 122 133 129 129 141 136 127 138 123 122 116 105 111 94 105 107 103 108 189 187 192 200 197 201 201 202 207 204 201 203 204 202 206 203 197 207 209 205 
211 214 217 205 199 208 204 210 195 205 199 203 207 215 211 203 204 206 203 202 199 193 196 192 194 192 193 183 184 188 175 167 152 128 108 85 90 89 90 94 95 95 99 104 109 112 122 124 125 133 128 110 113 104 106 105 120 126 131 131 123 123 132 132 136 134 133 134 138 139 130 133 124 105 105 101 112 108 102 103 188 189 194 196 202 204 207 202 191 190 194 208 209 205 209 210 211 206 208 213 217 207 208 208 208 200 195 208 208 212 203 210 209 209 206 207 209 203 200 205 199 194 196 190 191 191 193 182 181 184 
171 167 153 126 109 84 85 85 87 90 92 94 97 101 112 115 121 121 119 129 131 115 112 108 107 111 112 121 123 132 138 126 144 133 149 141 134 130 131 137 125 122 118 110 111 96 108 101 98 95 186 190 193 193 204 202 205 196 199 204 209 219 207 198 206 218 208 220 217 214 201 212 207 205 202 195 214 201 204 205 198 213 205 212 210 202 203 207 204 198 200 196 194 189 189 190 189 181 178 180 171 169 153 127 111 86 81 83 86 88 91 95 98 100 108 116 119 119 118 127 133 124 115 128 115 108 89 121 121 129 
144 146 143 151 145 149 140 140 138 140 138 121 115 120 115 109 103 98 101 96 184 188 186 193 204 206 209 205 212 208 203 215 212 213 218 221 220 210 212 206 216 209 209 203 207 217 210 207 216 213 217 206 218 213 210 209 207 206 205 203 195 196 191 189 188 189 184 181 180 181 174 166 148 127 112 90 80 85 87 87 90 96 99 97 100 113 115 116 118 123 133 129 130 134 123 121 101 118 119 136 124 137 146 154 155 148 149 145 146 145 127 136 125 100 112 113 98 95 102 95 196 197 186 198 204 208 210 212 209 208 
202 211 207 209 210 210 210 214 213 211 208 215 211 210 207 210 203 209 206 217 209 220 220 210 207 205 201 201 203 200 189 193 186 188 188 190 181 182 182 181 173 158 137 122 109 89 80 86 88 86 88 94 96 92 97 112 112 113 114 117 127 126 131 130 136 134 127 121 122 134 137 140 151 149 156 150 150 144 146 139 140 122 116 119 103 100 98 95 103 93 192 190 196 193 203 195 207 208 203 206 214 210 211 216 214 215 210 213 212 211 212 214 212 207 206 205 190 204 203 209 214 216 207 208 201 203 206 200 197 199 
193 190 186 183 190 190 183 185 185 182 169 161 138 124 105 85 87 87 86 88 91 92 93 98 94 94 110 113 106 123 121 124 125 130 133 134 119 123 124 124 136 142 143 150 148 151 154 165 141 138 133 127 121 115 111 110 99 97 94 92 190 189 192 195 198 202 207 211 213 209 215 209 207 209 204 209 203 206 204 198 196 201 207 208 204 198 199 209 210 206 207 216 206 202 203 208 203 198 198 196 197 191 187 184 186 187 182 183 180 177 163 156 137 123 103 85 85 87 87 89 91 91 91 93 87 94 105 107 110 121 
121 112 125 136 130 127 125 124 117 125 123 139 149 146 142 148 148 151 150 139 141 135 114 110 112 99 96 96 97 99 188 189 190 195 193 209 206 215 213 210 196 205 209 203 209 202 195 200 203 201 200 201 203 203 205 207 178 208 201 211 203 204 208 201 208 212 201 198 200 195 195 186 185 182 180 181 178 179 181 177 162 156 143 126 105 90 82 83 85 85 88 89 90 90 93 97 97 110 112 115 119 122 132 131 129 131 125 125 123 123 124 132 140 131 138 150 150 150 149 143 139 132 123 116 109 101 99 96 95 97 
189 188 191 193 191 211 206 215 208 202 206 210 213 209 195 190 203 199 197 198 199 198 198 199 203 205 205 199 198 211 202 209 213 209 214 211 201 200 199 195 194 186 188 188 184 184 182 181 176 174 159 152 146 127 107 93 89 87 85 82 80 82 83 81 84 93 97 116 110 109 103 112 134 126 128 133 127 127 127 121 130 126 135 132 144 145 139 140 151 146 139 133 125 109 98 98 96 91 88 89 189 186 193 190 192 207 204 212 208 217 204 206 198 189 208 206 205 199 196 198 198 194 193 197 190 209 209 206 209 202 
209 206 215 216 217 207 202 202 193 192 189 183 190 192 188 185 181 179 175 173 161 153 148 130 112 98 87 83 82 80 77 79 81 78 71 67 71 73 93 116 109 105 125 128 125 126 134 128 121 124 126 121 129 129 136 132 132 141 141 127 134 142 126 114 118 117 105 100 96 96 188 186 194 189 195 200 203 208 202 206 214 206 198 199 198 206 194 193 195 198 196 192 194 199 191 196 205 205 206 210 196 211 215 216 216 204 202 199 186 189 185 181 188 191 189 184 176 174 179 179 169 158 150 132 117 101 87 81 82 83 
79 78 79 75 64 57 80 72 96 105 110 111 124 124 127 127 131 127 125 124 127 124 120 118 124 125 132 137 144 125 123 134 131 120 115 114 99 97 95 93 187 188 194 193 198 198 204 209 213 212 207 206 200 194 197 198 192 194 191 185 183 188 194 197 192 201 209 198 206 193 204 219 214 204 207 200 192 187 179 188 189 186 190 193 195 189 179 180 176 177 172 159 149 132 122 103 102 91 89 88 78 72 70 65 63 35 39 49 83 99 114 116 127 122 132 130 125 123 131 123 129 131 119 123 125 122 124 121 131 117 
106 115 128 121 109 108 97 98 96 91 186 190 193 199 200 199 207 212 212 205 212 210 205 201 195 205 198 203 201 191 190 194 191 182 194 202 198 192 192 204 194 210 213 190 196 194 178 173 174 188 189 188 189 191 196 190 180 183 171 174 175 163 153 140 135 116 107 92 89 88 78 71 72 69 70 62 57 67 66 83 105 115 123 130 132 123 127 121 123 125 122 128 113 123 119 117 129 135 136 119 118 122 116 112 111 101 101 101 95 84 189 190 191 198 192 202 206 205 204 206 209 205 198 185 200 212 205 193 202 180 
182 189 182 203 201 195 198 197 206 189 210 195 189 186 186 181 171 170 178 182 181 189 189 197 188 186 184 174 171 176 174 165 144 142 134 123 103 97 95 86 78 74 69 81 71 71 68 59 60 65 92 106 122 122 122 125 130 119 126 124 100 126 121 117 118 120 114 122 127 128 116 118 121 114 89 108 99 94 93 92 173 192 190 191 171 195 203 207 207 208 200 198 200 206 206 198 192 190 198 190 206 210 192 183 190 199 193 203 195 192 192 178 167 180 180 171 172 179 182 182 185 197 192 195 197 184 176 178 172 167 
172 167 157 137 131 124 120 104 97 88 88 82 76 82 85 80 84 64 51 49 68 97 112 120 128 131 133 124 129 124 124 121 126 114 118 118 124 116 126 104 92 112 98 114 102 96 101 96 93 92 180 191 190 202 189 198 201 207 191 203 202 204 192 193 197 203 195 197 196 183 188 189 190 192 193 205 198 197 194 190 180 162 156 175 174 166 177 186 185 185 198 193 201 214 202 190 189 181 173 171 175 168 160 144 136 126 132 111 102 90 90 80 83 92 93 85 85 72 59 44 47 65 94 112 129 134 132 126 128 119 
131 119 122 118 113 123 122 117 121 125 108 107 122 112 96 101 96 91 90 91 174 186 188 187 194 197 198 180 197 198 193 202 205 208 205 201 202 195 197 197 205 197 191 197 198 204 190 182 181 178 164 153 168 177 176 176 186 189 187 190 195 201 202 216 213 201 182 181 169 172 168 166 153 149 140 137 143 118 107 94 94 82 95 106 98 97 82 86 80 55 51 48 67 91 119 130 133 138 141 132 127 125 126 124 114 120 107 115 103 115 113 112 114 99 97 97 99 93 90 91 177 190 191 186 196 194 202 186 180 194 
200 196 198 199 207 201 208 189 190 188 198 194 184 197 194 199 178 179 162 169 149 160 182 180 184 191 194 194 194 193 197 206 206 223 217 213 183 175 185 180 171 170 155 143 133 139 135 110 98 90 95 89 104 109 103 106 91 90 84 65 57 54 59 79 107 123 126 136 136 127 128 121 134 122 121 115 112 117 106 112 105 123 94 103 101 97 98 89 86 90 175 184 180 189 194 188 197 196 195 195 197 197 205 199 203 196 201 198 208 197 198 194 186 197 190 189 183 175 162 158 152 176 184 186 195 200 199 202 203 194 
200 199 207 223 213 219 194 174 172 173 173 161 159 146 141 136 101 88 86 87 93 94 112 115 113 109 104 90 84 79 55 61 45 57 88 116 126 141 143 139 139 122 130 128 117 119 120 113 106 120 105 111 96 99 86 95 92 83 81 87 167 188 186 185 193 191 202 193 200 191 189 201 203 190 190 195 199 201 202 191 198 200 197 198 194 178 183 160 161 148 159 185 189 198 203 202 204 205 202 197 187 194 194 199 210 209 183 178 168 177 174 151 146 135 119 99 80 79 83 91 95 102 122 121 121 112 109 93 89 89 
57 66 56 58 88 122 132 144 142 142 149 136 130 136 118 122 113 101 108 109 114 112 102 98 96 97 96 88 86 89 171 183 188 183 195 173 197 199 195 198 197 207 200 195 198 207 201 206 198 189 195 190 195 191 205 181 175 155 153 154 164 193 198 208 207 203 207 203 196 200 192 181 191 190 198 196 186 175 161 170 161 153 144 136 111 95 81 80 79 89 94 107 120 111 115 110 99 88 82 79 57 68 58 55 86 124 133 142 138 141 139 138 134 131 138 125 115 103 111 106 107 110 97 103 93 96 94 88 88 91 
170 186 183 188 194 192 197 194 204 197 200 202 199 202 188 194 201 190 199 186 196 188 197 184 177 172 151 155 151 169 183 194 199 206 198 209 200 194 200 185 179 174 176 178 184 181 172 170 171 167 170 148 132 117 86 84 69 74 69 90 97 101 109 110 100 94 94 82 88 79 54 70 79 81 94 121 141 153 160 147 151 133 130 134 130 121 120 103 106 106 108 103 103 89 100 95 97 89 85 88 174 184 184 187 191 189 192 193 193 195 199 199 197 198 194 202 184 193 195 197 187 201 204 184 173 165 140 146 147 176 
185 195 198 191 189 185 181 179 174 162 158 162 163 169 170 177 174 166 162 150 152 139 111 95 83 70 70 63 48 36 47 68 80 78 92 90 99 86 75 71 67 87 90 94 97 131 140 156 152 157 148 148 128 125 121 120 110 105 105 103 88 107 95 106 95 95 97 91 89 91 172 177 184 187 189 189 188 194 195 199 195 194 201 198 200 201 197 195 197 201 187 183 187 172 174 155 144 149 167 188 204 178 187 180 172 151 132 97 73 59 40 99 170 170 166 172 156 153 150 139 137 133 104 84 83 69 41 20 27 33 
52 66 95 133 124 103 102 84 70 82 84 95 100 107 100 125 146 151 159 152 152 142 140 124 125 111 119 105 110 100 95 102 99 104 94 92 91 88 90 94 170 169 183 187 189 189 183 194 197 200 192 194 204 194 200 199 202 182 182 190 203 195 184 173 152 133 145 153 182 211 204 186 171 150 84 63 79 62 68 82 67 46 59 167 166 162 160 154 139 147 135 109 90 85 76 56 40 34 53 68 83 87 92 108 103 98 77 87 88 95 114 103 107 112 110 112 136 160 167 147 151 142 137 142 124 118 118 114 111 101 
116 96 102 89 95 92 88 86 89 94 176 169 184 187 187 187 181 193 189 195 191 196 200 185 199 202 195 205 208 196 190 192 168 172 149 160 139 186 196 210 200 201 174 143 116 132 131 143 168 153 151 150 133 150 175 165 158 126 133 123 112 102 98 91 69 53 65 76 85 90 88 90 85 82 73 83 91 103 104 109 107 112 111 113 123 115 112 164 161 160 147 153 133 137 125 120 109 121 104 102 114 94 94 88 92 88 93 88 89 93 179 169 181 186 185 187 185 197 191 193 189 196 195 186 197 198 201 206 202 178 
183 189 166 160 138 136 137 204 203 205 215 206 191 185 164 156 157 177 190 204 205 215 212 160 151 161 136 121 121 105 109 108 91 80 83 92 90 90 86 89 73 68 72 86 96 102 110 116 116 118 101 119 111 119 122 121 107 127 153 168 153 154 140 126 121 114 113 113 103 99 102 88 92 91 91 81 94 89 89 92 176 167 178 186 186 188 188 196 195 194 189 194 188 189 197 191 198 197 190 175 175 168 163 151 147 122 190 208 207 217 209 203 207 201 175 157 158 161 163 174 198 209 202 164 175 146 148 157 142 132 
109 94 98 114 118 101 105 97 98 93 91 96 92 98 107 116 92 120 123 113 121 124 114 119 114 119 116 96 128 156 156 152 137 133 115 116 113 106 102 95 97 88 96 87 94 83 91 87 89 93 174 167 177 188 188 187 186 189 189 193 193 193 177 187 197 191 183 189 171 188 171 177 168 142 124 157 208 204 209 205 207 207 204 210 190 186 185 159 169 179 200 207 207 178 150 152 148 138 141 155 133 134 148 139 131 121 118 103 114 97 96 99 98 116 110 101 114 127 117 117 98 119 123 109 110 117 115 108 89 143 
150 146 139 125 137 110 106 104 93 94 91 96 91 85 93 93 90 88 91 94 169 170 171 182 189 185 182 172 188 188 187 197 192 191 198 175 191 187 189 180 180 172 161 123 148 198 210 207 206 207 206 204 207 206 205 199 191 196 190 195 201 197 195 177 163 144 153 140 141 167 172 175 171 150 149 121 118 119 122 107 105 109 100 106 102 112 102 121 128 121 121 118 111 113 111 113 116 115 107 95 154 146 141 144 132 125 95 101 98 100 104 89 88 86 92 93 94 89 87 88 175 170 170 182 186 188 187 185 177 184 
181 183 195 197 191 191 194 175 172 185 179 167 153 126 184 211 206 208 207 212 209 207 204 207 206 204 198 202 197 197 199 201 192 177 157 145 147 138 134 158 173 182 174 162 150 125 126 118 123 117 100 119 104 96 101 110 100 113 117 121 121 122 114 116 113 111 110 107 99 86 137 143 135 132 125 124 107 96 95 93 91 88 93 87 87 101 93 91 89 87 169 174 171 182 183 186 182 185 179 193 181 183 193 186 186 190 190 183 193 166 167 158 127 136 205 206 203 198 211 201 208 201 206 207 196 194 190 197 200 199 
191 201 189 181 158 149 136 131 139 155 173 181 168 169 153 135 136 116 124 132 115 119 108 116 101 112 110 119 118 127 118 117 115 116 116 114 114 115 112 108 67 139 134 135 120 121 109 93 96 96 93 89 82 92 95 89 92 92 90 86 135 176 171 181 184 184 178 178 181 173 189 187 184 192 189 195 185 187 180 159 161 139 119 195 205 205 196 206 203 203 207 206 203 205 195 200 196 195 195 191 185 193 182 177 160 149 129 127 123 140 164 179 170 169 155 133 124 117 118 112 116 113 112 113 103 110 108 110 104 122 
113 115 112 108 108 105 102 102 105 113 96 76 136 132 123 116 103 92 92 99 85 91 93 94 87 100 92 90 87 84 100 177 171 177 186 184 182 179 187 181 183 193 185 182 190 175 162 181 174 163 164 128 163 203 202 197 200 195 206 194 212 207 208 203 189 194 189 186 190 193 186 185 174 165 158 144 128 133 125 141 163 177 174 162 157 129 129 122 110 108 118 113 118 102 104 108 111 109 104 123 116 117 115 109 111 108 100 96 99 115 113 68 106 122 115 116 101 92 96 96 89 102 88 93 95 94 93 86 82 83 
