247 247 247 247 247 247 247 247 247 247 247 247 247 247 247 247 247 247 247 247 247 247 247 247 247 247 247 247 247 247 247 249 249 249 249 249 224 208 208 208 160 152 141 141 127 124 124 124 124 120 118 118 120 120 115 107 107 97 94 93 87 87 84 82 82 82 86 90 95 95 94 94 94 93 93 98 102 102 102 109 107 105 105 111 113 117 134 134 143 149 149 162 162 188 227 227 246 251 250 247 247 247 247 247 247 247 247 247 247 247 247 247 247 247 247 247 247 247 247 247 247 247 247 247 247 247 247 247 247 247 
247 247 247 247 247 247 247 247 247 247 247 247 247 247 247 247 247 247 247 247 247 247 247 247 247 247 247 247 247 247 247 249 249 249 249 249 224 208 208 208 160 152 141 141 127 124 124 124 124 120 118 118 120 120 115 107 107 97 94 93 87 87 84 82 82 82 86 90 95 95 94 94 94 93 93 98 102 102 102 109 107 105 105 111 113 117 134 134 143 149 149 162 162 188 227 227 246 251 250 247 247 247 247 247 247 247 247 247 247 247 247 247 247 247 247 247 247 247 247 247 247 247 247 247 247 247 247 247 247 247 
247 247 247 247 247 247 247 247 247 247 247 247 247 247 247 247 247 247 247 247 247 247 247 247 247 247 247 247 247 248 248 247 247 243 228 228 203 186 186 186 155 146 134 134 121 118 118 119 119 115 112 112 112 112 108 102 102 90 87 87 87 87 85 83 83 83 85 88 93 93 94 94 95 97 97 103 107 107 107 111 108 104 104 108 109 111 121 121 133 140 140 155 155 174 202 202 234 242 243 248 248 247 247 247 247 247 247 247 247 247 247 247 247 247 247 247 247 247 247 247 247 247 247 247 247 247 247 247 247 247 
247 247 247 247 247 247 247 247 247 247 247 247 247 247 247 247 247 247 247 247 247 247 247 247 247 247 247 247 248 249 249 246 245 236 198 198 170 152 152 152 147 137 123 123 113 110 110 112 112 106 102 102 99 99 98 96 96 81 77 79 87 87 86 86 86 86 84 86 89 89 94 95 97 103 103 110 114 114 114 114 109 102 102 103 103 103 101 101 117 128 128 146 146 153 164 164 217 230 234 249 249 248 247 247 247 247 247 247 247 247 247 247 247 247 247 247 247 247 247 247 247 247 247 247 247 247 247 247 247 247 
247 247 247 247 247 247 247 247 247 247 247 247 247 247 247 247 247 247 247 247 247 247 247 247 247 247 247 247 248 249 249 246 245 236 198 198 170 152 152 152 147 137 123 123 113 110 110 112 112 106 102 102 99 99 98 96 96 81 77 79 87 87 86 86 86 86 84 86 89 89 94 95 97 103 103 110 114 114 114 114 109 102 102 103 103 103 101 101 117 128 128 146 146 153 164 164 217 230 234 249 249 248 247 247 247 247 247 247 247 247 247 247 247 247 247 247 247 247 247 247 247 247 247 247 247 247 247 247 247 247 
247 247 247 247 247 247 247 247 247 247 247 247 247 247 247 247 247 247 247 247 247 247 247 247 247 247 248 248 247 246 246 206 196 188 155 155 142 134 134 134 126 118 105 105 100 99 99 99 99 100 100 100 94 94 92 89 89 87 86 89 99 99 102 103 103 103 118 112 105 105 102 101 105 121 121 128 133 133 133 125 119 110 110 115 116 117 118 118 120 121 121 135 135 138 143 143 175 184 196 246 246 247 248 248 247 247 247 247 247 247 247 247 247 247 247 247 247 247 247 247 247 247 247 247 247 247 247 247 247 247 
247 247 247 247 247 247 247 247 247 247 247 247 247 247 247 247 247 247 247 247 247 247 247 247 247 247 249 249 247 245 245 196 184 176 144 144 136 130 130 130 121 113 101 101 97 96 96 96 96 98 100 100 93 93 91 88 88 89 89 92 102 102 106 108 108 108 126 119 109 109 104 103 108 126 126 133 138 138 138 128 122 112 112 118 120 120 122 122 121 120 120 132 132 134 138 138 165 172 187 245 245 247 249 249 247 247 247 247 247 247 247 247 247 247 247 247 247 247 247 247 247 247 247 247 247 247 247 247 247 247 
247 247 247 247 247 247 247 247 247 247 247 247 247 247 247 247 247 247 247 247 247 247 247 247 247 247 248 248 242 232 232 187 175 168 138 138 128 122 122 122 116 109 100 100 99 99 99 100 100 104 107 107 102 102 101 98 98 100 100 102 110 110 113 115 115 115 132 126 118 118 115 114 118 134 134 140 144 144 144 137 132 124 124 130 132 133 136 136 133 132 132 140 140 141 143 143 163 168 180 229 229 237 242 242 248 248 247 247 247 247 247 247 247 247 247 247 247 247 247 247 247 247 247 247 247 247 247 247 247 247 
247 247 247 247 247 247 247 247 247 247 247 247 247 247 247 247 247 247 247 247 247 247 247 248 248 248 247 247 221 183 183 150 142 136 113 113 100 91 91 91 96 96 96 96 107 110 111 117 117 128 136 136 138 138 139 140 140 146 147 146 142 142 143 144 144 144 154 155 156 156 158 158 160 167 167 169 171 171 171 174 173 172 172 179 181 183 190 190 183 179 179 172 172 169 165 165 155 153 156 168 168 197 217 217 250 250 249 247 247 247 247 247 247 247 247 247 247 247 247 247 247 247 247 247 247 247 247 247 247 247 
247 247 247 247 247 247 247 247 247 247 247 247 247 247 247 247 247 247 247 247 247 247 247 248 248 248 247 247 221 183 183 150 142 136 113 113 100 91 91 91 96 96 96 96 107 110 111 117 117 128 136 136 138 138 139 140 140 146 147 146 142 142 143 144 144 144 154 155 156 156 158 158 160 167 167 169 171 171 171 174 173 172 172 179 181 183 190 190 183 179 179 172 172 169 165 165 155 153 156 168 168 197 217 217 250 250 249 247 247 247 247 247 247 247 247 247 247 247 247 247 247 247 247 247 247 247 247 247 247 247 
247 247 247 247 247 247 247 247 247 247 247 247 247 247 247 247 247 247 247 247 247 248 248 249 249 249 209 209 184 147 147 134 131 125 103 103 94 89 89 89 103 110 119 119 133 137 138 140 140 145 148 148 149 149 149 148 148 151 152 152 150 150 150 149 149 149 153 155 158 158 163 164 166 171 171 172 173 173 173 175 175 176 176 181 183 185 194 194 197 198 198 196 196 193 189 189 175 171 168 156 156 177 191 191 245 245 246 248 248 247 247 247 247 247 247 247 247 247 247 247 247 247 247 247 247 247 247 247 247 247 
247 247 247 247 247 247 247 247 247 247 247 247 247 247 247 247 247 247 247 247 247 248 248 249 250 250 184 184 160 123 123 124 124 118 96 96 91 88 88 88 108 119 135 135 151 155 155 155 155 156 156 156 156 156 155 154 154 156 156 156 155 155 154 153 153 153 153 155 159 159 167 169 170 173 173 174 175 175 175 176 177 178 178 183 184 187 197 197 205 211 211 212 212 210 206 206 188 183 176 148 148 163 173 173 242 242 244 248 248 247 247 247 247 247 247 247 247 247 247 247 247 247 247 247 247 247 247 247 247 247 
247 247 247 247 247 247 247 247 247 247 247 247 247 247 247 247 247 247 247 247 247 248 248 249 250 250 184 184 160 123 123 124 124 118 96 96 91 88 88 88 108 119 135 135 151 155 155 155 155 156 156 156 156 156 155 154 154 156 156 156 155 155 154 153 153 153 153 155 159 159 167 169 170 173 173 174 175 175 175 176 177 178 178 183 184 187 197 197 205 211 211 212 212 210 206 206 188 183 176 148 148 163 173 173 242 242 244 248 248 247 247 247 247 247 247 247 247 247 247 247 247 247 247 247 247 247 247 247 247 247 
247 247 247 247 247 247 247 247 247 247 247 247 247 247 247 247 247 247 247 247 248 251 251 223 205 205 117 117 111 102 102 101 101 99 89 89 97 103 103 103 133 140 151 151 154 155 155 153 153 152 152 152 153 153 154 155 155 155 155 155 153 153 152 152 152 152 151 152 154 154 161 163 164 168 168 170 171 171 171 172 172 172 172 175 176 178 184 184 193 199 199 209 209 210 212 212 210 209 203 178 178 156 142 142 179 179 204 241 241 247 248 248 247 247 247 247 247 247 247 247 247 247 247 247 247 247 247 247 247 247 
247 247 247 247 247 247 247 247 247 247 247 247 247 247 247 247 247 247 247 247 248 251 251 223 205 205 117 117 111 102 102 101 101 99 89 89 97 103 103 103 133 140 151 151 154 155 155 153 153 152 152 152 153 153 154 155 155 155 155 155 153 153 152 152 152 152 151 152 154 154 161 163 164 168 168 170 171 171 171 172 172 172 172 175 176 178 184 184 193 199 199 209 209 210 212 212 210 209 203 178 178 156 142 142 179 179 204 241 241 247 248 248 247 247 247 247 247 247 247 247 247 247 247 247 247 247 247 247 247 247 
247 247 247 247 247 247 247 247 247 247 247 247 247 247 247 247 247 247 247 248 247 244 244 204 178 178 113 113 108 100 100 101 101 99 90 90 101 108 108 108 135 140 149 149 152 152 152 151 151 151 151 151 152 152 153 154 154 155 155 154 153 153 153 153 153 153 152 153 155 155 161 163 164 166 166 168 169 169 169 171 171 171 171 174 175 177 183 183 190 195 195 205 205 207 210 210 210 210 205 186 186 162 145 145 165 165 190 228 228 245 249 249 247 247 247 247 247 247 247 247 247 247 247 247 247 247 247 247 247 247 
247 247 247 247 247 247 247 247 247 247 247 247 247 247 247 247 247 247 249 249 246 234 234 176 137 137 107 107 103 97 97 100 101 99 92 92 106 115 115 115 138 141 146 146 148 148 148 149 149 150 150 150 150 150 151 153 153 154 154 154 154 154 154 154 154 154 154 155 157 157 162 163 163 164 164 166 167 167 167 170 170 171 171 173 174 176 182 182 186 189 189 200 200 203 208 208 210 211 208 198 198 170 151 151 145 145 170 208 208 242 251 250 247 247 247 247 247 247 247 247 247 247 247 247 247 247 247 247 247 247 
247 247 247 247 247 247 247 247 247 247 247 247 247 247 247 247 247 247 249 249 246 234 234 176 137 137 107 107 103 97 97 100 101 99 92 92 106 115 115 115 138 141 146 146 148 148 148 149 149 150 150 150 150 150 151 153 153 154 154 154 154 154 154 154 154 154 154 155 157 157 162 163 163 164 164 166 167 167 167 170 170 171 171 173 174 176 182 182 186 189 189 200 200 203 208 208 210 211 208 198 198 170 151 151 145 145 170 208 208 242 251 250 247 247 247 247 247 247 247 247 247 247 247 247 247 247 247 247 247 247 
247 247 247 247 247 247 247 247 247 247 247 247 247 247 247 247 247 247 250 251 242 205 205 149 112 112 99 99 99 100 100 94 92 92 93 93 104 112 112 112 135 137 141 141 142 142 143 144 144 145 145 145 148 148 150 152 152 154 154 154 156 156 155 155 155 155 156 157 159 159 162 163 163 165 165 168 170 170 170 175 175 175 175 177 178 179 183 183 186 188 188 195 195 197 201 201 205 206 205 200 200 178 164 164 147 147 163 185 185 233 245 246 248 248 247 247 247 247 247 247 247 247 247 247 247 247 247 247 247 247 
247 247 247 247 247 247 247 247 247 247 247 247 247 247 247 247 247 247 251 252 241 198 198 143 106 106 97 97 99 101 101 92 90 91 93 93 104 111 111 111 134 136 140 140 141 141 141 143 143 144 144 144 148 148 150 152 152 154 154 155 157 157 156 155 155 155 156 158 160 160 162 163 163 165 165 169 171 171 171 176 176 176 176 178 179 180 183 183 186 188 188 194 194 196 199 199 204 205 204 201 201 181 167 167 148 148 161 180 180 231 244 245 248 248 247 247 247 247 247 247 247 247 247 247 247 247 247 247 247 247 
247 247 247 247 247 247 247 247 247 247 247 247 247 247 247 247 247 247 250 252 239 189 189 137 103 103 97 97 99 103 103 94 92 92 92 92 103 110 110 110 132 135 139 139 139 139 140 141 141 142 142 142 146 146 148 151 151 154 154 155 157 157 156 155 155 155 156 158 160 160 162 163 163 165 165 169 172 172 172 178 178 178 178 179 180 181 184 184 187 189 189 194 194 195 198 198 203 204 203 201 201 181 167 167 151 151 161 177 177 226 238 240 248 248 247 247 247 247 247 247 247 247 247 247 247 247 247 247 247 247 
247 247 247 247 247 247 247 247 247 247 247 247 247 247 247 247 247 247 249 250 230 152 152 115 90 90 95 95 101 110 110 103 101 99 91 91 99 104 104 104 126 129 134 134 133 133 133 133 133 134 135 135 140 140 143 148 148 154 156 157 159 159 158 157 157 157 156 158 162 162 163 163 164 166 166 172 176 176 176 187 186 184 184 184 184 185 190 190 192 194 194 193 193 193 194 194 199 200 200 201 201 181 168 168 163 163 164 166 166 205 215 222 250 250 248 247 247 247 247 247 247 247 247 247 247 247 247 247 247 247 
247 247 247 247 247 247 247 247 247 247 247 247 247 247 247 247 247 247 249 250 230 152 152 115 90 90 95 95 101 110 110 103 101 99 91 91 99 104 104 104 126 129 134 134 133 133 133 133 133 134 135 135 140 140 143 148 148 154 156 157 159 159 158 157 157 157 156 158 162 162 163 163 164 166 166 172 176 176 176 187 186 184 184 184 184 185 190 190 192 194 194 193 193 193 194 194 199 200 200 201 201 181 168 168 163 163 164 166 166 205 215 222 250 250 248 247 247 247 247 247 247 247 247 247 247 247 247 247 247 247 
247 247 247 247 247 247 247 247 247 247 247 247 247 247 247 247 248 248 242 240 217 126 126 106 93 93 96 96 99 103 103 101 101 99 91 91 100 105 105 105 122 125 130 130 129 129 129 129 129 129 130 130 133 133 135 137 137 145 147 148 153 153 152 152 152 152 153 156 160 160 161 162 162 163 163 170 175 175 175 185 184 182 182 180 180 181 184 184 187 189 189 189 189 189 190 190 195 196 197 201 201 183 171 171 165 165 166 168 168 191 196 207 249 249 248 247 247 247 247 247 247 247 247 247 247 247 247 247 247 247 
247 247 247 247 247 247 247 247 247 247 247 247 247 247 247 248 249 249 237 234 209 108 108 100 95 95 97 97 98 99 99 101 101 99 91 91 100 106 106 106 120 123 127 127 127 127 127 126 126 127 127 127 128 128 129 130 130 139 141 143 149 149 148 148 148 148 151 154 158 158 160 161 161 162 162 169 174 174 174 184 182 180 180 178 177 178 180 180 183 185 185 186 186 186 187 187 193 194 196 202 202 185 174 174 167 167 168 170 170 181 184 197 248 248 247 247 247 247 247 247 247 247 247 247 247 247 247 247 247 247 
247 247 247 247 247 247 247 247 247 247 247 247 247 247 247 248 249 249 237 234 209 108 108 100 95 95 97 97 98 99 99 101 101 99 91 91 100 106 106 106 120 123 127 127 127 127 127 126 126 127 127 127 128 128 129 130 130 139 141 143 149 149 148 148 148 148 151 154 158 158 160 161 161 162 162 169 174 174 174 184 182 180 180 178 177 178 180 180 183 185 185 186 186 186 187 187 193 194 196 202 202 185 174 174 167 167 168 170 170 181 184 197 248 248 247 247 247 247 247 247 247 247 247 247 247 247 247 247 247 247 
247 247 247 247 247 247 247 247 247 247 247 247 247 247 247 249 251 251 226 220 194 90 90 91 91 91 98 98 101 106 106 104 103 102 98 98 100 102 102 102 111 115 122 122 122 122 122 121 121 122 123 123 123 123 123 124 124 130 132 134 142 142 144 145 145 145 146 150 155 155 158 159 159 161 161 166 170 170 170 181 180 179 179 177 176 177 179 179 181 183 183 183 183 183 184 184 185 185 188 198 198 187 180 180 163 163 171 184 184 182 181 193 243 243 246 248 248 248 247 247 247 247 247 247 247 247 247 247 247 247 
247 247 247 247 247 247 247 247 247 247 247 247 247 247 247 249 251 251 226 220 194 90 90 91 91 91 98 98 101 106 106 104 103 102 98 98 100 102 102 102 111 115 122 122 122 122 122 121 121 122 123 123 123 123 123 124 124 130 132 134 142 142 144 145 145 145 146 150 155 155 158 159 159 161 161 166 170 170 170 181 180 179 179 177 176 177 179 179 181 183 183 183 183 183 184 184 185 185 188 198 198 187 180 180 163 163 171 184 184 182 181 193 243 243 246 248 248 248 247 247 247 247 247 247 247 247 247 247 247 247 
247 247 247 247 247 247 247 247 247 247 247 247 247 247 247 249 251 251 221 214 189 91 91 91 91 91 102 102 106 112 112 104 102 101 98 98 101 104 104 104 112 115 119 119 121 121 121 122 122 124 125 125 127 127 128 129 129 135 136 138 145 145 147 148 148 148 149 152 157 157 159 160 160 161 161 164 167 167 167 178 177 177 177 176 176 176 178 178 181 183 183 184 184 184 185 185 185 185 187 196 196 188 182 182 167 167 173 181 181 177 176 189 239 239 245 248 248 248 247 247 247 247 247 247 247 247 247 247 247 247 
247 247 247 247 247 247 247 247 247 247 247 247 247 247 247 249 252 252 214 205 183 93 93 92 91 91 107 107 113 121 121 105 101 100 98 98 103 107 107 107 114 114 115 115 119 120 121 125 125 126 127 127 133 133 135 138 138 142 143 144 150 150 151 152 152 152 154 156 159 159 161 161 161 161 161 162 162 162 162 173 173 174 174 176 176 176 178 178 182 184 184 186 186 186 186 186 185 185 186 192 192 188 186 186 173 173 175 178 178 171 169 182 234 234 243 249 249 249 247 247 247 247 247 247 247 247 247 247 247 247 
247 247 247 247 247 247 247 247 247 247 247 247 247 247 247 249 252 252 214 205 183 93 93 92 91 91 107 107 113 121 121 105 101 100 98 98 103 107 107 107 114 114 115 115 119 120 121 125 125 126 127 127 133 133 135 138 138 142 143 144 150 150 151 152 152 152 154 156 159 159 161 161 161 161 161 162 162 162 162 173 173 174 174 176 176 176 178 178 182 184 184 186 186 186 186 186 185 185 186 192 192 188 186 186 173 173 175 178 178 171 169 182 234 234 243 249 249 249 247 247 247 247 247 247 247 247 247 247 247 247 
247 247 247 247 247 247 247 247 247 247 247 247 247 247 247 249 253 253 201 188 169 90 90 92 93 93 119 119 121 125 125 110 106 105 101 101 109 114 114 114 120 118 116 116 117 118 119 124 124 130 133 133 139 139 142 145 145 148 148 150 154 154 156 157 157 157 159 161 165 165 164 164 164 164 164 163 162 162 162 169 171 174 174 177 177 178 181 181 185 188 188 191 191 189 187 187 184 183 185 189 189 192 193 193 180 180 178 175 175 171 171 181 222 222 239 250 250 250 247 247 247 247 247 247 247 247 247 247 247 247 
247 247 247 247 247 247 247 247 247 247 247 247 247 247 247 249 253 253 198 184 165 90 90 92 94 94 122 122 124 126 126 111 107 106 102 102 110 116 116 116 121 119 116 116 117 117 118 124 124 131 135 135 141 141 143 147 147 149 150 151 155 155 157 158 158 158 160 162 166 166 165 165 165 165 165 163 162 162 162 168 170 174 174 177 178 179 182 182 186 189 189 192 192 190 187 187 184 183 184 189 189 193 195 195 182 182 179 174 174 172 171 181 219 219 238 250 250 250 247 247 247 247 247 247 247 247 247 247 247 247 
247 247 247 247 247 247 247 247 247 247 247 247 247 247 247 249 253 253 196 182 164 92 92 93 94 94 121 121 122 124 124 110 107 106 103 103 111 117 117 117 122 120 117 117 117 117 118 124 124 130 135 135 141 141 143 147 147 149 150 151 154 154 156 157 157 157 160 162 166 166 165 165 165 165 165 163 162 162 162 167 170 174 174 177 177 178 182 182 186 188 188 191 191 189 187 187 184 184 185 188 188 192 194 194 184 184 181 176 176 173 172 181 216 216 237 250 250 250 247 247 247 247 247 247 247 247 247 247 247 247 
247 247 247 247 247 247 247 247 247 247 247 247 247 247 247 249 252 252 192 177 161 99 99 98 97 97 115 115 115 116 116 109 107 107 106 106 114 120 120 120 125 124 123 123 120 119 120 123 123 130 135 135 142 142 144 146 146 148 149 149 150 150 154 156 156 156 160 162 165 165 167 167 167 167 167 163 161 161 161 165 170 177 177 176 176 177 180 180 184 186 186 187 187 187 187 187 187 187 187 186 186 190 192 192 194 194 191 186 186 180 178 184 206 206 232 250 250 250 247 247 247 247 247 247 247 247 247 247 247 247 
247 247 247 247 247 247 247 247 247 247 247 247 247 247 247 249 252 252 192 177 161 99 99 98 97 97 115 115 115 116 116 109 107 107 106 106 114 120 120 120 125 124 123 123 120 119 120 123 123 130 135 135 142 142 144 146 146 148 149 149 150 150 154 156 156 156 160 162 165 165 167 167 167 167 167 163 161 161 161 165 170 177 177 176 176 177 180 180 184 186 186 187 187 187 187 187 187 187 187 186 186 190 192 192 194 194 191 186 186 180 178 184 206 206 232 250 250 250 247 247 247 247 247 247 247 247 247 247 247 247 
247 247 247 247 247 247 247 247 247 247 247 247 247 247 247 249 251 251 182 165 152 103 103 99 98 98 108 108 107 106 106 106 106 106 109 109 115 119 119 119 120 120 120 120 122 123 124 128 128 132 135 135 140 140 140 142 142 141 141 141 141 141 144 147 147 147 152 154 156 156 158 159 160 164 164 159 156 156 156 158 164 172 172 170 169 170 171 171 175 177 177 181 181 183 186 186 191 192 192 193 193 193 194 194 196 196 194 191 191 182 180 185 208 208 233 250 250 250 247 247 247 247 247 247 247 247 247 247 247 247 
247 247 247 247 247 247 247 247 247 247 247 247 247 247 247 249 251 251 176 157 147 105 105 101 98 98 103 103 102 100 100 104 105 106 112 112 116 118 118 118 117 117 118 118 124 126 127 131 131 133 135 135 138 138 138 139 139 137 136 136 135 135 139 141 141 141 147 148 150 150 153 154 156 162 162 157 153 153 153 154 160 168 168 166 165 165 166 166 170 172 172 177 177 181 186 186 193 195 196 198 198 196 195 195 197 197 196 195 195 184 181 187 210 210 234 250 250 250 247 247 247 247 247 247 247 247 247 247 247 247 
247 247 247 247 247 247 247 247 247 247 247 247 247 247 247 249 251 251 176 157 147 105 105 101 98 98 103 103 102 100 100 104 105 106 112 112 116 118 118 118 117 117 118 118 124 126 127 131 131 133 135 135 138 138 138 139 139 137 136 136 135 135 139 141 141 141 147 148 150 150 153 154 156 162 162 157 153 153 153 154 160 168 168 166 165 165 166 166 170 172 172 177 177 181 186 186 193 195 196 198 198 196 195 195 197 197 196 195 195 184 181 187 210 210 234 250 250 250 247 247 247 247 247 247 247 247 247 247 247 247 
247 247 247 247 247 247 247 247 247 247 247 247 247 247 247 249 251 251 176 157 147 105 105 101 98 98 103 103 102 100 100 104 105 106 112 112 116 118 118 118 117 117 118 118 124 126 127 131 131 133 135 135 138 138 138 139 139 137 136 136 135 135 139 141 141 141 147 148 150 150 153 154 156 162 162 157 153 153 153 154 160 168 168 166 165 165 166 166 170 172 172 177 177 181 186 186 193 195 196 198 198 196 195 195 197 197 196 195 195 184 181 187 210 210 234 250 250 250 247 247 247 247 247 247 247 247 247 247 247 247 
247 247 247 247 247 247 247 247 247 247 247 247 247 248 248 248 248 248 161 139 129 88 88 84 82 82 91 91 91 90 90 103 106 108 115 115 117 119 119 119 118 120 124 124 133 135 136 138 138 138 138 138 131 131 126 118 118 112 110 110 112 112 114 115 115 115 123 126 130 130 132 133 136 146 146 142 139 139 139 137 139 143 143 128 124 122 112 112 110 109 109 123 123 129 137 137 151 155 161 187 187 197 203 203 197 197 196 195 195 180 176 182 207 207 233 250 250 250 247 247 247 247 247 247 247 247 247 247 247 247 
247 247 247 247 247 247 247 247 247 247 247 247 247 248 248 247 247 247 156 134 123 82 82 80 78 78 88 88 90 93 93 105 109 110 117 117 119 120 120 120 120 124 129 129 133 134 132 125 125 121 118 118 107 107 102 95 95 90 89 89 90 90 93 96 96 96 108 112 118 118 123 125 128 143 143 139 136 136 136 132 129 126 126 106 101 98 83 83 80 78 78 90 90 97 106 106 121 124 131 160 160 182 198 198 199 199 199 198 198 180 176 182 206 206 232 250 250 250 247 247 247 247 247 247 247 247 247 247 247 247 
247 247 247 247 247 247 247 247 247 247 247 247 247 248 248 247 245 245 150 126 115 73 73 73 73 73 85 85 90 97 97 110 113 114 120 120 121 122 122 122 123 128 136 136 133 132 127 106 106 95 88 88 71 71 67 61 61 59 58 58 57 57 63 67 67 67 85 91 101 101 111 113 118 138 138 135 133 133 133 124 115 101 101 75 68 62 40 40 36 33 33 41 41 49 61 61 75 78 86 119 119 162 190 190 203 203 203 203 203 181 176 182 204 204 232 250 250 250 247 247 247 247 247 247 247 247 247 247 247 247 
247 247 247 247 247 247 247 247 247 247 247 247 247 248 248 247 245 245 150 126 115 73 73 73 73 73 85 85 90 97 97 110 113 114 120 120 121 122 122 122 123 128 136 136 133 132 127 106 106 95 88 88 71 71 67 61 61 59 58 58 57 57 63 67 67 67 85 91 101 101 111 113 118 138 138 135 133 133 133 124 115 101 101 75 68 62 40 40 36 33 33 41 41 49 61 61 75 78 86 119 119 162 190 190 203 203 203 203 203 181 176 182 204 204 232 250 250 250 247 247 247 247 247 247 247 247 247 247 247 247 
247 247 247 247 247 247 247 247 247 247 247 247 247 248 248 246 244 244 146 122 110 65 65 70 74 74 85 85 93 105 105 114 117 118 122 122 122 123 123 123 124 123 121 121 97 90 84 58 58 51 46 46 42 42 41 40 40 38 37 37 38 38 43 46 46 46 58 65 75 75 98 104 110 135 135 140 142 142 142 120 104 81 81 71 69 67 60 60 61 62 62 74 74 82 92 92 99 101 101 99 99 127 146 146 201 201 204 209 209 183 176 181 201 201 230 250 250 250 247 247 247 247 247 247 247 247 247 247 247 247 
247 247 247 247 247 247 247 247 247 247 247 247 247 248 248 246 244 244 146 121 109 63 63 70 74 74 85 85 94 107 107 116 118 119 122 122 123 123 123 123 124 122 118 118 88 80 73 46 46 40 36 36 35 35 35 35 35 33 32 32 33 33 38 41 41 41 51 58 69 69 95 102 109 135 135 141 145 145 145 119 102 76 76 70 69 68 65 65 67 69 69 83 83 90 100 100 106 107 104 94 94 119 135 135 201 201 205 211 211 183 176 181 200 200 230 250 250 250 247 247 247 247 247 247 247 247 247 247 247 247 
247 247 247 247 247 247 247 247 247 247 247 247 247 249 249 247 244 244 146 122 110 65 65 70 73 73 83 83 93 108 108 117 119 120 122 122 122 122 122 122 123 117 108 108 80 73 68 48 48 45 43 43 44 44 44 45 45 40 39 39 39 39 44 47 47 47 53 59 69 69 95 102 109 137 137 144 148 148 148 120 103 78 78 73 71 70 63 63 64 64 64 76 76 83 93 93 101 103 102 99 99 120 134 134 196 196 202 212 212 183 176 180 199 199 230 250 250 250 247 247 247 247 247 247 247 247 247 247 247 247 
247 247 247 247 247 247 247 247 247 247 247 247 247 252 252 250 247 247 149 124 114 73 73 72 71 71 78 78 91 110 110 121 124 124 124 124 122 121 121 121 118 99 71 71 49 44 47 57 57 65 71 71 82 82 84 86 86 72 68 67 64 64 69 73 73 73 62 64 68 68 94 101 110 145 145 155 162 162 162 127 111 87 87 82 81 76 57 57 50 46 46 50 50 56 66 66 83 87 93 118 118 126 131 131 177 177 192 215 215 183 175 180 198 198 230 251 251 251 249 248 247 247 247 247 247 247 247 247 247 247 
247 247 247 247 247 247 247 247 247 247 247 247 247 252 252 250 247 247 149 124 114 73 73 72 71 71 78 78 91 110 110 121 124 124 124 124 122 121 121 121 118 99 71 71 49 44 47 57 57 65 71 71 82 82 84 86 86 72 68 67 64 64 69 73 73 73 62 64 68 68 94 101 110 145 145 155 162 162 162 127 111 87 87 82 81 76 57 57 50 46 46 50 50 56 66 66 83 87 93 118 118 126 131 131 177 177 192 215 215 183 175 180 198 198 230 251 251 251 249 248 247 247 247 247 247 247 247 247 247 247 
247 247 247 247 247 247 247 247 247 247 247 247 247 234 234 231 228 228 147 128 118 78 78 73 69 69 79 79 93 115 115 125 128 127 125 125 123 123 123 123 101 87 67 67 60 58 58 57 57 53 50 50 47 47 50 54 54 59 60 59 54 54 60 64 64 64 57 62 68 68 99 107 116 151 151 161 168 168 168 132 113 83 83 73 70 67 58 58 52 49 49 52 52 59 69 69 71 72 74 81 81 106 123 123 170 170 187 213 213 182 174 175 177 177 204 222 222 222 241 244 248 248 247 247 247 247 247 247 247 247 
247 247 247 247 247 247 247 247 247 247 247 247 247 222 222 219 215 215 147 130 120 82 82 74 68 68 80 80 95 118 118 128 130 129 125 125 124 124 124 124 90 80 64 64 67 68 66 57 57 45 37 37 24 24 28 33 33 51 55 53 47 47 54 58 58 58 54 60 68 68 103 112 121 155 155 165 172 172 172 136 114 81 81 67 63 62 58 58 54 51 51 53 53 61 72 72 64 62 61 56 56 93 118 118 165 165 184 212 212 182 174 172 163 163 187 203 203 203 236 241 248 248 247 247 247 247 247 247 247 247 
247 247 247 247 247 247 247 247 247 247 247 247 247 222 222 219 215 215 147 130 120 82 82 74 68 68 80 80 95 118 118 128 130 129 125 125 124 124 124 124 90 80 64 64 67 68 66 57 57 45 37 37 24 24 28 33 33 51 55 53 47 47 54 58 58 58 54 60 68 68 103 112 121 155 155 165 172 172 172 136 114 81 81 67 63 62 58 58 54 51 51 53 53 61 72 72 64 62 61 56 56 93 118 118 165 165 184 212 212 182 174 172 163 163 187 203 203 203 236 241 248 248 247 247 247 247 247 247 247 247 
247 247 247 247 247 247 247 248 252 252 227 210 210 95 95 101 109 109 91 87 84 72 72 69 67 67 90 90 105 127 127 125 125 125 125 125 123 121 121 121 93 86 76 76 47 40 39 34 34 44 51 51 59 59 65 75 75 98 104 101 90 90 74 64 64 64 58 62 69 69 107 117 123 148 148 159 166 166 166 144 131 111 111 97 93 90 79 79 84 88 88 115 115 124 138 138 146 148 142 118 118 99 87 87 139 139 168 211 211 190 185 178 150 150 142 137 137 137 205 224 252 252 248 247 247 247 247 247 247 247 
247 247 247 247 247 247 247 248 252 252 227 210 210 95 95 101 109 109 91 87 84 72 72 69 67 67 90 90 105 127 127 125 125 125 125 125 123 121 121 121 93 86 76 76 47 40 39 34 34 44 51 51 59 59 65 75 75 98 104 101 90 90 74 64 64 64 58 62 69 69 107 117 123 148 148 159 166 166 166 144 131 111 111 97 93 90 79 79 84 88 88 115 115 124 138 138 146 148 142 118 118 99 87 87 139 139 168 211 211 190 185 178 150 150 142 137 137 137 205 224 252 252 248 247 247 247 247 247 247 247 
247 247 247 247 247 247 247 248 252 252 219 198 198 88 88 94 104 104 94 91 88 77 77 71 68 68 95 95 108 127 127 124 123 123 122 122 116 112 112 112 85 77 66 66 50 46 47 51 51 60 67 67 72 72 76 83 83 94 97 95 84 84 75 69 69 69 67 71 78 78 112 120 125 146 146 157 165 165 165 150 139 122 122 111 108 105 92 92 92 92 92 108 108 115 126 126 136 139 136 125 125 114 106 106 141 141 167 205 205 194 192 185 160 160 145 135 135 135 203 223 252 252 248 247 247 247 247 247 247 247 
247 247 247 247 247 247 247 248 253 253 209 179 179 77 77 85 98 98 97 97 94 84 84 75 69 69 103 103 113 128 128 121 119 119 118 118 107 99 99 99 73 64 51 51 53 54 58 76 76 85 91 91 93 93 93 94 94 89 88 85 75 75 77 78 78 78 80 85 92 92 118 125 128 142 142 155 163 163 163 160 152 139 139 133 131 127 113 113 105 99 99 97 97 101 107 107 121 125 127 136 136 135 135 135 144 144 165 197 197 201 202 196 174 174 149 133 133 133 201 221 252 252 248 247 247 247 247 247 247 247 
247 247 247 247 247 247 247 248 253 253 209 179 179 77 77 85 98 98 97 97 94 84 84 75 69 69 103 103 113 128 128 121 119 119 118 118 107 99 99 99 73 64 51 51 53 54 58 76 76 85 91 91 93 93 93 94 94 89 88 85 75 75 77 78 78 78 80 85 92 92 118 125 128 142 142 155 163 163 163 160 152 139 139 133 131 127 113 113 105 99 99 97 97 101 107 107 121 125 127 136 136 135 135 135 144 144 165 197 197 201 202 196 174 174 149 133 133 133 201 221 252 252 248 247 247 247 247 247 247 247 
247 247 247 247 247 247 247 248 253 253 209 180 180 91 91 99 111 111 103 102 103 106 106 90 79 79 98 98 109 126 126 122 121 119 114 114 103 97 97 97 80 79 78 78 79 80 79 80 80 79 79 79 82 82 86 92 92 97 98 100 105 105 108 109 109 109 99 103 109 109 127 132 135 145 145 154 160 160 160 170 165 157 157 154 153 152 148 148 143 140 140 133 133 133 133 133 136 136 138 148 148 156 162 162 167 167 177 192 192 202 205 200 180 180 156 140 140 140 196 218 252 252 248 247 247 247 247 247 247 247 
247 247 247 247 247 247 247 248 253 253 209 180 180 95 95 103 114 114 105 103 105 112 112 93 81 81 97 97 109 126 126 122 121 119 113 113 103 96 96 96 82 83 85 85 86 86 85 81 81 78 76 76 79 79 84 91 91 99 101 103 113 113 115 117 117 117 104 108 113 113 130 134 136 146 146 154 160 160 160 172 168 162 162 160 159 159 157 157 153 150 150 142 142 141 140 140 139 139 141 151 151 162 169 169 173 173 180 191 191 203 206 201 182 182 158 142 142 142 195 218 252 252 248 247 247 247 247 247 247 247 
247 247 247 247 247 247 247 248 253 253 208 178 178 96 96 104 116 116 108 107 108 112 112 95 84 84 98 98 109 126 126 122 121 119 114 114 105 100 100 100 89 91 93 93 93 93 92 89 89 87 85 85 89 89 93 99 99 105 107 108 116 116 117 117 117 117 106 110 116 116 131 135 138 148 148 155 160 160 160 174 170 164 164 161 160 160 159 159 154 152 152 146 146 145 144 144 143 142 145 153 153 164 172 172 177 177 183 191 191 202 205 200 182 182 159 144 144 144 193 217 252 252 248 247 247 247 247 247 247 247 
247 247 247 247 247 247 247 248 253 253 205 173 173 102 102 110 123 123 122 122 120 111 111 101 95 95 102 102 112 126 126 121 120 119 117 117 116 115 115 115 118 121 125 125 121 120 120 120 120 121 122 122 131 131 131 130 130 129 129 129 129 129 121 116 116 116 115 120 128 128 138 140 143 154 154 159 163 163 163 180 178 174 174 167 165 165 165 165 162 160 160 160 160 161 162 162 158 157 158 162 162 175 184 184 196 196 194 191 191 197 199 196 184 184 164 151 151 151 187 213 252 252 248 247 247 247 247 247 247 247 
247 247 247 247 247 247 247 248 253 253 205 173 173 102 102 110 123 123 122 122 120 111 111 101 95 95 102 102 112 126 126 121 120 119 117 117 116 115 115 115 118 121 125 125 121 120 120 120 120 121 122 122 131 131 131 130 130 129 129 129 129 129 121 116 116 116 115 120 128 128 138 140 143 154 154 159 163 163 163 180 178 174 174 167 165 165 165 165 162 160 160 160 160 161 162 162 158 157 158 162 162 175 184 184 196 196 194 191 191 197 199 196 184 184 164 151 151 151 187 213 252 252 248 247 247 247 247 247 247 247 
247 247 247 247 247 247 247 248 253 253 210 182 182 107 107 113 123 123 114 112 107 88 88 98 104 104 117 117 119 123 123 120 119 119 121 121 119 118 118 118 130 133 139 139 136 135 135 136 136 136 136 136 139 139 136 131 131 130 130 129 128 128 120 115 115 115 112 117 125 125 139 143 145 155 155 158 161 161 161 177 177 176 176 158 154 152 143 143 150 155 155 166 166 167 168 168 166 165 166 169 169 177 183 183 199 199 199 199 199 188 186 183 171 171 164 160 160 160 198 219 251 251 248 247 247 247 247 247 247 247 
247 247 247 247 247 247 247 248 253 253 214 188 188 111 111 116 123 123 109 106 99 73 73 95 110 110 127 127 125 121 121 119 119 120 123 123 122 121 121 121 138 142 148 148 146 145 145 147 147 146 145 145 144 144 139 132 132 130 130 130 128 128 120 114 114 114 110 115 123 123 141 145 147 155 155 158 160 160 160 176 177 178 178 153 147 143 129 129 143 152 152 170 170 171 172 172 171 171 171 173 173 179 183 183 201 201 203 205 205 183 177 174 162 162 164 166 166 166 206 224 251 251 248 247 247 247 247 247 247 247 
247 247 247 247 247 247 247 248 253 253 214 188 188 111 111 116 123 123 109 106 99 73 73 95 110 110 127 127 125 121 121 119 119 120 123 123 122 121 121 121 138 142 148 148 146 145 145 147 147 146 145 145 144 144 139 132 132 130 130 130 128 128 120 114 114 114 110 115 123 123 141 145 147 155 155 158 160 160 160 176 177 178 178 153 147 143 129 129 143 152 152 170 170 171 172 172 171 171 171 173 173 179 183 183 201 201 203 205 205 183 177 174 162 162 164 166 166 166 206 224 251 251 248 247 247 247 247 247 247 247 
247 247 247 247 247 247 247 248 253 253 214 188 188 111 111 116 123 123 109 106 99 73 73 95 110 110 127 127 125 121 121 119 119 120 123 123 122 121 121 121 138 142 148 148 146 145 145 147 147 146 145 145 144 144 139 132 132 130 130 130 128 128 120 114 114 114 110 115 123 123 141 145 147 155 155 158 160 160 160 176 177 178 178 153 147 143 129 129 143 152 152 170 170 171 172 172 171 171 171 173 173 179 183 183 201 201 203 205 205 183 177 174 162 162 164 166 166 166 206 224 251 251 248 247 247 247 247 247 247 247 
247 247 247 247 247 247 247 248 250 250 239 231 231 130 130 120 105 105 88 84 79 58 58 92 114 114 132 132 126 116 116 122 123 123 124 124 128 130 130 130 146 147 148 148 146 145 146 148 148 150 151 151 145 145 142 138 138 134 133 127 102 102 98 96 96 96 113 119 127 127 142 146 147 153 153 154 155 155 155 169 177 188 188 170 165 160 140 140 116 100 100 119 119 134 157 157 169 172 174 182 182 186 188 188 193 193 201 212 212 190 185 179 153 153 172 184 184 184 236 241 249 249 247 247 247 247 247 247 247 247 
247 247 247 247 247 247 247 247 249 249 242 238 238 142 142 126 101 101 87 83 81 69 69 98 117 117 131 131 125 115 115 119 120 120 122 122 127 130 130 130 142 142 142 142 142 142 143 146 146 148 148 148 142 142 139 134 134 120 117 112 95 95 106 112 112 112 125 127 130 130 140 142 144 152 152 153 155 155 155 170 177 186 186 175 173 170 161 161 135 118 118 99 99 112 132 132 155 160 164 177 177 181 184 184 188 188 196 209 209 190 185 178 149 149 172 188 188 188 241 244 248 248 247 247 247 247 247 247 247 247 
247 247 247 247 247 247 247 247 247 247 248 249 249 159 159 134 96 96 86 83 84 86 86 108 123 123 131 131 125 115 115 115 115 116 120 120 126 130 130 130 136 135 134 134 137 138 139 144 144 145 145 145 138 138 134 127 127 99 92 91 86 86 117 137 137 137 142 139 134 134 136 137 140 150 150 152 154 154 154 173 177 183 183 184 184 186 192 192 164 146 146 69 69 80 96 96 134 143 148 170 170 175 179 179 181 181 190 204 204 190 186 177 142 142 173 194 194 194 248 248 247 247 247 247 247 247 247 247 247 247 
247 247 247 247 247 247 247 247 247 247 248 249 249 159 159 134 96 96 86 83 84 86 86 108 123 123 131 131 125 115 115 115 115 116 120 120 126 130 130 130 136 135 134 134 137 138 139 144 144 145 145 145 138 138 134 127 127 99 92 91 86 86 117 137 137 137 142 139 134 134 136 137 140 150 150 152 154 154 154 173 177 183 183 184 184 186 192 192 164 146 146 69 69 80 96 96 134 143 148 170 170 175 179 179 181 181 190 204 204 190 186 177 142 142 173 194 194 194 248 248 247 247 247 247 247 247 247 247 247 247 
247 247 247 247 247 247 247 247 247 247 250 252 252 175 175 143 94 94 90 88 91 103 103 118 128 128 131 131 126 120 120 115 113 114 116 116 119 121 121 121 120 119 119 119 121 121 122 126 126 126 127 127 122 122 112 96 96 77 72 77 99 99 114 124 124 124 123 119 112 112 106 104 108 124 124 132 136 136 136 148 148 147 147 141 140 141 144 144 145 146 146 101 101 87 67 67 96 103 110 137 137 147 153 153 166 166 177 193 193 190 190 181 146 146 177 197 197 197 249 248 247 247 247 247 247 247 247 247 247 247 
247 247 247 247 247 247 247 247 247 247 251 253 253 179 179 145 94 94 91 90 93 107 107 121 130 130 131 131 127 121 121 115 113 113 115 115 117 119 119 119 116 116 115 115 117 117 118 122 122 122 122 122 118 118 106 89 89 71 67 74 102 102 113 121 121 121 119 114 106 106 98 96 100 118 118 126 132 132 132 142 140 138 138 131 129 130 132 132 140 146 146 109 109 89 60 60 86 93 100 129 129 140 147 147 162 162 173 190 190 191 191 182 147 147 178 198 198 198 250 249 247 247 247 247 247 247 247 247 247 247 
247 247 247 247 247 247 247 247 247 247 250 253 253 183 183 149 96 96 93 92 95 108 108 121 129 129 131 131 127 121 121 115 114 114 115 115 116 116 116 116 112 111 111 111 113 114 114 118 118 118 118 118 111 111 100 83 83 71 69 74 97 97 104 109 109 109 105 101 94 94 89 88 92 110 110 119 126 126 126 137 135 132 132 124 122 124 130 130 139 146 146 115 115 95 64 64 81 85 93 122 122 134 143 143 159 159 170 187 187 189 190 182 151 151 180 200 200 200 250 249 247 247 247 247 247 247 247 247 247 247 
247 247 247 247 247 247 247 247 247 247 250 252 252 202 202 164 107 107 101 100 102 111 111 120 126 126 131 131 128 123 123 119 118 117 115 115 109 105 105 105 94 95 97 97 99 100 101 104 104 103 103 103 86 86 75 58 58 72 76 77 79 79 68 60 60 60 52 50 48 48 53 54 59 79 79 92 100 100 100 115 112 107 107 97 95 100 122 122 136 145 145 142 142 118 83 83 61 55 63 93 93 113 126 126 147 147 158 175 175 185 187 183 167 167 192 208 208 208 250 249 247 247 247 247 247 247 247 247 247 247 
247 247 247 247 247 247 247 247 247 247 250 252 252 202 202 164 107 107 101 100 102 111 111 120 126 126 131 131 128 123 123 119 118 117 115 115 109 105 105 105 94 95 97 97 99 100 101 104 104 103 103 103 86 86 75 58 58 72 76 77 79 79 68 60 60 60 52 50 48 48 53 54 59 79 79 92 100 100 100 115 112 107 107 97 95 100 122 122 136 145 145 142 142 118 83 83 61 55 63 93 93 113 126 126 147 147 158 175 175 185 187 183 167 167 192 208 208 208 250 249 247 247 247 247 247 247 247 247 247 247 
247 247 247 247 247 247 247 247 247 247 249 250 250 220 220 179 118 118 110 108 109 113 113 117 119 119 128 128 126 123 123 120 119 118 112 112 102 95 95 95 87 88 89 89 90 91 91 93 93 90 88 88 65 65 64 61 61 75 78 78 79 79 68 61 61 61 51 49 46 46 46 46 49 65 65 78 86 86 86 108 114 122 122 124 125 127 136 136 142 146 146 145 145 130 107 107 70 61 63 71 71 94 110 110 139 139 150 166 166 179 183 182 181 181 203 219 219 219 249 248 247 247 247 247 247 247 247 247 247 247 
247 247 247 247 247 247 247 247 247 247 248 249 249 232 232 189 125 125 116 114 114 114 114 115 115 115 127 127 126 124 124 121 120 118 110 110 97 88 88 88 82 83 84 84 85 85 85 86 86 81 78 78 52 52 57 64 64 77 80 80 79 79 69 62 62 62 50 48 45 45 41 40 43 56 56 69 77 77 77 104 115 132 132 142 145 145 146 146 147 147 147 147 147 138 124 124 77 65 63 57 57 82 99 99 134 134 144 160 160 176 180 182 190 190 212 226 226 226 249 248 247 247 247 247 247 247 247 247 247 247 
247 247 247 247 247 247 247 247 247 247 248 249 249 232 232 189 125 125 116 114 114 114 114 115 115 115 127 127 126 124 124 121 120 118 110 110 97 88 88 88 82 83 84 84 85 85 85 86 86 81 78 78 52 52 57 64 64 77 80 80 79 79 69 62 62 62 50 48 45 45 41 40 43 56 56 69 77 77 77 104 115 132 132 142 145 145 146 146 147 147 147 147 147 138 124 124 77 65 63 57 57 82 99 99 134 134 144 160 160 176 180 182 190 190 212 226 226 226 249 248 247 247 247 247 247 247 247 247 247 247 
247 247 247 247 247 247 247 247 247 247 248 249 249 232 232 189 125 125 116 114 114 114 114 115 115 115 127 127 126 124 124 121 120 118 110 110 97 88 88 88 82 83 84 84 85 85 85 86 86 81 78 78 52 52 57 64 64 77 80 80 79 79 69 62 62 62 50 48 45 45 41 40 43 56 56 69 77 77 77 104 115 132 132 142 145 145 146 146 147 147 147 147 147 138 124 124 77 65 63 57 57 82 99 99 134 134 144 160 160 176 180 182 190 190 212 226 226 226 249 248 247 247 247 247 247 247 247 247 247 247 
247 247 247 247 247 247 247 247 247 247 247 247 247 251 251 226 188 188 146 135 135 134 134 126 121 121 136 136 130 122 122 122 122 120 110 110 93 81 81 81 73 74 76 76 72 71 71 69 69 59 53 53 59 59 67 78 78 84 85 85 87 87 86 85 85 85 81 81 80 80 83 84 87 99 99 103 106 106 106 113 122 136 136 146 149 149 149 149 148 147 147 142 142 140 138 138 116 110 100 60 60 69 75 75 132 132 140 153 153 171 175 180 201 201 226 243 243 243 248 248 247 247 247 247 247 247 247 247 247 247 
247 247 247 247 247 247 247 247 247 247 247 247 247 250 250 233 207 207 152 139 136 126 126 140 150 150 153 153 140 120 120 122 123 120 110 110 94 83 83 83 72 73 75 75 71 70 70 66 66 60 57 57 63 63 69 79 79 85 87 87 90 90 90 91 91 91 88 89 90 90 93 93 96 108 108 111 113 113 113 120 127 137 137 144 146 146 144 144 144 144 144 141 141 140 138 138 122 118 109 73 73 76 78 78 131 131 141 155 155 167 170 174 191 191 222 243 243 243 248 248 247 247 247 247 247 247 247 247 247 247 
247 247 247 247 247 247 247 247 247 247 247 247 247 249 249 244 236 236 162 144 138 115 115 162 193 193 178 178 154 117 117 123 124 121 109 109 95 86 86 86 70 72 75 75 71 70 68 62 62 62 62 62 70 70 74 80 80 87 89 90 95 95 97 99 99 99 100 102 104 104 107 108 111 122 122 124 125 125 125 130 134 140 140 142 142 141 138 138 139 139 139 139 139 139 139 139 131 129 122 92 92 86 82 82 131 131 141 157 157 161 162 165 176 176 216 242 242 242 248 248 247 247 247 247 247 247 247 247 247 247 
247 247 247 247 247 247 247 247 247 247 247 247 247 249 249 244 236 236 162 144 138 115 115 162 193 193 178 178 154 117 117 123 124 121 109 109 95 86 86 86 70 72 75 75 71 70 68 62 62 62 62 62 70 70 74 80 80 87 89 90 95 95 97 99 99 99 100 102 104 104 107 108 111 122 122 124 125 125 125 130 134 140 140 142 142 141 138 138 139 139 139 139 139 139 139 139 131 129 122 92 92 86 82 82 131 131 141 157 157 161 162 165 176 176 216 242 242 242 248 248 247 247 247 247 247 247 247 247 247 247 
247 247 247 247 247 247 247 247 247 247 247 247 247 247 247 247 245 245 196 184 181 170 170 212 240 240 195 195 162 113 113 118 119 117 107 107 98 92 92 92 70 73 77 77 77 77 74 64 64 68 70 70 76 76 78 82 82 82 83 82 80 80 79 78 78 78 75 75 74 74 76 77 79 90 90 98 103 103 103 108 110 113 113 115 115 114 108 108 88 74 74 73 73 86 105 105 112 114 111 101 101 104 106 106 132 132 148 170 170 210 219 218 214 214 233 246 246 246 247 247 247 247 247 247 247 247 247 247 247 247 
247 247 247 247 247 247 247 247 247 247 247 247 247 247 247 247 248 248 205 194 192 184 184 225 252 252 199 199 164 112 112 117 118 116 107 107 99 94 94 94 70 73 78 78 79 79 76 65 65 69 72 72 77 77 79 82 82 81 81 80 76 76 74 73 73 73 69 68 67 67 69 69 72 82 82 91 97 97 97 102 104 106 106 108 109 107 101 101 75 58 58 56 56 72 97 97 107 110 109 103 103 108 112 112 133 133 149 174 174 222 234 232 224 224 238 247 247 247 247 247 247 247 247 247 247 247 247 247 247 247 
247 247 247 247 247 247 247 247 247 247 247 247 247 247 247 247 248 248 214 205 204 197 197 230 252 252 203 203 168 114 114 116 117 115 106 106 100 95 95 95 70 73 77 77 81 82 79 67 67 70 71 71 72 72 73 73 73 71 70 70 69 69 70 71 71 71 67 67 67 67 71 72 74 82 82 93 99 99 99 109 112 116 116 118 119 118 114 114 81 59 59 46 46 62 87 87 105 110 109 104 104 112 117 117 133 133 151 178 178 226 237 236 229 229 240 247 247 247 247 247 247 247 247 247 247 247 247 247 247 247 
247 247 247 247 247 247 247 247 247 247 247 247 247 247 247 247 247 247 249 250 250 251 251 251 251 251 222 222 182 121 121 115 114 112 104 104 102 101 101 101 73 74 76 76 90 94 91 77 77 72 68 68 54 54 48 38 38 29 27 30 40 40 53 62 62 62 61 63 65 65 79 83 83 84 84 99 109 109 109 139 145 154 154 159 160 161 165 165 104 64 64 8 8 23 46 46 98 111 111 111 111 127 137 137 136 136 159 194 194 240 252 252 250 250 248 247 247 247 247 247 247 247 247 247 247 247 247 247 247 247 
247 247 247 247 247 247 247 247 247 247 247 247 247 247 247 247 247 247 249 250 250 251 251 251 251 251 222 222 182 121 121 115 114 112 104 104 102 101 101 101 73 74 76 76 90 94 91 77 77 72 68 68 54 54 48 38 38 29 27 30 40 40 53 62 62 62 61 63 65 65 79 83 83 84 84 99 109 109 109 139 145 154 154 159 160 161 165 165 104 64 64 8 8 23 46 46 98 111 111 111 111 127 137 137 136 136 159 194 194 240 252 252 250 250 248 247 247 247 247 247 247 247 247 247 247 247 247 247 247 247 
247 247 247 247 247 247 247 247 247 247 247 247 247 247 247 247 247 247 248 248 248 248 248 249 249 249 236 236 197 139 139 117 112 110 102 102 103 103 103 103 83 78 72 72 91 96 94 87 87 77 70 70 34 34 28 19 19 31 35 41 67 67 87 100 100 100 105 108 113 113 132 137 138 140 140 148 153 153 153 178 178 179 179 184 184 184 184 184 123 83 83 31 31 54 87 87 114 120 120 118 118 132 141 141 139 139 166 208 208 242 251 250 248 248 247 247 247 247 247 247 247 247 247 247 247 247 247 247 247 247 
247 247 247 247 247 247 247 247 247 247 247 247 247 247 247 247 247 247 247 247 247 247 247 248 248 248 246 246 208 151 151 119 111 109 101 101 103 105 105 105 90 82 69 69 92 98 97 94 94 80 71 71 21 21 15 6 6 33 40 49 86 86 110 126 126 126 134 138 145 145 168 174 175 178 178 181 183 183 183 204 201 196 196 200 201 200 197 197 136 95 95 47 47 74 115 115 125 127 126 123 123 135 143 143 141 141 171 217 217 243 250 249 247 247 247 247 247 247 247 247 247 247 247 247 247 247 247 247 247 247 
247 247 247 247 247 247 247 247 247 247 247 247 247 247 247 247 247 247 247 247 247 247 247 248 248 248 246 246 208 151 151 119 111 109 101 101 103 105 105 105 90 82 69 69 92 98 97 94 94 80 71 71 21 21 15 6 6 33 40 49 86 86 110 126 126 126 134 138 145 145 168 174 175 178 178 181 183 183 183 204 201 196 196 200 201 200 197 197 136 95 95 47 47 74 115 115 125 127 126 123 123 135 143 143 141 141 171 217 217 243 250 249 247 247 247 247 247 247 247 247 247 247 247 247 247 247 247 247 247 247 
247 247 247 247 247 247 247 247 247 247 247 247 247 247 247 247 247 247 247 247 247 247 247 247 247 247 252 252 230 198 198 129 112 110 101 101 97 94 94 94 110 94 70 70 86 90 93 106 106 94 86 86 69 69 54 32 32 55 61 72 115 115 132 144 144 144 154 159 166 166 176 179 183 197 197 194 192 192 192 200 197 193 193 188 187 180 154 154 122 101 101 123 123 136 156 156 130 124 126 135 135 136 136 136 154 154 186 235 235 246 249 249 247 247 247 247 247 247 247 247 247 247 247 247 247 247 247 247 247 247 
247 247 247 247 247 247 247 247 247 247 247 247 247 247 247 247 247 247 247 247 247 247 247 247 247 247 252 252 230 198 198 129 112 110 101 101 97 94 94 94 110 94 70 70 86 90 93 106 106 94 86 86 69 69 54 32 32 55 61 72 115 115 132 144 144 144 154 159 166 166 176 179 183 197 197 194 192 192 192 200 197 193 193 188 187 180 154 154 122 101 101 123 123 136 156 156 130 124 126 135 135 136 136 136 154 154 186 235 235 246 249 249 247 247 247 247 247 247 247 247 247 247 247 247 247 247 247 247 247 247 
247 247 247 247 247 247 247 247 247 247 247 247 247 247 247 247 247 247 247 247 247 247 247 247 247 247 251 251 236 214 214 140 121 117 100 100 95 91 91 91 108 96 77 77 82 84 89 109 109 96 87 87 84 84 73 57 57 62 63 70 96 96 111 121 121 121 125 129 135 135 149 153 157 172 172 172 171 171 171 173 170 166 166 165 165 161 143 143 127 116 116 137 137 145 157 157 131 124 127 136 136 135 134 134 163 163 194 240 240 246 248 248 247 247 247 247 247 247 247 247 247 247 247 247 247 247 247 247 247 247 
247 247 247 247 247 247 247 247 247 247 247 247 247 247 247 247 247 247 247 247 247 247 247 247 247 247 249 249 245 238 238 156 136 129 100 100 93 88 88 88 106 98 87 87 77 75 83 113 113 99 89 89 107 107 102 94 94 72 67 67 67 67 78 86 86 86 83 85 89 89 109 114 118 135 135 139 141 141 141 133 130 125 125 131 133 132 126 126 133 138 138 158 158 158 158 158 132 125 128 138 138 134 132 132 178 178 206 247 247 247 247 247 247 247 247 247 247 247 247 247 247 247 247 247 247 247 247 247 247 247 
247 247 247 247 247 247 247 247 247 247 247 247 247 247 247 247 247 247 247 247 247 247 247 247 247 247 249 249 245 238 238 156 136 129 100 100 93 88 88 88 106 98 87 87 77 75 83 113 113 99 89 89 107 107 102 94 94 72 67 67 67 67 78 86 86 86 83 85 89 89 109 114 118 135 135 139 141 141 141 133 130 125 125 131 133 132 126 126 133 138 138 158 158 158 158 158 132 125 128 138 138 134 132 132 178 178 206 247 247 247 247 247 247 247 247 247 247 247 247 247 247 247 247 247 247 247 247 247 247 247 
247 247 247 247 247 247 247 247 247 247 247 247 247 247 247 247 247 247 247 247 247 247 247 247 247 247 247 247 248 249 249 194 181 164 98 98 92 88 88 88 92 94 96 96 73 67 75 105 105 99 96 96 106 106 106 107 107 92 88 87 81 81 83 83 83 83 88 94 102 102 114 117 118 123 123 124 125 125 125 132 139 151 151 152 153 152 147 147 153 157 157 164 164 161 156 156 136 131 133 138 138 138 137 137 207 207 224 249 249 247 247 247 247 247 247 247 247 247 247 247 247 247 247 247 247 247 247 247 247 247 
247 247 247 247 247 247 247 247 247 247 247 247 247 247 247 247 247 247 247 247 247 247 247 247 247 247 247 247 249 252 252 204 192 173 97 97 92 88 88 88 89 93 98 98 72 65 73 103 103 100 98 98 106 106 108 110 110 97 94 92 85 85 84 83 83 83 90 96 105 105 115 118 118 120 120 121 121 121 121 132 142 157 157 158 158 157 152 152 158 162 162 166 166 162 156 156 138 133 134 138 138 139 139 139 214 214 228 250 250 248 247 247 247 247 247 247 247 247 247 247 247 247 247 247 247 247 247 247 247 247 
247 247 247 247 247 247 247 247 247 247 247 247 247 247 247 247 247 247 247 247 247 247 247 247 247 247 247 247 249 251 251 212 202 182 104 104 94 87 87 87 88 91 97 97 73 67 73 99 99 100 100 100 104 104 107 110 110 99 96 95 87 87 86 85 85 85 90 95 103 103 114 116 117 119 119 120 121 121 121 132 141 154 154 156 156 156 154 154 160 164 164 166 166 161 154 154 139 135 136 137 137 142 145 145 220 220 232 249 249 247 247 247 247 247 247 247 247 247 247 247 247 247 247 247 247 247 247 247 247 247 
247 247 247 247 247 247 247 247 247 247 247 247 247 247 247 247 247 247 247 247 247 247 247 247 247 247 247 247 248 249 249 244 243 221 133 133 104 84 84 84 83 87 93 93 79 75 77 85 85 100 110 110 97 97 103 113 113 108 107 105 97 97 94 92 92 92 89 93 98 98 108 111 112 118 118 119 120 120 120 131 136 144 144 150 151 153 162 162 167 171 171 166 166 158 146 146 144 144 142 136 136 155 168 168 244 244 246 248 248 247 247 247 247 247 247 247 247 247 247 247 247 247 247 247 247 247 247 247 247 247 
247 247 247 247 247 247 247 247 247 247 247 247 247 247 247 247 247 247 247 247 247 247 247 247 247 247 247 247 248 249 249 244 243 221 133 133 104 84 84 84 83 87 93 93 79 75 77 85 85 100 110 110 97 97 103 113 113 108 107 105 97 97 94 92 92 92 89 93 98 98 108 111 112 118 118 119 120 120 120 131 136 144 144 150 151 153 162 162 167 171 171 166 166 158 146 146 144 144 142 136 136 155 168 168 244 244 246 248 248 247 247 247 247 247 247 247 247 247 247 247 247 247 247 247 247 247 247 247 247 247 
247 247 247 247 247 247 247 247 247 247 247 247 247 247 247 247 247 247 247 247 247 247 247 247 247 247 247 247 247 248 248 248 248 234 179 179 127 92 92 92 82 84 87 87 83 82 81 77 77 97 111 111 93 93 98 107 107 110 111 109 102 102 98 95 95 95 88 88 88 88 95 96 99 107 107 111 113 113 113 121 127 136 136 147 150 153 164 164 167 169 169 161 161 155 147 147 146 146 145 142 142 177 200 200 248 248 247 247 247 247 247 247 247 247 247 247 247 247 247 247 247 247 247 247 247 247 247 247 247 247 
247 247 247 247 247 247 247 247 247 247 247 247 247 247 247 247 247 247 247 247 247 247 247 247 247 247 247 247 247 247 247 251 252 244 210 210 142 97 97 97 81 82 83 83 86 87 84 72 72 96 112 112 90 90 95 103 103 111 113 111 105 105 100 97 97 97 88 86 82 82 86 87 90 100 100 105 109 109 109 114 120 130 130 145 149 152 166 166 167 168 168 158 158 154 148 148 148 148 148 147 147 192 222 222 250 250 249 247 247 247 247 247 247 247 247 247 247 247 247 247 247 247 247 247 247 247 247 247 247 247 
247 247 247 247 247 247 247 247 247 247 247 247 247 247 247 247 247 247 247 247 247 247 247 247 247 247 247 247 247 247 247 251 252 244 210 210 142 97 97 97 81 82 83 83 86 87 84 72 72 96 112 112 90 90 95 103 103 111 113 111 105 105 100 97 97 97 88 86 82 82 86 87 90 100 100 105 109 109 109 114 120 130 130 145 149 152 166 166 167 168 168 158 158 154 148 148 148 148 148 147 147 192 222 222 250 250 249 247 247 247 247 247 247 247 247 247 247 247 247 247 247 247 247 247 247 247 247 247 247 247 
247 247 247 247 247 247 247 247 247 247 247 247 247 247 247 247 247 247 247 247 247 247 247 247 247 247 247 247 247 247 247 247 247 248 252 252 205 173 173 173 82 81 80 80 86 87 84 73 73 86 95 95 105 105 99 91 91 105 109 109 110 110 107 105 105 105 96 92 85 85 85 85 86 90 90 97 101 101 101 113 121 133 133 149 153 156 166 166 164 163 163 157 157 157 157 157 150 148 158 199 199 230 250 250 247 247 247 247 247 247 247 247 247 247 247 247 247 247 247 247 247 247 247 247 247 247 247 247 247 247 
247 247 247 247 247 247 247 247 247 247 247 247 247 247 247 247 247 247 247 247 247 247 247 247 247 247 247 247 247 247 247 247 247 248 252 252 205 173 173 173 82 81 80 80 86 87 84 73 73 86 95 95 105 105 99 91 91 105 109 109 110 110 107 105 105 105 96 92 85 85 85 85 86 90 90 97 101 101 101 113 121 133 133 149 153 156 166 166 164 163 163 157 157 157 157 157 150 148 158 199 199 230 250 250 247 247 247 247 247 247 247 247 247 247 247 247 247 247 247 247 247 247 247 247 247 247 247 247 247 247 
247 247 247 247 247 247 247 247 247 247 247 247 247 247 247 247 247 247 247 247 247 247 247 247 247 247 247 247 247 247 247 247 247 248 251 251 221 201 201 201 103 93 78 78 83 84 83 77 77 83 87 87 108 108 102 92 92 103 106 106 108 108 106 105 105 105 99 96 93 93 93 93 94 97 97 103 106 106 106 120 127 137 137 151 155 157 166 166 164 163 163 159 159 159 158 158 159 159 171 217 217 236 249 249 247 247 247 247 247 247 247 247 247 247 247 247 247 247 247 247 247 247 247 247 247 247 247 247 247 247 
247 247 247 247 247 247 247 247 247 247 247 247 247 247 247 247 247 247 247 247 247 247 247 247 247 247 247 247 247 247 247 247 247 247 249 249 246 244 244 244 136 112 75 75 80 81 82 84 84 79 75 75 113 113 105 94 94 100 101 102 106 106 105 104 104 104 103 104 105 105 106 106 106 108 108 112 115 115 115 131 136 144 144 155 158 160 166 166 165 164 164 163 163 162 161 161 173 176 190 244 244 246 248 248 247 247 247 247 247 247 247 247 247 247 247 247 247 247 247 247 247 247 247 247 247 247 247 247 247 247 
247 247 247 247 247 247 247 247 247 247 247 247 247 247 247 247 247 247 247 247 247 247 247 247 247 247 247 247 247 247 247 247 247 247 249 249 246 244 244 244 136 112 75 75 80 81 82 84 84 79 75 75 113 113 105 94 94 100 101 102 106 106 105 104 104 104 103 104 105 105 106 106 106 108 108 112 115 115 115 131 136 144 144 155 158 160 166 166 165 164 164 163 163 162 161 161 173 176 190 244 244 246 248 248 247 247 247 247 247 247 247 247 247 247 247 247 247 247 247 247 247 247 247 247 247 247 247 247 247 247 
247 247 247 247 247 247 247 247 247 247 247 247 247 247 247 247 247 247 247 247 247 247 247 247 247 247 247 247 247 247 247 247 247 247 247 247 248 250 250 250 209 166 100 100 80 75 78 87 87 80 75 75 95 95 101 109 109 102 101 102 105 105 104 104 104 104 103 105 109 109 113 114 115 120 120 125 129 129 129 141 144 149 149 156 158 158 161 161 162 162 162 167 167 167 168 168 205 214 221 249 249 248 247 247 247 247 247 247 247 247 247 247 247 247 247 247 247 247 247 247 247 247 247 247 247 247 247 247 247 247 
247 247 247 247 247 247 247 247 247 247 247 247 247 247 247 247 247 247 247 247 247 247 247 247 247 247 247 247 247 247 247 247 247 247 247 247 249 251 251 251 228 179 106 106 80 74 77 88 88 80 75 75 91 91 100 113 113 103 101 102 105 105 104 104 104 104 103 106 110 110 115 116 117 123 123 129 133 133 133 144 146 150 150 156 158 158 160 160 161 162 162 168 168 169 170 170 213 224 229 250 250 248 247 247 247 247 247 247 247 247 247 247 247 247 247 247 247 247 247 247 247 247 247 247 247 247 247 247 247 247 
247 247 247 247 247 247 247 247 247 247 247 247 247 247 247 247 247 247 247 247 247 247 247 247 247 247 247 247 247 247 247 247 247 247 247 247 249 250 250 250 233 190 126 126 86 76 78 86 86 80 76 76 88 88 98 112 112 105 103 103 106 106 105 105 105 105 104 107 111 111 116 117 119 124 124 130 133 133 133 144 147 151 151 157 158 158 159 159 161 163 163 169 169 172 176 176 218 229 233 249 249 248 247 247 247 247 247 247 247 247 247 247 247 247 247 247 247 247 247 247 247 247 247 247 247 247 247 247 247 247 
247 247 247 247 247 247 247 247 247 247 247 247 247 247 247 247 247 247 247 247 247 247 247 247 247 247 247 247 247 247 247 247 247 247 247 247 247 247 247 247 253 233 204 204 110 87 86 80 80 82 83 83 76 76 90 110 110 110 110 110 110 110 109 109 109 109 110 113 117 117 122 123 124 128 128 133 136 136 136 144 148 155 155 160 161 160 154 154 161 165 165 173 173 185 202 202 240 249 249 247 247 247 247 247 247 247 247 247 247 247 247 247 247 247 247 247 247 247 247 247 247 247 247 247 247 247 247 247 247 247 
247 247 247 247 247 247 247 247 247 247 247 247 247 247 247 247 247 247 247 247 247 247 247 247 247 247 247 247 247 247 247 247 247 247 247 247 247 247 247 247 253 233 204 204 110 87 86 80 80 82 83 83 76 76 90 110 110 110 110 110 110 110 109 109 109 109 110 113 117 117 122 123 124 128 128 133 136 136 136 144 148 155 155 160 161 160 154 154 161 165 165 173 173 185 202 202 240 249 249 247 247 247 247 247 247 247 247 247 247 247 247 247 247 247 247 247 247 247 247 247 247 247 247 247 247 247 247 247 247 247 
247 247 247 247 247 247 247 247 247 247 247 247 247 247 247 247 247 247 247 247 247 247 247 247 247 247 247 247 247 247 247 247 247 247 247 247 247 247 247 247 249 243 233 233 159 141 128 78 78 79 80 80 75 75 84 97 97 107 109 110 113 113 115 117 117 117 113 114 116 116 120 120 121 124 124 128 130 130 130 140 144 150 150 156 158 157 155 155 163 168 168 179 179 196 222 222 243 249 248 247 247 247 247 247 247 247 247 247 247 247 247 247 247 247 247 247 247 247 247 247 247 247 247 247 247 247 247 247 247 247 
247 247 247 247 247 247 247 247 247 247 247 247 247 247 247 247 247 247 247 247 247 247 247 247 247 247 247 247 247 247 247 247 247 247 247 247 247 247 247 247 247 249 253 253 192 177 157 77 77 78 79 79 74 74 80 89 89 105 109 110 115 115 119 122 122 122 115 115 116 116 118 119 120 122 122 125 127 127 127 137 141 147 147 154 156 156 156 156 164 170 170 183 183 204 235 235 246 249 249 247 247 247 247 247 247 247 247 247 247 247 247 247 247 247 247 247 247 247 247 247 247 247 247 247 247 247 247 247 247 247 
247 247 247 247 247 247 247 247 247 247 247 247 247 247 247 247 247 247 247 247 247 247 247 247 247 247 247 247 247 247 247 247 247 247 247 247 247 247 247 247 247 249 253 253 192 177 157 77 77 78 79 79 74 74 80 89 89 105 109 110 115 115 119 122 122 122 115 115 116 116 118 119 120 122 122 125 127 127 127 137 141 147 147 154 156 156 156 156 164 170 170 183 183 204 235 235 246 249 249 247 247 247 247 247 247 247 247 247 247 247 247 247 247 247 247 247 247 247 247 247 247 247 247 247 247 247 247 247 247 247 
247 247 247 247 247 247 247 247 247 247 247 247 247 247 247 247 247 247 247 247 247 247 247 247 247 247 247 247 247 247 247 247 247 247 247 247 247 247 247 247 247 249 253 253 192 177 157 77 77 78 79 79 74 74 80 89 89 105 109 110 115 115 119 122 122 122 115 115 116 116 118 119 120 122 122 125 127 127 127 137 141 147 147 154 156 156 156 156 164 170 170 183 183 204 235 235 246 249 249 247 247 247 247 247 247 247 247 247 247 247 247 247 247 247 247 247 247 247 247 247 247 247 247 247 247 247 247 247 247 247 
247 247 247 247 247 247 247 247 247 247 247 247 247 247 247 247 247 247 247 247 247 247 247 247 247 247 247 247 247 247 247 247 247 247 247 247 247 247 247 247 247 247 248 248 250 250 233 164 164 108 70 70 68 68 70 72 72 86 89 91 98 98 105 109 109 109 118 119 120 120 121 121 121 122 122 123 123 123 123 135 137 139 139 147 149 150 155 155 158 160 160 211 211 227 250 250 248 247 247 247 247 247 247 247 247 247 247 247 247 247 247 247 247 247 247 247 247 247 247 247 247 247 247 247 247 247 247 247 247 247 
247 247 247 247 247 247 247 247 247 247 247 247 247 247 247 247 247 247 247 247 247 247 247 247 247 247 247 247 247 247 247 247 247 247 247 247 247 247 247 247 247 247 248 248 249 250 239 198 198 143 106 106 71 71 69 66 66 76 79 81 88 88 95 99 99 99 109 111 115 115 118 119 119 121 121 121 121 121 121 130 131 133 133 139 140 140 142 142 154 162 162 224 224 234 249 249 247 247 247 247 247 247 247 247 247 247 247 247 247 247 247 247 247 247 247 247 247 247 247 247 247 247 247 247 247 247 247 247 247 247 
247 247 247 247 247 247 247 247 247 247 247 247 247 247 247 247 247 247 247 247 247 247 247 247 247 247 247 247 247 247 247 247 247 247 247 247 247 247 247 247 247 247 247 247 249 249 249 249 249 196 161 161 76 76 68 57 57 63 64 66 74 74 81 85 85 85 96 100 107 107 114 116 117 121 121 119 118 118 118 122 123 125 125 127 127 126 123 123 149 166 166 245 245 246 248 248 247 247 247 247 247 247 247 247 247 247 247 247 247 247 247 247 247 247 247 247 247 247 247 247 247 247 247 247 247 247 247 247 247 247 
247 247 247 247 247 247 247 247 247 247 247 247 247 247 247 247 247 247 247 247 247 247 247 247 247 247 247 247 247 247 247 247 247 247 247 247 247 247 247 247 247 247 247 247 249 249 249 249 249 196 161 161 76 76 68 57 57 63 64 66 74 74 81 85 85 85 96 100 107 107 114 116 117 121 121 119 118 118 118 122 123 125 125 127 127 126 123 123 149 166 166 245 245 246 248 248 247 247 247 247 247 247 247 247 247 247 247 247 247 247 247 247 247 247 247 247 247 247 247 247 247 247 247 247 247 247 247 247 247 247 
247 247 247 247 247 247 247 247 247 247 247 247 247 247 247 247 247 247 247 247 247 247 247 247 247 247 247 247 247 247 247 247 247 247 247 247 247 247 247 247 247 247 247 247 247 247 247 248 248 239 232 232 185 185 160 122 122 83 74 71 61 61 61 62 62 62 69 74 80 80 89 92 93 98 98 97 96 96 96 99 99 99 99 101 101 109 140 140 188 220 220 249 249 248 247 247 247 247 247 247 247 247 247 247 247 247 247 247 247 247 247 247 247 247 247 247 247 247 247 247 247 247 247 247 247 247 247 247 247 247 
247 247 247 247 247 247 247 247 247 247 247 247 247 247 247 247 247 247 247 247 247 247 247 247 247 247 247 247 247 247 247 247 247 247 247 247 247 247 247 247 247 247 247 247 247 247 247 248 248 249 250 250 213 213 183 138 138 88 76 72 58 58 57 56 56 56 63 67 73 73 83 86 87 93 93 92 91 91 91 93 93 92 92 94 95 105 145 145 198 234 234 250 250 249 247 247 247 247 247 247 247 247 247 247 247 247 247 247 247 247 247 247 247 247 247 247 247 247 247 247 247 247 247 247 247 247 247 247 247 247 
247 247 247 247 247 247 247 247 247 247 247 247 247 247 247 247 247 247 247 247 247 247 247 247 247 247 247 247 247 247 247 247 247 247 247 247 247 247 247 247 247 247 247 247 247 247 247 248 248 249 249 249 221 221 197 160 160 117 107 103 86 86 80 76 76 76 70 70 71 71 78 80 81 87 87 86 85 85 85 89 92 96 96 109 112 123 164 164 208 237 237 249 249 248 247 247 247 247 247 247 247 247 247 247 247 247 247 247 247 247 247 247 247 247 247 247 247 247 247 247 247 247 247 247 247 247 247 247 247 247 
247 247 247 247 247 247 247 247 247 247 247 247 247 247 247 247 247 247 247 247 247 247 247 247 247 247 247 247 247 247 247 247 247 247 247 247 247 247 247 247 247 247 247 247 247 247 247 247 247 247 247 247 252 252 252 251 251 234 230 224 198 198 172 154 154 154 99 85 63 63 57 56 57 62 62 63 63 63 63 74 90 113 113 169 183 195 242 242 247 250 250 247 247 247 247 247 247 247 247 247 247 247 247 247 247 247 247 247 247 247 247 247 247 247 247 247 247 247 247 247 247 247 247 247 247 247 247 247 247 247 
247 247 247 247 247 247 247 247 247 247 247 247 247 247 247 247 247 247 247 247 247 247 247 247 247 247 247 247 247 247 247 247 247 247 247 247 247 247 247 247 247 247 247 247 247 247 247 247 247 247 247 247 252 252 252 251 251 234 230 224 198 198 172 154 154 154 99 85 63 63 57 56 57 62 62 63 63 63 63 74 90 113 113 169 183 195 242 242 247 250 250 247 247 247 247 247 247 247 247 247 247 247 247 247 247 247 247 247 247 247 247 247 247 247 247 247 247 247 247 247 247 247 247 247 247 247 247 247 247 247 
247 247 247 247 247 247 247 247 247 247 247 247 247 247 247 247 247 247 247 247 247 247 247 247 247 247 247 247 247 247 247 247 247 247 247 247 247 247 247 247 247 247 247 247 247 247 247 247 247 247 247 247 249 249 249 248 248 243 242 240 231 231 221 214 214 214 187 175 158 158 147 144 144 143 143 145 146 146 146 162 174 192 192 218 224 228 246 246 247 248 248 247 247 247 247 247 247 247 247 247 247 247 247 247 247 247 247 247 247 247 247 247 247 247 247 247 247 247 247 247 247 247 247 247 247 247 247 247 247 247 
247 247 247 247 247 247 247 247 247 247 247 247 247 247 247 247 247 247 247 247 247 247 247 247 247 247 247 247 247 247 247 247 247 247 247 247 247 247 247 247 247 247 247 247 247 247 247 247 247 247 247 247 247 247 247 247 247 249 250 251 253 253 254 254 254 254 245 235 221 221 207 203 202 197 197 200 202 202 202 221 231 245 245 251 252 251 248 248 247 247 247 247 247 247 247 247 247 247 247 247 247 247 247 247 247 247 247 247 247 247 247 247 247 247 247 247 247 247 247 247 247 247 247 247 247 247 247 247 247 247 
247 247 247 247 247 247 247 247 247 247 247 247 247 247 247 247 247 247 247 247 247 247 247 247 247 247 247 247 247 247 247 247 247 247 247 247 247 247 247 247 247 247 247 247 247 247 247 247 247 247 247 247 247 247 247 247 247 249 250 251 253 253 254 254 254 254 245 235 221 221 207 203 202 197 197 200 202 202 202 221 231 245 245 251 252 251 248 248 247 247 247 247 247 247 247 247 247 247 247 247 247 247 247 247 247 247 247 247 247 247 247 247 247 247 247 247 247 247 247 247 247 247 247 247 247 247 247 247 247 247 
