247 247 247 247 247 247 247 247 247 247 247 247 247 247 247 247 247 249 249 233 208 160 149 138 124 124 122 118 120 112 104 94 88 85 82 86 91 95 94 93 97 102 109 107 107 113 130 140 149 162 201 232 251 248 247 247 247 247 247 247 247 247 247 247 247 247 247 247 247 247 
247 247 247 247 247 247 247 247 247 247 247 247 247 247 247 248 248 247 224 201 174 152 139 127 116 116 113 108 107 103 97 84 86 86 84 85 89 92 95 98 103 109 112 107 104 107 113 123 136 152 174 199 238 246 248 247 247 247 247 247 247 247 247 247 247 247 247 247 247 247 
247 247 247 247 247 247 247 247 247 247 247 247 247 247 247 248 245 233 196 171 148 142 128 116 107 108 106 102 98 96 91 79 88 90 90 92 93 94 96 105 112 119 117 109 104 106 105 114 126 143 152 170 218 242 248 247 247 247 247 247 247 247 247 247 247 247 247 247 247 247 
247 247 247 247 247 247 247 247 247 247 247 247 247 247 249 247 233 184 152 138 130 121 109 100 96 96 98 100 93 90 88 89 99 104 108 126 116 108 103 121 131 138 128 118 114 120 122 121 120 132 136 145 172 230 247 249 247 247 247 247 247 247 247 247 247 247 247 247 247 247 
247 247 247 247 247 247 247 247 247 247 247 247 247 248 247 216 186 150 125 111 99 101 99 99 107 111 119 129 129 129 131 135 134 135 137 148 147 147 147 156 161 164 165 162 162 169 175 173 167 164 161 159 157 178 199 223 249 248 247 247 247 247 247 247 247 247 247 247 247 247 
247 247 247 247 247 247 247 247 247 247 247 247 248 249 222 184 154 135 112 100 90 101 107 115 128 131 137 144 145 145 146 150 148 147 147 153 156 158 162 168 171 172 175 174 176 182 190 192 192 188 184 178 165 161 176 199 247 247 247 247 247 247 247 247 247 247 247 247 247 247 
247 247 247 247 247 247 247 247 247 247 247 248 249 250 184 147 123 124 102 93 88 108 124 139 155 155 155 156 156 155 154 156 155 154 153 153 157 161 169 172 174 175 176 177 179 184 194 203 211 212 208 201 183 155 158 173 242 246 248 247 247 247 247 247 247 247 247 247 247 247 
247 247 247 247 247 247 247 247 247 247 247 250 233 205 117 108 102 101 91 95 103 133 144 152 155 153 153 152 153 154 155 155 153 153 152 151 153 156 163 167 169 171 172 172 173 176 182 190 199 209 211 211 209 184 164 142 179 216 242 248 247 247 247 247 247 247 247 247 247 247 
247 247 247 247 247 247 247 247 247 247 248 242 210 164 111 104 99 101 93 98 110 136 143 148 151 151 151 151 151 153 154 154 154 153 153 153 154 157 163 165 167 168 171 171 172 175 181 187 193 204 207 210 210 194 173 147 159 196 227 250 247 247 247 247 247 247 247 247 247 247 
247 247 247 247 247 247 247 247 247 247 249 231 188 131 105 101 98 99 93 101 114 137 142 145 146 148 148 149 149 151 153 154 154 154 154 154 156 159 163 164 166 168 171 171 172 175 181 185 189 199 203 207 210 201 181 154 145 179 212 250 247 247 247 247 247 247 247 247 247 247 
247 247 247 247 247 247 247 247 247 248 252 209 161 106 97 99 99 90 92 100 111 134 138 140 141 143 143 144 148 150 152 154 156 156 155 156 158 161 163 165 167 171 176 176 177 179 182 185 188 194 197 200 205 202 187 167 148 167 193 244 247 248 247 247 247 247 247 247 247 247 
247 247 247 247 247 247 247 247 247 248 250 179 134 93 95 103 106 99 93 97 105 128 132 135 134 135 136 137 141 146 150 156 158 158 157 156 159 162 163 165 169 175 185 183 182 183 187 190 193 193 194 196 201 201 188 168 160 165 179 221 244 248 247 247 247 247 247 247 247 247 
247 247 247 247 247 247 247 247 247 247 244 156 117 92 96 102 104 101 93 96 105 123 128 131 131 130 131 132 135 138 143 150 154 154 153 154 158 161 162 164 169 175 186 184 182 181 185 188 190 190 191 192 198 200 189 170 165 166 174 203 240 248 247 247 247 247 247 247 247 247 
247 247 247 247 247 247 247 247 248 246 234 133 103 95 97 98 99 101 93 97 106 120 124 127 127 126 126 127 128 129 132 141 147 149 148 151 155 159 161 162 167 174 184 182 179 177 179 182 185 186 187 188 194 200 191 174 167 169 173 184 235 248 247 247 247 247 247 247 247 247 
247 247 247 247 247 247 247 247 249 245 220 116 90 91 98 103 105 103 99 100 102 111 118 122 122 121 122 123 123 124 126 132 140 143 145 146 151 156 159 161 165 170 181 180 178 176 178 181 183 183 184 184 185 195 191 180 163 176 183 181 231 245 248 247 247 247 247 247 247 247 
247 247 247 247 247 247 247 247 250 243 211 116 91 91 103 110 112 102 99 101 105 113 116 118 121 123 124 125 129 131 133 139 145 148 149 151 155 158 160 161 163 165 176 176 176 176 178 180 183 185 185 185 185 192 190 183 169 176 179 174 225 242 248 247 247 247 247 247 247 247 
247 247 247 247 247 247 247 247 250 242 201 114 92 92 110 117 118 102 99 103 109 115 115 116 119 124 126 129 134 138 141 144 150 152 153 155 158 160 162 162 162 162 172 173 174 176 178 181 185 187 187 186 184 190 190 188 175 176 175 169 218 238 249 247 247 247 247 247 247 247 
247 247 247 247 247 247 247 247 251 239 184 109 92 94 122 124 122 107 103 108 116 121 118 116 117 123 128 135 141 145 148 150 154 156 158 160 164 166 165 165 164 162 168 172 175 178 181 185 189 192 189 186 183 188 191 195 182 177 173 171 209 231 250 247 247 247 247 247 247 247 
247 247 247 247 247 247 247 247 250 237 178 113 97 96 116 117 116 107 105 111 119 124 123 121 118 122 128 135 142 144 147 149 151 153 156 160 163 165 167 167 164 161 165 172 176 176 180 183 187 188 187 187 186 186 189 193 191 187 182 176 202 225 250 247 247 247 247 247 247 247 
247 247 247 247 247 247 247 247 250 235 169 115 100 97 110 110 109 106 108 112 119 122 121 121 122 125 130 135 140 142 143 144 144 146 150 155 157 160 162 164 162 158 161 168 173 171 174 177 180 183 185 187 190 190 192 193 195 192 187 179 202 224 250 247 247 247 247 247 247 247 
247 247 247 247 247 247 247 247 249 232 157 115 102 98 103 101 101 105 111 114 118 117 118 120 126 130 133 135 138 139 138 136 135 137 141 147 149 151 154 160 158 153 154 162 167 165 166 168 172 177 182 188 195 197 197 195 197 196 192 181 204 226 250 247 247 247 247 247 247 247 
247 247 247 247 247 247 247 248 248 226 139 98 86 82 91 90 93 106 113 117 119 118 122 126 135 137 138 138 131 123 116 110 112 113 115 123 127 131 133 143 143 139 137 141 139 124 114 111 109 123 131 141 155 181 193 203 197 196 191 176 201 224 250 247 247 247 247 247 247 247 
247 247 247 247 247 247 247 248 247 223 131 89 78 77 87 91 97 110 116 119 121 121 127 131 133 121 114 108 95 88 83 79 79 82 86 100 108 114 121 137 139 135 129 122 112 90 73 67 63 74 84 95 109 138 166 195 201 200 195 176 199 223 250 247 247 247 247 247 247 247 
247 247 247 247 247 247 247 248 246 221 125 82 72 73 85 93 102 114 119 121 122 123 129 130 122 99 87 77 64 59 55 53 52 56 62 78 88 98 111 132 137 135 123 107 90 68 49 43 40 49 61 72 84 108 140 179 202 204 199 176 198 222 250 247 247 247 247 247 247 247 
247 247 247 247 247 247 247 248 246 219 121 75 67 74 85 98 109 118 121 122 123 124 120 110 80 53 42 36 35 35 34 32 33 36 41 51 62 76 102 128 139 145 119 93 75 69 66 67 69 83 93 101 107 97 110 135 201 207 204 176 195 220 250 247 247 247 247 247 247 247 
247 247 247 247 247 247 247 251 248 222 123 81 71 72 79 97 112 123 123 123 121 119 96 74 51 54 58 64 73 75 73 61 58 61 66 60 65 75 101 134 149 159 125 101 83 79 62 55 51 56 66 76 91 109 121 132 182 201 206 175 194 219 251 248 247 247 247 247 247 247 
247 247 247 247 247 247 247 240 236 212 126 86 74 70 79 99 116 126 125 123 122 107 83 65 53 56 57 57 59 62 64 63 58 61 67 59 64 75 105 140 156 166 130 103 82 74 61 54 48 51 62 70 77 90 106 126 172 197 206 175 182 203 232 244 246 247 247 247 247 247 
247 247 247 247 247 247 247 222 218 198 130 92 76 68 80 103 120 130 126 125 124 90 74 65 68 59 49 37 24 29 37 55 49 51 58 54 62 77 112 146 162 172 136 103 77 63 59 55 51 53 64 70 62 57 81 118 165 193 204 174 165 179 203 236 243 248 247 247 247 247 
247 247 247 247 251 235 210 95 103 105 87 75 70 67 90 112 127 125 125 123 121 93 83 69 40 35 41 51 59 69 81 104 93 80 64 58 65 79 117 142 155 166 144 124 107 93 82 83 88 115 129 140 148 124 106 87 139 182 206 185 157 145 137 205 233 251 247 247 247 247 
247 247 247 247 251 228 191 84 95 100 93 82 75 68 98 116 126 121 121 115 108 81 69 58 48 57 65 75 79 83 88 94 84 77 72 71 78 90 122 140 152 164 154 138 125 116 102 97 94 104 113 122 134 130 123 116 142 178 201 195 171 152 135 202 232 251 247 247 247 247 
247 247 247 247 252 223 179 81 93 100 98 91 82 71 102 117 126 119 117 110 98 75 65 58 60 74 81 88 90 92 93 90 84 84 86 85 91 102 127 139 151 162 162 151 142 137 125 117 109 106 110 116 128 137 140 142 150 177 197 203 181 159 135 200 231 251 247 247 247 247 
247 247 247 247 252 224 180 95 106 112 103 110 100 81 97 114 125 121 115 106 96 82 84 85 86 82 79 76 79 86 93 101 111 115 117 104 109 117 134 144 152 160 172 166 161 159 157 154 150 142 141 140 139 149 158 169 173 184 194 206 187 166 142 195 229 251 247 247 247 247 
247 247 247 247 252 222 174 101 113 120 118 113 103 92 101 116 125 120 117 114 111 111 114 116 113 112 112 113 121 122 122 123 125 122 116 113 120 128 139 149 156 162 178 174 170 164 163 161 158 156 157 157 153 158 168 181 191 191 193 200 187 170 149 189 227 251 247 247 247 247 
247 247 247 247 252 223 179 105 116 121 115 100 98 101 112 119 123 120 119 118 117 126 131 133 130 131 131 131 136 133 130 129 129 123 115 113 121 129 142 152 157 162 178 177 172 158 152 153 157 164 165 165 162 166 173 183 198 197 195 190 178 168 157 194 229 251 247 247 247 247 
247 247 247 247 252 227 188 111 118 120 106 80 88 110 127 123 121 119 122 122 121 138 144 147 145 147 146 145 144 137 132 130 128 122 114 110 118 127 145 153 157 160 176 177 172 147 133 138 152 170 171 172 171 173 177 183 201 203 199 177 165 164 166 206 233 250 247 247 247 247 
247 247 247 247 249 242 231 130 115 101 84 63 80 114 132 122 117 123 124 126 130 146 147 147 145 147 149 151 145 141 137 133 108 100 96 113 121 131 146 152 154 155 169 180 183 165 145 124 100 119 142 160 172 180 184 188 193 204 207 185 159 165 184 236 244 249 247 247 247 247 
247 247 247 247 248 245 242 147 118 96 83 76 92 119 131 122 116 118 121 125 130 140 140 140 141 144 146 147 141 135 127 108 96 104 120 130 131 133 140 149 152 154 171 179 183 176 172 154 127 89 108 127 155 171 178 182 186 198 203 185 154 164 190 243 246 247 247 247 247 247 
247 247 247 247 247 248 250 163 122 93 84 89 104 124 131 122 116 114 118 122 128 132 131 131 134 138 140 140 134 125 113 87 89 107 134 137 132 128 129 140 146 149 167 171 174 173 179 166 146 77 84 98 133 156 166 172 177 192 198 187 152 164 195 248 247 247 247 247 247 247 
247 247 247 247 247 249 253 179 128 93 90 104 116 130 131 125 119 113 115 117 119 116 115 115 117 121 122 122 118 101 85 67 95 110 121 119 111 104 96 114 124 132 142 140 136 129 131 138 146 109 80 67 93 122 136 147 162 179 190 191 156 167 198 250 248 247 247 247 247 247 
247 247 247 247 247 249 252 197 141 103 98 108 117 127 131 126 121 117 115 112 108 98 100 101 103 107 107 107 92 75 66 74 82 79 72 65 62 60 62 82 94 106 120 116 111 102 120 132 145 135 101 75 62 93 112 130 150 167 180 188 168 180 206 250 248 247 247 247 247 247 
247 247 247 247 247 248 251 214 154 112 106 111 116 121 129 126 122 119 114 107 98 89 91 92 94 96 95 93 72 65 64 77 79 72 61 51 49 47 48 65 78 91 111 114 117 115 128 137 146 144 117 91 59 74 93 115 142 158 172 184 178 192 215 250 248 247 247 247 247 247 
247 247 247 247 247 248 249 232 168 123 114 114 114 115 127 125 123 120 112 101 88 82 83 84 85 86 83 78 52 59 67 80 79 72 62 50 47 44 40 53 64 77 104 121 135 145 146 146 147 147 133 112 65 59 74 99 134 150 164 180 188 204 226 249 248 247 247 247 247 247 
247 247 247 247 247 247 247 251 213 177 135 134 129 121 136 128 122 122 112 98 81 73 75 75 71 69 63 53 59 70 79 85 87 86 85 81 80 81 84 96 102 106 113 127 139 149 149 148 147 142 140 132 110 70 66 75 132 145 157 175 196 218 243 248 247 247 247 247 247 247 
247 247 247 247 247 247 247 250 230 201 140 126 139 164 161 136 120 123 112 99 84 71 74 74 70 66 62 58 66 74 81 87 91 92 93 92 93 95 98 110 114 117 123 132 140 145 143 142 142 140 139 135 121 87 79 79 131 146 158 167 182 208 242 248 247 247 247 247 247 247 
247 247 247 247 247 247 247 248 242 221 154 134 159 205 182 142 117 123 111 100 88 70 73 75 72 64 63 64 71 77 82 87 90 92 94 94 95 97 100 111 116 119 124 130 134 135 132 127 123 122 127 129 125 100 92 88 131 149 163 176 184 208 243 248 247 247 247 247 247 247 
247 247 247 247 247 247 247 247 248 237 194 186 211 252 199 147 113 118 109 102 94 70 75 78 79 68 68 72 77 80 82 81 77 75 73 69 68 67 69 79 88 97 102 104 107 109 103 84 58 56 81 100 110 104 107 112 133 158 186 234 226 233 247 247 247 247 247 247 247 247 
247 247 247 247 247 247 247 247 247 245 239 238 243 251 217 158 118 115 107 102 100 72 75 79 91 78 72 69 58 52 45 38 45 54 64 63 64 68 80 83 93 106 131 139 145 150 152 116 63 17 41 67 111 110 118 132 135 168 201 248 245 245 247 247 247 247 247 247 247 247 
247 247 247 247 247 247 247 247 247 247 249 249 249 250 231 172 129 113 105 103 102 80 76 78 95 86 78 69 41 31 26 32 53 70 87 90 94 101 119 121 128 138 165 168 172 176 177 137 76 24 53 82 117 116 125 139 138 177 213 251 249 248 247 247 247 247 247 247 247 247 
247 247 247 247 247 247 247 247 247 247 247 247 247 248 246 189 143 111 103 103 105 90 77 75 98 95 85 71 21 12 13 40 77 102 126 134 141 151 174 177 180 183 204 199 197 201 198 156 95 47 88 117 127 124 131 143 141 187 224 250 248 247 247 247 247 247 247 247 247 247 
247 247 247 247 247 247 247 247 247 247 247 247 247 247 252 220 181 112 103 98 94 110 86 74 90 103 98 86 69 47 38 61 104 127 144 154 161 169 179 193 195 192 200 196 192 187 161 133 101 123 143 150 124 133 135 136 154 203 238 249 247 247 247 247 247 247 247 247 247 247 
247 247 247 247 247 247 247 247 247 247 247 247 247 247 250 233 203 126 106 96 90 107 91 80 81 104 101 88 92 78 68 64 82 95 109 111 116 124 140 156 160 161 160 155 152 155 140 131 123 144 152 151 125 134 135 133 168 213 243 248 247 247 247 247 247 247 247 247 247 247 
247 247 247 247 247 247 247 247 247 247 247 247 247 247 248 244 222 147 109 95 88 103 94 86 73 103 103 91 107 101 92 72 71 76 85 84 89 97 115 128 134 137 133 132 133 138 132 136 143 159 158 151 126 136 136 133 185 222 247 247 247 247 247 247 247 247 247 247 247 247 
247 247 247 247 247 247 247 247 247 247 247 247 247 247 247 250 240 192 116 93 88 89 94 91 65 95 101 98 106 108 107 94 87 84 83 90 99 108 118 120 120 121 132 147 157 158 153 156 162 166 160 151 133 137 138 139 214 236 249 247 247 247 247 247 247 247 247 247 247 247 
247 247 247 247 247 247 247 247 247 247 247 247 247 247 247 249 246 233 147 109 85 84 90 90 73 85 96 107 99 107 111 104 96 93 90 89 95 102 112 117 119 120 131 140 148 152 158 163 169 166 155 147 142 137 147 162 238 244 248 247 247 247 247 247 247 247 247 247 247 247 
247 247 247 247 247 247 247 247 247 247 247 247 247 247 247 248 248 247 180 134 89 82 86 87 80 80 92 111 94 103 109 109 102 98 94 88 90 93 101 109 113 116 124 133 141 150 161 166 170 163 153 146 145 141 160 190 246 247 247 247 247 247 247 247 247 247 247 247 247 247 
247 247 247 247 247 247 247 247 247 247 247 247 247 247 247 247 248 252 218 165 97 81 82 84 87 75 88 112 90 98 105 113 107 102 97 88 84 83 87 97 104 109 114 124 134 149 163 167 168 158 152 148 148 147 177 222 250 248 247 247 247 247 247 247 247 247 247 247 247 247 
247 247 247 247 247 247 247 247 247 247 247 247 247 247 247 247 247 247 251 220 173 82 81 81 87 76 82 95 105 97 95 109 110 108 105 96 89 85 85 89 94 101 113 125 137 153 163 165 163 157 157 155 148 189 219 250 247 247 247 247 247 247 247 247 247 247 247 247 247 247 
247 247 247 247 247 247 247 247 247 247 247 247 247 247 247 247 247 247 249 236 215 114 92 78 83 80 81 83 110 99 95 104 107 106 104 100 98 97 97 100 104 109 124 133 143 156 164 165 163 161 160 160 165 214 235 249 247 247 247 247 247 247 247 247 247 247 247 247 247 247 
247 247 247 247 247 247 247 247 247 247 247 247 247 247 247 247 247 247 248 247 245 154 110 81 80 84 81 75 108 102 98 101 105 105 104 103 105 106 108 110 114 118 134 141 148 158 163 164 163 164 163 167 186 233 246 248 247 247 247 247 247 247 247 247 247 247 247 247 247 247 
247 247 247 247 247 247 247 247 247 247 247 247 247 247 247 247 247 247 247 249 251 228 155 100 74 85 83 75 91 104 111 101 104 105 104 103 107 111 116 122 127 133 144 148 152 158 160 161 162 168 169 181 224 245 249 247 247 247 247 247 247 247 247 247 247 247 247 247 247 247 
247 247 247 247 247 247 247 247 247 247 247 247 247 247 247 247 247 247 247 247 248 248 210 164 84 82 81 81 79 98 110 108 109 108 108 108 113 117 121 126 130 135 144 150 155 160 156 159 164 172 186 205 244 247 247 247 247 247 247 247 247 247 247 247 247 247 247 247 247 247 
247 247 247 247 247 247 247 247 247 247 247 247 247 247 247 247 247 247 247 247 247 251 234 203 123 88 80 81 75 91 103 110 112 113 114 112 115 117 121 125 128 132 141 147 153 159 156 160 167 177 200 222 249 247 247 247 247 247 247 247 247 247 247 247 247 247 247 247 247 247 
247 247 247 247 247 247 247 247 247 247 247 247 247 247 247 247 247 247 247 247 247 247 251 238 177 97 78 79 74 83 93 109 114 118 122 115 116 117 119 121 124 127 137 143 149 156 156 162 170 183 214 238 249 247 247 247 247 247 247 247 247 247 247 247 247 247 247 247 247 247 
247 247 247 247 247 247 247 247 247 247 247 247 247 247 247 247 247 247 247 247 247 247 248 248 250 181 126 70 68 70 75 89 96 102 109 118 119 120 121 122 122 123 135 137 141 149 154 157 160 211 234 249 247 247 247 247 247 247 247 247 247 247 247 247 247 247 247 247 247 247 
247 247 247 247 247 247 247 247 247 247 247 247 247 247 247 247 247 247 247 247 247 247 247 248 249 222 179 124 73 67 65 74 81 88 95 105 109 113 118 121 121 120 127 129 132 136 136 147 163 231 242 248 247 247 247 247 247 247 247 247 247 247 247 247 247 247 247 247 247 247 
247 247 247 247 247 247 247 247 247 247 247 247 247 247 247 247 247 247 247 247 247 247 247 247 248 249 221 179 103 85 72 66 70 74 79 89 96 102 110 114 114 112 116 117 119 121 126 148 180 246 247 247 247 247 247 247 247 247 247 247 247 247 247 247 247 247 247 247 247 247 
247 247 247 247 247 247 247 247 247 247 247 247 247 247 247 247 247 247 247 247 247 247 247 247 247 248 249 250 213 168 126 76 62 57 56 63 69 76 86 92 92 91 93 92 93 95 135 181 234 250 248 247 247 247 247 247 247 247 247 247 247 247 247 247 247 247 247 247 247 247 
247 247 247 247 247 247 247 247 247 247 247 247 247 247 247 247 247 247 247 247 247 247 247 247 247 247 247 248 244 235 222 199 176 156 134 92 76 64 62 67 68 68 78 96 120 165 211 232 247 248 247 247 247 247 247 247 247 247 247 247 247 247 247 247 247 247 247 247 247 247 
247 247 247 247 247 247 247 247 247 247 247 247 247 247 247 247 247 247 247 247 247 247 247 247 247 247 247 247 250 250 247 238 223 210 194 157 138 124 115 116 117 119 133 152 175 211 237 246 249 247 247 247 247 247 247 247 247 247 247 247 247 247 247 247 247 247 247 247 247 247 
247 247 247 247 247 247 247 247 247 247 247 247 247 247 247 247 247 247 247 247 247 247 247 247 247 247 247 247 247 247 248 250 252 253 254 245 231 217 203 198 199 202 221 235 246 252 249 248 247 247 247 247 247 247 247 247 247 247 247 247 247 247 247 247 247 247 247 247 247 247 
