247 247 247 247 247 247 247 247 247 247 247 247 247 247 247 247 247 247 247 247 247 247 248 249 249 249 221 208 170 160 143 140 124 124 124 122 118 119 120 113 107 99 94 89 87 83 82 86 87 95 95 94 94 93 97 102 106 109 106 105 112 113 133 135 149 152 162 183 227 238 251 249 247 247 247 247 247 247 247 247 247 247 247 247 247 247 247 247 247 247 247 247 247 247 
247 247 247 247 247 247 247 247 247 247 247 247 247 247 247 247 247 247 247 247 247 247 248 248 245 243 215 201 167 158 140 138 122 122 122 121 116 117 117 111 106 97 92 88 87 83 82 86 87 94 94 94 94 94 99 103 107 109 106 105 111 112 129 131 146 149 160 179 219 232 248 248 247 247 247 247 247 247 247 247 247 247 247 247 247 247 247 247 247 247 247 247 247 247 
247 247 247 247 247 247 247 247 247 247 247 247 247 247 247 247 247 247 247 247 248 249 247 245 219 198 167 152 148 147 125 122 110 110 112 109 102 101 99 97 96 84 77 85 87 86 86 84 85 89 90 95 98 103 108 114 114 114 105 102 103 103 101 103 128 132 146 152 164 193 230 241 249 248 247 247 247 247 247 247 247 247 247 247 247 247 247 247 247 247 247 247 247 247 
247 247 247 247 247 247 247 247 247 247 247 247 247 247 247 247 247 247 247 247 248 248 240 230 205 185 159 146 142 141 119 117 107 107 108 106 101 100 97 96 94 85 80 88 91 91 91 94 94 94 94 97 101 109 114 120 118 117 108 104 107 107 106 108 126 129 142 147 158 183 216 234 248 248 247 247 247 247 247 247 247 247 247 247 247 247 247 247 247 247 247 247 247 247 
247 247 247 247 247 247 247 247 247 247 247 247 247 247 247 247 247 247 247 249 248 245 218 184 162 144 134 130 123 121 103 101 96 96 96 97 100 97 93 90 88 89 89 99 102 107 108 126 124 109 108 103 111 126 132 138 132 128 116 112 119 120 122 122 120 122 132 134 138 153 172 213 245 248 249 247 247 247 247 247 247 247 247 247 247 247 247 247 247 247 247 247 247 247 
247 247 247 247 247 247 247 247 247 247 247 247 247 247 247 247 247 247 247 248 240 223 199 169 149 133 121 116 113 112 100 99 101 101 103 106 113 111 109 108 107 108 110 115 116 120 121 136 135 126 125 123 129 141 145 150 146 144 137 133 140 142 146 146 141 142 146 147 148 155 165 194 217 231 237 246 248 247 247 247 247 247 247 247 247 247 247 247 247 247 247 247 247 247 
247 247 247 247 247 247 247 247 247 247 247 247 247 247 247 247 247 248 248 247 227 183 165 142 126 113 98 91 95 96 96 97 110 111 117 122 136 137 138 139 140 144 147 143 142 144 144 154 154 156 156 158 161 167 169 171 173 174 173 172 180 181 190 189 179 178 172 170 165 160 153 161 168 201 217 243 250 247 247 247 247 247 247 247 247 247 247 247 247 247 247 247 247 247 
247 247 247 247 247 247 247 247 247 247 247 247 247 247 247 247 247 249 242 217 197 154 145 133 117 105 94 89 99 102 114 115 131 132 135 138 145 146 147 147 147 150 151 149 148 148 148 153 154 157 159 163 166 170 171 173 174 175 175 175 181 182 193 193 194 194 191 189 185 177 167 162 158 184 196 236 246 247 247 247 247 247 247 247 247 247 247 247 247 247 247 247 247 247 
247 247 247 247 247 247 247 247 247 247 247 247 247 247 247 248 248 250 237 184 164 123 123 124 108 96 91 88 104 108 133 136 155 155 155 155 156 156 156 155 154 155 156 155 155 153 153 153 154 159 161 169 170 173 174 175 176 176 177 178 183 184 196 198 211 211 212 210 206 196 183 163 148 165 173 228 242 248 248 247 247 247 247 247 247 247 247 247 247 247 247 247 247 247 
247 247 247 247 247 247 247 247 247 247 247 247 247 247 247 250 247 223 207 144 133 110 110 110 100 92 95 97 118 123 143 145 155 155 154 154 153 154 154 154 155 155 155 154 154 153 152 152 152 156 158 165 167 170 171 172 173 173 174 174 178 179 189 190 204 205 210 210 209 205 198 180 166 158 154 194 204 240 244 248 247 247 247 247 247 247 247 247 247 247 247 247 247 247 
247 247 247 247 247 247 247 247 247 247 247 247 247 247 247 251 247 205 187 117 112 102 102 101 94 89 99 103 127 133 150 151 155 155 153 153 152 152 153 154 155 155 155 153 153 152 152 151 151 154 156 163 165 168 169 171 172 172 172 172 175 176 184 185 199 201 209 210 212 211 209 192 178 154 142 172 179 236 241 248 248 247 247 247 247 247 247 247 247 247 247 247 247 247 
247 247 247 247 247 247 247 247 247 247 247 247 247 248 248 239 232 156 147 110 106 98 99 101 95 91 105 112 132 136 146 147 150 150 150 150 151 151 151 152 153 154 154 154 154 153 153 153 153 156 158 163 164 165 166 168 170 170 171 171 174 174 182 183 192 194 202 204 209 209 210 200 192 162 148 153 154 212 219 250 250 247 247 247 247 247 247 247 247 247 247 247 247 247 
247 247 247 247 247 247 247 247 247 247 247 247 247 249 249 235 226 137 131 107 104 97 99 101 96 92 108 115 133 138 145 146 148 148 149 149 150 150 150 152 153 154 154 154 154 154 154 154 154 157 158 163 163 164 165 167 169 170 171 171 174 174 182 183 189 191 200 203 208 209 211 204 198 166 151 146 145 203 210 251 250 247 247 247 247 247 247 247 247 247 247 247 247 247 
247 247 247 247 247 247 247 247 247 247 247 247 247 251 251 206 196 111 108 98 99 100 97 92 92 93 105 111 130 135 140 141 142 142 144 144 145 146 148 150 152 153 154 156 156 155 155 156 156 159 160 163 163 165 167 170 173 175 175 175 178 178 183 183 188 189 195 197 200 203 206 203 200 176 164 151 147 182 187 245 245 248 248 247 247 247 247 247 247 247 247 247 247 247 
247 247 247 247 247 247 247 247 247 247 247 247 247 251 252 200 191 106 104 97 98 101 96 90 92 93 105 111 129 134 140 140 141 141 143 143 144 146 148 150 152 153 154 156 157 155 155 156 156 160 161 163 164 165 168 171 174 176 176 176 179 179 183 183 188 189 194 196 199 202 205 203 201 178 167 152 148 177 183 244 245 248 248 247 247 247 247 247 247 247 247 247 247 247 
247 247 247 247 247 247 247 247 247 247 247 247 247 250 250 158 149 90 91 95 100 110 106 100 95 91 100 104 122 126 134 134 133 133 133 134 135 137 140 144 148 153 156 158 159 157 157 156 157 162 162 163 164 166 170 176 182 187 184 184 184 184 189 190 194 194 193 193 194 197 200 201 201 178 168 163 162 166 168 216 222 250 249 247 247 247 247 247 247 247 247 247 247 247 
247 247 247 247 247 247 247 247 247 247 247 247 247 248 248 152 144 90 91 95 100 109 105 101 95 91 100 104 121 125 133 133 132 132 132 133 134 136 139 143 146 152 155 157 158 156 156 156 156 162 162 163 164 165 170 176 182 187 185 184 183 183 189 189 193 193 192 193 193 196 199 200 201 179 168 164 163 166 168 212 218 250 249 247 247 247 247 247 247 247 247 247 247 247 
247 247 247 247 247 247 247 247 247 247 247 248 249 236 234 113 107 95 95 97 98 99 100 101 95 91 101 106 117 120 126 127 127 127 126 126 127 127 128 129 130 137 141 147 149 148 148 151 152 158 159 161 161 162 168 174 180 184 181 180 177 177 180 180 185 185 186 186 187 190 194 198 202 183 174 168 167 170 171 184 194 248 248 247 247 247 247 247 247 247 247 247 247 247 
247 247 247 247 247 247 247 247 247 247 247 249 249 234 231 109 104 94 95 97 98 100 101 101 96 92 101 105 115 118 125 126 126 126 125 125 126 126 127 128 129 135 139 145 147 147 147 150 151 157 158 161 161 162 167 173 179 183 181 180 177 177 180 180 184 185 185 186 186 189 192 197 201 183 175 168 166 172 173 183 193 247 247 247 247 247 247 247 247 247 247 247 247 247 
247 247 247 247 247 247 247 247 247 247 247 250 251 225 220 95 90 91 92 98 101 106 105 103 100 98 101 102 109 111 121 122 122 122 121 122 123 123 123 124 124 129 132 140 142 145 145 146 147 155 156 159 160 161 165 170 177 181 180 179 176 176 179 179 183 183 183 183 184 184 185 192 198 186 180 166 163 182 184 181 191 243 244 248 248 247 247 247 247 247 247 247 247 247 
247 247 247 247 247 247 247 247 247 247 247 250 251 221 215 96 91 91 93 101 104 111 107 102 100 98 102 103 110 112 119 120 121 121 122 123 124 125 126 127 128 133 135 142 144 147 147 149 149 156 157 159 160 161 164 167 174 178 178 177 176 176 178 179 183 183 184 184 184 185 185 191 196 186 182 169 166 181 182 177 187 240 242 248 248 247 247 247 247 247 247 247 247 247 
247 247 247 247 247 247 247 247 247 247 247 251 252 213 205 97 93 91 94 107 111 121 112 101 99 98 104 107 113 114 115 115 120 121 125 126 127 129 133 136 138 141 143 148 150 152 152 154 155 159 159 161 161 161 161 162 169 173 174 174 176 176 178 178 184 184 186 186 186 186 185 189 192 188 186 176 173 178 178 169 179 234 238 249 248 247 247 247 247 247 247 247 247 247 
247 247 247 247 247 247 247 247 247 247 247 251 252 205 196 96 91 92 97 113 116 123 115 104 101 100 107 111 116 117 115 116 118 119 125 126 130 133 136 139 142 145 146 151 152 154 155 156 157 162 162 163 163 163 162 162 167 171 173 174 176 177 179 180 186 187 188 188 186 185 184 188 191 190 190 179 177 176 176 170 179 227 233 249 248 247 247 247 247 247 247 247 247 247 
247 247 247 247 247 247 247 247 247 247 247 251 253 195 184 94 90 94 100 122 123 126 118 107 104 102 112 116 120 121 116 116 117 118 124 127 135 137 141 144 147 149 150 154 155 158 158 160 161 166 166 165 165 165 164 162 166 168 172 174 177 178 182 183 189 190 192 190 187 185 183 186 189 193 195 185 182 175 174 171 179 219 228 250 249 247 247 247 247 247 247 247 247 247 
247 247 247 247 247 247 247 247 247 247 247 251 252 192 180 98 95 96 100 118 119 120 114 107 105 104 114 118 122 123 120 120 118 119 123 127 135 137 142 144 146 148 149 151 152 156 157 160 160 165 165 166 166 166 164 161 164 166 173 176 177 177 180 181 187 188 189 188 187 186 185 186 187 191 193 189 189 181 180 175 181 212 222 250 249 247 247 247 247 247 247 247 247 247 
247 247 247 247 247 247 247 247 247 247 247 251 252 189 177 102 99 97 101 115 115 116 112 107 106 106 116 120 124 125 123 123 119 120 123 126 135 138 142 144 146 148 149 150 150 155 156 160 161 165 165 167 167 167 164 161 163 165 174 177 176 176 180 180 186 186 187 187 187 187 187 186 186 190 192 194 194 187 186 178 182 206 218 250 249 247 247 247 247 247 247 247 247 247 
247 247 247 247 247 247 247 247 247 247 247 250 251 177 163 105 103 98 99 107 106 105 105 105 108 110 116 119 119 119 119 120 124 124 128 130 135 137 139 140 141 140 140 140 140 145 146 151 151 155 155 158 160 163 159 155 157 157 167 171 169 168 170 171 176 177 180 182 186 189 192 193 194 194 194 195 196 192 192 180 185 209 220 250 249 247 247 247 247 247 247 247 247 247 
247 247 247 247 247 247 247 247 247 247 247 250 251 172 157 107 104 98 99 103 102 100 102 105 109 112 116 118 117 117 118 118 126 127 131 132 135 136 138 139 139 137 136 135 135 140 141 147 147 150 151 154 157 162 158 153 154 154 164 168 165 165 166 166 172 173 177 180 186 190 195 197 198 196 195 197 197 195 194 181 186 210 221 250 249 247 247 247 247 247 247 247 247 247 
247 247 247 247 247 247 247 247 247 247 248 248 248 159 142 93 91 85 87 93 93 92 98 106 111 114 117 119 118 118 122 123 133 134 136 137 137 135 132 127 122 118 115 116 117 120 120 128 129 134 135 137 141 149 146 142 141 140 146 148 135 132 123 123 121 124 134 138 147 154 163 178 189 197 201 198 197 195 194 177 182 208 219 250 249 247 247 247 247 247 247 247 247 247 
247 247 247 247 247 247 247 247 247 248 248 248 248 156 139 90 88 82 84 91 91 90 97 106 111 115 118 119 118 118 124 124 135 135 138 138 138 135 131 124 118 113 110 112 112 115 115 123 124 130 131 133 138 146 143 139 138 137 141 143 127 124 112 112 109 112 123 127 137 145 155 173 187 198 203 198 197 195 194 176 181 207 219 250 249 247 247 247 247 247 247 247 247 247 
247 247 247 247 247 247 247 247 247 248 248 246 245 146 127 76 74 74 76 85 89 96 103 112 116 119 121 122 122 122 134 135 132 128 109 104 92 85 76 70 65 63 62 61 61 70 71 88 90 103 106 114 123 138 136 133 128 125 110 104 77 72 47 45 39 41 47 54 67 74 84 107 124 170 191 200 202 202 201 176 180 204 217 250 249 247 247 247 247 247 247 247 247 247 
247 247 247 247 247 247 247 247 247 247 248 246 245 145 126 75 73 73 75 85 89 97 104 113 117 120 121 122 123 123 134 135 130 125 104 98 86 79 69 64 60 58 57 56 56 65 66 84 85 100 103 112 122 138 136 133 127 124 107 100 73 68 42 40 34 36 43 49 63 70 79 101 118 165 188 200 203 203 202 176 180 204 217 250 249 247 247 247 247 247 247 247 247 247 
247 247 247 247 247 247 247 247 247 248 248 245 244 141 121 65 64 74 76 85 92 107 112 118 120 122 123 123 124 124 118 116 80 75 46 43 36 36 35 35 35 33 32 33 33 40 41 51 53 69 77 102 114 135 140 145 129 119 88 76 70 69 65 65 69 72 83 88 100 103 107 100 94 122 135 188 201 210 210 176 180 200 214 250 249 247 247 247 247 247 247 247 247 247 
247 247 247 247 247 247 247 247 247 248 249 246 244 141 121 67 65 73 75 84 91 107 112 119 121 122 123 123 123 123 111 109 74 70 48 46 41 42 42 43 43 40 38 38 38 45 46 53 55 69 77 102 114 136 142 148 131 120 89 78 72 71 64 64 65 68 78 83 94 99 104 100 98 123 134 184 197 210 210 176 180 199 214 250 249 247 247 247 247 247 247 247 247 247 
247 247 247 247 247 247 247 247 247 250 252 248 247 144 124 75 73 71 72 78 88 110 116 124 124 124 122 121 119 118 75 70 44 46 57 61 71 75 82 84 86 74 68 65 64 72 73 62 63 68 76 101 117 145 153 162 141 127 98 87 82 81 58 56 46 47 50 55 66 75 87 104 118 127 131 168 177 212 213 175 179 198 213 251 250 249 248 247 247 247 247 247 247 247 
247 247 247 247 247 247 247 247 247 245 243 239 238 143 126 77 75 70 72 78 89 112 118 126 125 124 123 122 112 110 72 68 51 52 57 58 61 63 66 69 71 67 64 60 59 68 69 60 61 68 76 104 120 148 156 165 144 129 97 85 77 76 58 56 47 48 51 56 68 73 80 91 100 119 127 164 173 211 212 175 177 188 202 238 240 245 246 247 247 247 247 247 247 247 
247 247 247 247 247 247 247 247 247 232 222 217 215 144 130 84 81 68 70 80 92 118 123 130 127 125 124 124 97 90 66 64 68 66 57 51 37 32 24 29 33 47 55 49 47 57 58 54 56 68 79 112 127 155 163 172 150 136 96 81 66 63 58 57 51 51 53 59 72 68 62 59 56 98 118 156 165 208 210 174 172 163 174 203 216 236 242 248 247 247 247 247 247 247 
247 247 247 247 247 247 249 241 232 195 171 172 173 122 113 79 77 68 71 84 96 122 124 128 126 125 123 123 97 91 70 68 57 55 48 46 42 41 38 44 50 66 75 67 64 61 60 55 57 68 79 114 127 152 160 169 151 139 106 93 78 75 67 66 66 68 78 84 98 97 96 87 81 98 106 145 155 207 210 178 175 158 163 177 195 223 237 250 248 247 247 247 247 247 
247 247 247 247 247 249 252 232 210 141 95 105 109 91 87 73 72 67 72 90 102 127 126 125 125 125 122 121 99 93 77 75 40 39 34 39 51 54 59 67 75 94 104 93 90 67 64 58 59 69 81 117 128 148 157 166 153 144 120 111 96 93 80 80 88 93 115 122 138 142 148 131 118 97 87 129 139 205 210 185 179 150 146 137 164 205 229 252 249 247 247 247 247 247 
247 247 247 247 247 249 252 224 194 129 86 98 103 94 92 79 77 68 74 97 106 127 125 122 121 121 113 109 88 82 64 62 47 48 56 60 72 74 77 81 85 92 96 85 82 72 71 69 71 81 90 121 130 145 154 164 157 152 133 126 115 113 97 96 93 96 105 111 122 128 136 131 127 117 112 135 141 199 203 194 189 162 155 135 162 203 228 252 249 247 247 247 247 247 
247 247 247 247 247 249 253 217 179 118 77 92 98 97 97 85 83 69 76 103 111 128 124 119 118 118 105 99 78 73 53 51 54 58 76 80 91 92 93 94 94 90 88 78 75 78 78 80 81 92 100 125 131 142 152 163 161 160 145 139 132 131 114 112 99 99 97 100 107 115 125 131 136 135 135 142 144 193 197 202 198 174 163 133 160 201 228 252 249 247 247 247 247 247 
247 247 247 247 247 249 253 218 179 125 88 103 108 102 101 102 100 77 81 99 108 127 124 120 117 115 103 97 82 79 73 73 74 75 79 80 81 82 84 88 92 95 96 98 99 102 103 95 97 105 111 131 136 144 152 161 165 168 157 154 150 149 141 140 132 130 126 126 128 131 134 140 145 153 157 161 162 191 193 204 200 179 168 139 162 197 226 252 249 247 247 247 247 247 
247 247 247 247 247 249 253 218 180 129 95 109 114 105 103 112 110 81 84 97 106 126 124 121 117 113 101 96 85 82 85 85 86 85 81 80 76 77 79 85 91 97 101 110 113 117 117 104 105 113 118 134 138 146 153 160 167 172 165 162 159 159 157 156 150 148 142 141 140 140 139 146 151 163 169 172 173 190 192 206 202 182 171 142 163 195 225 252 249 247 247 247 247 247 
247 247 247 247 247 249 253 215 174 130 100 115 121 118 117 111 110 91 93 101 109 126 123 120 118 116 112 110 109 109 115 115 112 111 110 111 111 114 118 119 121 122 122 124 125 117 116 112 114 124 128 138 143 152 157 162 172 178 173 171 165 163 163 163 158 157 156 156 157 155 153 156 159 173 180 188 190 191 191 200 198 183 174 149 165 189 222 252 249 247 247 247 247 247 
247 247 247 247 247 249 253 215 173 130 102 117 123 122 122 111 110 95 96 102 110 126 123 120 118 117 116 115 117 118 124 125 120 120 120 121 122 126 131 130 130 129 129 129 129 118 116 115 117 128 131 140 145 154 158 163 173 180 176 174 166 165 165 165 160 160 160 161 162 160 157 160 162 177 184 194 196 191 191 199 197 184 175 151 165 187 221 252 249 247 247 247 247 247 
247 247 247 247 247 249 253 221 186 140 110 119 123 110 108 79 80 108 111 124 123 121 120 119 121 122 121 120 132 135 144 145 142 142 144 143 142 142 142 137 132 131 130 128 128 116 114 111 112 123 128 144 148 155 157 160 170 176 177 177 153 149 134 135 153 156 169 169 171 170 169 170 171 179 183 197 200 203 202 179 177 165 164 164 180 204 228 251 248 247 247 247 247 247 
247 247 247 247 247 249 253 222 188 142 111 120 123 109 106 74 76 110 113 127 125 121 120 119 121 123 122 121 135 138 147 148 145 145 147 146 145 145 144 138 132 131 130 128 128 116 114 110 112 123 128 145 149 155 157 160 170 176 177 178 152 147 130 131 152 156 170 171 172 172 171 172 173 180 183 197 201 205 204 177 175 162 163 166 182 206 229 251 248 247 247 247 247 247 
247 247 247 247 247 248 250 241 231 170 130 112 105 87 84 59 62 114 118 132 127 116 119 123 124 124 128 130 143 146 148 148 145 145 148 149 151 149 145 141 138 135 133 109 102 97 96 113 115 127 132 146 149 153 154 155 163 169 183 188 169 165 141 137 100 104 119 131 157 164 172 178 182 186 188 192 193 210 211 185 180 153 162 184 205 236 243 249 248 247 247 247 247 247 
247 247 247 247 247 248 249 242 233 173 133 112 104 87 84 62 65 115 118 132 127 116 119 122 123 123 128 130 142 145 146 146 144 145 147 148 150 148 144 140 137 131 128 107 100 101 101 116 118 128 132 145 148 153 153 155 164 169 182 187 170 167 147 143 105 107 113 125 150 158 168 175 180 185 187 190 191 209 210 185 180 152 161 185 206 237 243 249 247 247 247 247 247 247 
247 247 247 247 247 247 247 248 249 195 159 114 96 85 83 86 89 123 125 131 126 115 115 115 118 120 127 130 135 136 134 134 138 139 144 144 145 142 138 132 127 105 92 87 86 131 137 142 141 134 135 137 142 150 152 154 165 173 180 183 184 184 192 188 146 131 69 78 96 117 143 158 170 176 179 181 181 202 203 186 179 142 157 194 216 248 247 247 247 247 247 247 247 247 
247 247 247 247 247 247 247 248 250 198 164 115 95 86 85 91 94 124 126 131 126 116 115 114 117 119 125 127 130 131 129 129 133 134 139 139 139 137 133 125 118 97 86 89 90 128 133 136 135 127 127 127 132 142 145 149 159 165 170 172 171 171 177 175 146 132 78 81 87 106 131 147 160 168 171 175 176 199 200 187 180 143 157 195 216 248 248 247 247 247 247 247 247 247 
247 247 247 247 247 247 247 250 253 209 179 118 94 91 90 106 109 130 130 131 128 121 117 113 114 115 118 119 117 116 115 115 117 118 122 122 122 120 118 103 89 75 67 94 102 119 121 119 117 106 104 96 104 118 125 132 138 142 139 138 130 129 132 133 146 139 109 93 60 75 93 113 129 141 147 159 162 188 190 191 184 147 161 198 219 250 248 247 247 247 247 247 247 247 
247 247 247 247 247 247 247 249 252 213 187 123 99 94 93 108 110 128 129 131 128 122 118 115 115 115 114 114 109 108 108 108 111 111 115 115 115 112 106 91 78 73 70 88 94 98 99 95 94 85 84 81 89 104 112 120 127 132 128 127 118 117 128 130 145 140 121 104 68 73 79 100 116 132 139 153 156 182 185 190 184 154 167 201 221 250 248 247 247 247 247 247 247 247 
247 247 247 247 247 247 247 249 252 222 202 134 107 101 100 111 112 126 127 131 128 123 121 118 116 115 108 105 96 94 97 97 100 101 104 104 103 96 86 71 58 70 76 78 79 62 60 52 52 48 49 54 63 79 89 100 109 115 109 107 97 95 121 124 145 144 142 123 83 71 55 76 93 115 126 143 147 173 175 187 184 167 178 208 225 250 248 247 247 247 247 247 247 247 
247 247 247 247 247 247 247 249 251 230 216 144 115 108 107 112 113 121 122 129 127 123 121 119 115 113 102 97 90 88 90 91 93 93 95 94 91 82 69 65 61 72 78 79 79 63 61 51 50 46 47 47 55 68 78 89 101 110 116 119 119 119 133 134 146 146 144 131 103 84 60 69 76 101 113 135 141 166 168 183 183 178 189 216 230 250 248 247 247 247 247 247 247 247 
247 247 247 247 247 247 247 248 249 239 232 155 125 116 114 114 114 115 117 127 126 124 122 120 114 110 95 88 83 82 84 84 85 85 86 84 78 68 52 58 64 74 80 79 79 64 62 50 49 45 44 40 46 56 66 77 93 104 124 132 143 145 146 146 147 147 147 140 124 98 65 61 57 86 99 127 134 158 161 180 182 190 200 226 235 249 248 247 247 247 247 247 247 247 
247 247 247 247 247 247 247 247 248 245 243 185 163 132 127 126 125 118 121 132 129 123 122 121 115 110 92 84 78 77 79 79 76 76 76 72 63 60 56 65 72 79 83 83 84 77 76 68 68 66 66 66 72 82 88 94 103 109 127 134 145 147 148 148 147 146 144 140 132 114 92 73 59 76 85 123 133 154 157 177 180 196 208 236 241 248 248 247 247 247 247 247 247 247 
247 247 247 247 247 247 247 247 247 249 251 206 188 143 135 134 133 121 124 136 132 122 122 122 115 110 90 81 75 73 76 76 71 71 69 65 53 55 59 69 78 82 85 87 87 85 85 81 81 80 81 84 89 99 102 106 110 113 130 136 147 149 149 149 147 146 142 141 138 126 110 82 60 70 75 121 132 151 154 175 179 201 213 243 245 248 247 247 247 247 247 247 247 247 
247 247 247 247 247 247 247 247 247 249 249 230 222 154 141 121 124 173 171 166 151 118 120 123 116 109 92 84 73 71 75 75 70 69 64 63 59 62 67 73 79 85 88 91 93 95 95 95 95 97 98 101 106 115 117 120 123 125 135 139 143 144 141 141 141 141 140 139 139 132 124 101 83 81 80 121 131 154 156 165 168 183 200 242 245 248 247 247 247 247 247 247 247 247 
247 247 247 247 247 247 247 247 247 248 249 240 236 159 144 116 121 193 190 178 158 117 120 124 116 109 93 86 73 70 75 75 70 69 62 62 62 65 70 75 80 86 89 94 95 99 99 100 100 104 105 108 113 122 123 125 128 130 137 140 142 142 138 138 139 139 139 139 139 135 129 108 92 85 82 121 131 155 157 162 164 176 194 242 244 248 247 247 247 247 247 247 247 247 
247 247 247 247 247 247 247 247 247 247 247 246 246 195 186 173 178 242 233 196 169 113 115 119 112 107 97 93 74 70 77 77 77 75 64 66 70 72 76 79 82 82 82 80 79 77 77 74 74 73 73 75 80 88 95 101 104 106 110 111 114 114 107 104 71 71 69 80 104 108 113 106 101 105 107 127 132 168 173 222 221 216 225 246 246 247 247 247 247 247 247 247 247 247 
247 247 247 247 247 247 247 247 247 247 247 248 248 203 194 184 189 252 241 199 171 112 115 118 112 107 98 94 75 70 77 78 79 77 65 67 72 74 77 80 82 81 81 77 76 73 73 69 69 67 67 69 74 82 89 97 100 102 105 106 109 109 101 98 58 58 56 69 97 103 110 106 103 109 112 129 133 171 176 234 232 224 230 247 247 247 247 247 247 247 247 247 247 247 
247 247 247 247 247 247 247 247 247 247 247 247 247 248 248 248 248 251 245 221 189 120 118 114 108 104 102 101 78 73 76 77 93 91 76 74 68 63 55 47 40 33 29 38 41 60 62 61 62 65 69 82 83 84 96 108 126 137 148 152 157 158 162 154 64 53 10 22 48 76 111 111 111 128 136 136 136 189 195 251 251 249 248 247 247 247 247 247 247 247 247 247 247 247 
247 247 247 247 247 247 247 247 247 247 247 247 247 249 250 251 251 251 245 224 192 123 119 114 108 104 102 101 80 74 75 76 94 92 78 76 68 61 51 43 35 30 28 40 44 64 67 67 67 71 76 90 91 92 103 115 132 144 154 157 162 163 167 159 66 55 11 24 51 78 112 112 112 129 137 137 136 191 198 252 251 250 249 247 247 247 247 247 247 247 247 247 247 247 
247 247 247 247 247 247 247 247 247 247 247 247 247 247 247 247 247 248 248 246 216 151 133 111 105 101 104 105 93 90 71 70 98 97 94 88 71 51 21 13 6 28 40 75 86 121 126 134 135 145 152 174 175 178 180 183 196 204 198 196 200 201 197 189 95 85 47 69 115 120 127 125 123 137 143 141 141 211 218 250 250 247 247 247 247 247 247 247 247 247 247 247 247 247 
247 247 247 247 247 247 247 247 247 247 247 247 247 247 247 247 247 248 248 247 219 160 139 111 105 101 102 103 96 94 71 70 96 96 96 90 74 57 31 20 11 32 44 80 92 125 130 138 139 149 155 175 177 182 183 185 196 203 198 195 198 198 189 181 96 89 62 81 123 124 126 126 125 136 141 143 144 214 222 250 249 247 247 247 247 247 247 247 247 247 247 247 247 247 
247 247 247 247 247 247 247 247 247 247 247 247 247 247 247 247 247 247 248 252 235 198 160 112 106 101 96 94 107 110 73 71 90 93 106 100 86 79 69 50 32 51 61 102 115 141 144 154 155 166 169 179 185 197 195 192 197 200 195 193 188 187 155 150 101 105 123 134 156 142 124 130 135 136 136 150 154 229 236 249 249 247 247 247 247 247 247 247 247 247 247 247 247 247 
247 247 247 247 247 247 247 247 247 247 247 247 247 247 247 247 247 247 248 251 238 211 171 119 109 100 95 92 105 109 78 76 85 89 108 102 87 85 81 66 52 59 63 91 99 122 125 131 132 141 145 158 165 177 176 176 177 179 173 171 170 170 146 142 113 117 134 141 157 142 124 131 136 135 135 156 161 232 239 248 248 247 247 247 247 247 247 247 247 247 247 247 247 247 
247 247 247 247 247 247 247 247 247 247 247 247 247 247 247 247 247 247 247 249 245 238 193 136 116 100 92 88 102 106 89 87 75 81 113 106 89 96 107 100 94 77 67 67 67 84 86 83 84 89 95 114 122 135 138 141 136 133 127 125 132 133 126 127 138 142 158 158 158 143 125 132 138 134 132 169 178 241 247 247 247 247 247 247 247 247 247 247 247 247 247 247 247 247 
247 247 247 247 247 247 247 247 247 247 247 247 247 247 247 247 247 247 247 248 247 244 207 160 126 99 91 88 96 98 92 91 71 77 109 104 93 98 106 104 101 87 79 76 75 83 85 86 87 96 101 116 120 128 130 132 132 132 137 139 143 144 137 138 149 151 161 160 157 144 129 134 138 136 135 182 194 244 248 247 247 247 247 247 247 247 247 247 247 247 247 247 247 247 
247 247 247 247 247 247 247 247 247 247 247 247 247 247 247 247 247 247 247 247 249 252 226 192 139 97 91 88 89 89 97 97 65 71 103 102 98 101 106 108 110 100 94 87 85 83 83 90 92 105 108 118 119 120 120 121 128 132 150 157 158 158 152 153 162 163 166 163 156 146 133 136 138 139 139 199 214 247 250 247 247 247 247 247 247 247 247 247 247 247 247 247 247 247 
247 247 247 247 247 247 247 247 247 247 247 247 247 247 247 247 247 247 247 247 248 250 237 220 163 117 96 86 86 85 94 94 71 74 93 96 105 103 101 106 112 105 101 94 92 88 88 89 91 101 104 114 116 119 120 120 127 131 144 150 153 154 157 158 167 167 166 161 150 145 139 138 137 149 155 216 231 247 249 247 247 247 247 247 247 247 247 247 247 247 247 247 247 247 
247 247 247 247 247 247 247 247 247 247 247 247 247 247 247 247 247 247 247 247 248 249 246 243 181 133 100 84 83 83 92 92 75 77 85 92 110 105 97 105 113 109 107 99 97 93 92 89 90 98 101 111 114 118 119 120 127 131 140 144 150 151 162 163 171 170 166 160 146 145 144 140 136 158 168 229 244 248 248 247 247 247 247 247 247 247 247 247 247 247 247 247 247 247 
247 247 247 247 247 247 247 247 247 247 247 247 247 247 247 247 247 247 247 247 247 248 248 249 213 185 122 93 84 82 86 86 83 82 76 86 111 104 92 99 106 109 111 104 102 96 95 88 88 87 89 95 99 106 109 112 116 119 130 134 147 150 164 165 169 167 160 156 147 147 147 145 143 185 204 239 248 247 247 247 247 247 247 247 247 247 247 247 247 247 247 247 247 247 
247 247 247 247 247 247 247 247 247 247 247 247 247 247 247 247 247 247 247 247 247 247 249 252 228 210 133 97 84 81 83 83 87 85 72 83 112 103 90 97 103 109 113 107 105 98 97 88 87 82 83 87 92 100 104 109 112 114 126 130 146 149 165 166 168 166 158 155 148 148 148 147 147 198 222 244 250 247 247 247 247 247 247 247 247 247 247 247 247 247 247 247 247 247 
247 247 247 247 247 247 247 247 247 247 247 247 247 247 247 247 247 247 247 247 247 247 247 248 245 244 185 158 97 82 81 81 87 85 73 80 98 100 102 97 93 104 110 109 109 104 103 94 93 84 84 85 88 92 97 103 109 113 127 132 149 152 165 166 164 162 157 156 155 152 148 171 188 226 244 247 248 247 247 247 247 247 247 247 247 247 247 247 247 247 247 247 247 247 
247 247 247 247 247 247 247 247 247 247 247 247 247 247 247 247 247 247 247 247 247 247 247 247 250 252 198 173 100 82 80 80 87 85 73 79 95 99 105 98 91 103 109 110 110 106 105 96 95 85 85 85 87 90 95 101 108 113 127 133 150 153 165 166 163 162 157 157 157 153 148 177 199 234 250 248 247 247 247 247 247 247 247 247 247 247 247 247 247 247 247 247 247 247 
247 247 247 247 247 247 247 247 247 247 247 247 247 247 247 247 247 247 247 247 247 247 247 247 248 249 242 238 153 132 80 75 81 82 83 81 76 91 112 103 94 99 101 105 106 104 104 102 102 103 104 104 105 106 110 114 123 130 139 143 155 158 166 166 164 163 162 162 161 166 174 211 240 245 248 247 247 247 247 247 247 247 247 247 247 247 247 247 247 247 247 247 247 247 
247 247 247 247 247 247 247 247 247 247 247 247 247 247 247 247 247 247 247 247 247 247 247 247 248 249 246 244 161 140 81 76 81 81 84 81 75 90 112 103 95 99 101 105 106 104 104 103 103 105 105 106 107 108 112 116 125 132 140 144 156 158 165 165 164 164 163 163 161 169 178 215 244 247 248 247 247 247 247 247 247 247 247 247 247 247 247 247 247 247 247 247 247 247 
247 247 247 247 247 247 247 247 247 247 247 247 247 247 247 247 247 247 247 247 247 247 247 247 247 247 250 251 233 228 116 105 74 76 88 84 75 81 91 102 113 105 101 104 105 104 104 103 104 110 111 116 119 123 128 133 140 144 148 150 157 158 160 160 162 163 168 169 170 194 224 239 250 248 247 247 247 247 247 247 247 247 247 247 247 247 247 247 247 247 247 247 247 247 
247 247 247 247 247 247 247 247 247 247 247 247 247 247 247 247 247 247 247 247 247 247 247 247 247 247 249 250 236 232 130 120 76 78 87 84 76 81 88 101 112 106 102 105 106 105 105 104 105 111 112 117 119 124 128 133 140 144 149 151 157 158 159 159 162 164 169 171 175 198 228 240 249 248 247 247 247 247 247 247 247 247 247 247 247 247 247 247 247 247 247 247 247 247 
247 247 247 247 247 247 247 247 247 247 247 247 247 247 247 247 247 247 247 247 247 247 247 247 247 247 247 247 252 253 208 199 87 86 80 81 83 80 76 94 110 110 110 110 110 109 109 110 111 117 118 123 125 128 132 136 141 144 152 155 160 161 154 155 165 167 173 182 202 223 249 248 247 247 247 247 247 247 247 247 247 247 247 247 247 247 247 247 247 247 247 247 247 247 
247 247 247 247 247 247 247 247 247 247 247 247 247 247 247 247 247 247 247 247 247 247 247 247 247 247 247 247 250 251 220 213 112 107 79 80 82 79 75 90 104 107 109 111 111 112 113 111 112 117 118 122 123 126 130 133 138 142 150 153 158 159 155 155 166 168 176 187 211 228 249 248 247 247 247 247 247 247 247 247 247 247 247 247 247 247 247 247 247 247 247 247 247 247 
247 247 247 247 247 247 247 247 247 247 247 247 247 247 247 247 247 247 247 247 247 247 247 247 247 247 247 247 247 247 253 250 177 161 77 78 79 77 74 82 89 102 109 114 115 121 122 115 115 116 117 119 120 122 124 127 133 137 144 147 155 156 156 157 170 173 183 200 235 241 249 248 247 247 247 247 247 247 247 247 247 247 247 247 247 247 247 247 247 247 247 247 247 247 
247 247 247 247 247 247 247 247 247 247 247 247 247 247 247 247 247 247 247 247 247 247 247 247 247 247 247 247 247 247 251 249 206 191 112 102 75 74 71 77 82 94 101 106 108 116 117 116 116 117 118 120 121 122 123 125 132 136 142 144 151 153 155 156 166 172 194 209 241 244 248 247 247 247 247 247 247 247 247 247 247 247 247 247 247 247 247 247 247 247 247 247 247 247 
247 247 247 247 247 247 247 247 247 247 247 247 247 247 247 247 247 247 247 247 247 247 247 247 247 247 247 247 247 247 248 248 250 236 164 138 70 69 68 70 72 83 89 96 98 108 109 118 118 120 120 121 121 122 122 123 130 135 138 139 147 149 155 155 160 170 211 223 250 249 247 247 247 247 247 247 247 247 247 247 247 247 247 247 247 247 247 247 247 247 247 247 247 247 
247 247 247 247 247 247 247 247 247 247 247 247 247 247 247 247 247 247 247 247 247 247 247 247 247 247 247 247 247 247 247 247 249 243 208 183 117 99 72 68 64 72 76 83 85 95 96 106 107 113 114 118 120 121 121 120 125 128 131 132 136 138 138 140 163 176 229 235 249 248 247 247 247 247 247 247 247 247 247 247 247 247 247 247 247 247 247 247 247 247 247 247 247 247 
247 247 247 247 247 247 247 247 247 247 247 247 247 247 247 247 247 247 247 247 247 247 247 247 247 247 247 247 247 247 247 247 249 249 249 224 161 127 76 66 57 61 64 72 74 84 85 96 97 107 109 116 118 121 120 118 120 122 124 125 127 127 123 126 166 182 245 246 248 248 247 247 247 247 247 247 247 247 247 247 247 247 247 247 247 247 247 247 247 247 247 247 247 247 
247 247 247 247 247 247 247 247 247 247 247 247 247 247 247 247 247 247 247 247 247 247 247 247 247 247 247 247 247 247 247 247 248 248 248 240 218 196 164 135 109 85 72 66 64 66 66 75 76 85 88 97 99 103 102 101 102 103 104 104 106 106 136 143 209 217 248 248 247 247 247 247 247 247 247 247 247 247 247 247 247 247 247 247 247 247 247 247 247 247 247 247 247 247 
247 247 247 247 247 247 247 247 247 247 247 247 247 247 247 247 247 247 247 247 247 247 247 247 247 247 247 247 247 247 247 247 247 247 248 249 250 235 213 174 138 98 76 62 58 56 56 63 64 73 76 86 89 93 92 91 92 93 92 92 95 95 143 152 234 237 250 249 247 247 247 247 247 247 247 247 247 247 247 247 247 247 247 247 247 247 247 247 247 247 247 247 247 247 
247 247 247 247 247 247 247 247 247 247 247 247 247 247 247 247 247 247 247 247 247 247 247 247 247 247 247 247 247 247 247 247 247 247 247 247 248 246 242 233 224 204 193 171 164 135 130 90 87 65 65 63 65 69 69 70 75 78 100 108 153 162 216 221 246 246 248 247 247 247 247 247 247 247 247 247 247 247 247 247 247 247 247 247 247 247 247 247 247 247 247 247 247 247 
247 247 247 247 247 247 247 247 247 247 247 247 247 247 247 247 247 247 247 247 247 247 247 247 247 247 247 247 247 247 247 247 247 247 247 247 247 249 252 251 251 238 230 206 198 159 154 99 95 63 61 56 58 62 62 63 70 74 102 113 172 183 240 243 250 249 247 247 247 247 247 247 247 247 247 247 247 247 247 247 247 247 247 247 247 247 247 247 247 247 247 247 247 247 
247 247 247 247 247 247 247 247 247 247 247 247 247 247 247 247 247 247 247 247 247 247 247 247 247 247 247 247 247 247 247 247 247 247 247 247 247 247 248 247 247 248 247 246 246 242 242 227 224 202 198 185 183 181 183 185 196 203 222 229 241 243 247 247 247 247 247 247 247 247 247 247 247 247 247 247 247 247 247 247 247 247 247 247 247 247 247 247 247 247 247 247 247 247 
247 247 247 247 247 247 247 247 247 247 247 247 247 247 247 247 247 247 247 247 247 247 247 247 247 247 247 247 247 247 247 247 247 247 247 247 247 247 247 247 247 249 250 252 253 254 254 245 242 221 217 203 201 197 199 202 213 221 238 245 251 252 248 248 247 247 247 247 247 247 247 247 247 247 247 247 247 247 247 247 247 247 247 247 247 247 247 247 247 247 247 247 247 247 
