247 247 247 247 247 247 247 247 247 247 247 247 247 247 247 247 247 247 247 248 249 249 247 208 189 160 146 139 124 124 124 119 118 120 113 107 95 92 87 84 82 86 89 95 94 94 93 97 102 108 108 105 109 113 131 138 149 157 162 224 235 251 248 247 247 247 247 247 247 247 247 247 247 247 247 247 247 247 247 247 247 247 
247 247 247 247 247 247 247 247 247 247 247 247 247 247 247 247 247 247 248 248 247 236 229 188 175 155 139 132 119 119 120 113 112 112 107 103 89 87 87 85 83 85 88 93 94 94 97 101 106 110 110 104 107 109 120 127 141 150 156 202 217 243 246 248 247 247 247 247 247 247 247 247 247 247 247 247 247 247 247 247 247 247 
247 247 247 247 247 247 247 247 247 247 247 247 247 247 247 247 247 247 249 248 245 213 196 152 150 147 129 121 110 111 112 104 101 99 97 96 79 80 87 86 86 84 86 89 93 96 103 108 114 114 112 102 103 103 101 107 128 139 146 163 185 230 243 249 247 247 247 247 247 247 247 247 247 247 247 247 247 247 247 247 247 247 
247 247 247 247 247 247 247 247 247 247 247 247 247 247 247 247 248 248 246 232 201 172 158 136 133 128 112 106 100 100 100 100 99 94 92 90 86 89 98 100 102 114 110 103 101 102 119 125 131 125 122 109 112 115 116 118 122 130 136 145 159 188 227 246 248 248 247 247 247 247 247 247 247 247 247 247 247 247 247 247 247 247 
247 247 247 247 247 247 247 247 247 247 247 247 247 247 247 247 248 249 240 221 181 154 141 127 124 119 105 100 97 97 98 102 101 97 94 92 93 97 105 109 111 128 123 113 109 109 129 134 140 133 129 117 121 125 127 127 125 131 135 140 150 170 217 239 246 247 247 247 247 247 247 247 247 247 247 247 247 247 247 247 247 247 
247 247 247 247 247 247 247 247 247 247 247 247 247 247 247 248 247 247 186 170 142 122 112 91 93 96 96 98 110 113 117 133 136 138 139 140 146 146 142 143 144 154 155 156 157 159 167 169 171 173 174 172 177 181 189 187 179 175 172 165 161 153 163 170 217 230 250 248 247 247 247 247 247 247 247 247 247 247 247 247 247 247 
247 247 247 247 247 247 247 247 247 247 247 247 247 247 248 249 231 219 159 149 134 114 105 89 94 101 110 115 130 131 134 143 145 146 146 146 151 150 148 148 148 153 155 157 161 163 170 171 173 174 175 175 178 182 192 193 193 191 190 183 178 166 161 161 198 217 246 247 247 247 247 247 247 247 247 247 247 247 247 247 247 247 
247 247 247 247 247 247 247 247 247 247 247 247 247 248 248 250 210 184 125 123 124 105 96 88 96 108 129 137 155 155 155 156 156 156 155 154 156 156 155 154 153 153 155 159 166 169 173 174 175 176 176 178 181 184 195 200 211 212 212 206 199 183 159 149 173 201 242 247 248 247 247 247 247 247 247 247 247 247 247 247 247 247 
247 247 247 247 247 247 247 247 247 247 247 247 247 250 241 214 164 130 107 106 106 95 91 100 111 128 143 149 155 154 153 153 153 153 154 155 155 155 153 153 152 151 153 155 162 164 169 170 172 172 173 173 175 178 185 190 201 206 209 211 209 204 182 171 148 165 191 230 243 248 247 247 247 247 247 247 247 247 247 247 247 247 
247 247 247 247 247 247 247 247 247 247 247 247 247 248 235 194 147 115 102 101 101 93 90 105 116 134 146 150 154 153 152 152 152 152 154 155 155 154 153 152 152 151 152 154 161 163 167 168 170 171 172 172 174 176 182 187 197 203 208 211 210 209 190 180 143 155 173 221 237 248 248 247 247 247 247 247 247 247 247 247 247 247 
247 247 247 247 247 247 247 247 247 247 247 248 249 236 211 137 119 107 97 98 101 95 93 115 124 138 144 146 148 148 149 150 150 150 152 153 154 154 154 154 154 154 155 157 161 163 164 165 167 169 170 171 173 174 181 184 189 196 200 208 209 211 202 196 151 149 145 193 213 251 249 247 247 247 247 247 247 247 247 247 247 247 
247 247 247 247 247 247 247 247 247 247 247 249 251 219 192 121 109 102 99 98 95 93 93 113 122 136 141 143 144 145 146 147 147 149 151 152 154 154 155 155 154 155 156 158 162 163 164 166 169 172 173 174 175 177 182 184 188 193 197 203 205 208 202 198 159 154 146 182 200 247 247 247 247 247 247 247 247 247 247 247 247 247 
247 247 247 247 247 247 247 247 247 247 247 250 252 204 176 106 101 97 101 97 90 92 94 111 120 134 139 140 141 142 143 144 145 148 150 152 154 155 157 156 155 156 157 160 162 163 165 168 171 175 176 176 178 179 183 184 188 192 194 199 201 205 202 200 167 159 148 172 188 244 246 248 247 247 247 247 247 247 247 247 247 247 
247 247 247 247 247 247 247 247 247 247 247 248 250 169 142 92 94 95 108 106 100 94 92 105 113 127 133 135 134 134 134 136 137 141 145 148 155 156 159 157 157 156 158 162 162 163 166 170 175 184 185 183 183 183 188 190 193 193 193 194 196 200 201 199 168 165 161 166 174 218 233 250 247 247 247 247 247 247 247 247 247 247 
247 247 247 247 247 247 247 247 247 247 247 247 246 154 129 91 94 95 107 105 101 94 92 104 112 124 130 132 132 131 131 133 134 137 141 143 152 153 157 155 155 155 157 161 162 163 165 169 175 184 186 183 183 182 187 189 192 191 191 192 194 198 200 200 169 167 164 166 172 207 228 249 247 247 247 247 247 247 247 247 247 247 
247 247 247 247 247 247 247 247 247 247 249 241 234 123 105 95 96 97 99 100 101 94 92 106 112 120 125 127 127 127 126 127 127 128 129 130 140 143 149 148 148 151 154 158 160 161 162 167 174 182 183 180 178 177 180 181 185 186 186 187 189 194 199 201 174 171 167 169 172 184 215 248 247 247 247 247 247 247 247 247 247 247 
247 247 247 247 247 247 247 247 247 247 250 237 226 112 96 92 95 98 103 103 102 97 95 103 108 114 122 124 124 123 123 124 125 125 126 126 135 138 145 146 146 148 151 156 159 160 161 166 172 180 182 179 178 176 179 180 184 184 184 185 186 189 196 199 178 172 165 175 179 182 212 245 247 247 247 247 247 247 247 247 247 247 
247 247 247 247 247 247 247 247 247 248 251 235 220 106 90 91 95 98 106 105 103 100 98 102 106 111 119 122 122 122 121 123 123 123 124 124 131 135 142 144 145 146 149 155 158 159 161 165 170 179 181 179 177 176 179 180 183 183 183 184 184 185 194 197 180 173 163 179 184 181 211 243 247 248 247 247 247 247 247 247 247 247 
247 247 247 247 247 247 247 247 247 248 252 228 206 106 92 91 100 106 120 114 101 99 98 107 109 114 115 116 120 122 125 126 128 132 135 137 142 144 149 151 152 154 155 159 160 161 161 161 162 171 173 174 175 176 178 179 184 185 186 186 185 185 190 192 186 180 173 177 177 169 200 234 246 248 247 247 247 247 247 247 247 247 
247 247 247 247 247 247 247 247 247 248 252 224 198 105 92 92 104 112 122 116 103 100 100 110 112 116 115 116 119 122 125 129 131 135 138 141 145 147 152 153 154 156 158 161 162 162 162 162 162 169 172 174 175 176 179 181 185 187 188 186 186 184 189 191 189 183 176 177 176 169 198 229 246 249 247 247 247 247 247 247 247 247 
247 247 247 247 247 247 247 247 247 248 253 217 184 101 91 94 111 122 126 120 107 104 103 116 118 121 117 116 117 120 124 133 136 141 144 147 150 151 155 157 158 160 162 166 165 165 165 164 162 167 169 174 176 178 182 184 189 191 192 187 186 183 187 189 195 190 182 176 174 171 194 219 245 249 247 247 247 247 247 247 247 247 
247 247 247 247 247 247 247 247 247 248 252 214 179 106 96 96 109 117 119 115 107 105 105 119 120 124 121 120 118 120 123 133 136 142 144 146 149 150 152 155 157 160 162 165 166 166 166 164 161 165 168 176 176 176 180 182 187 188 188 187 186 186 186 187 193 192 190 184 181 176 192 210 244 249 247 247 247 247 247 247 247 247 
247 247 247 247 247 247 247 247 247 248 252 212 176 108 99 97 107 114 115 113 107 106 107 120 122 124 123 122 119 121 123 133 136 142 144 146 148 149 149 153 155 159 161 164 166 166 167 164 161 164 166 176 176 175 179 181 185 186 187 187 187 187 187 187 192 193 194 188 185 178 192 206 243 249 247 247 247 247 247 247 247 247 
247 247 247 247 247 247 247 247 247 248 251 202 157 111 103 98 101 103 100 102 105 110 112 118 118 117 118 119 126 128 131 134 136 138 139 139 136 136 135 139 141 147 148 150 153 155 162 158 153 154 156 168 166 165 166 167 172 175 177 186 189 195 197 198 195 196 197 195 193 181 195 210 244 249 247 247 247 247 247 247 247 247 
247 247 247 247 247 247 247 247 247 248 250 198 150 104 96 92 95 98 96 99 105 111 113 118 118 117 120 121 129 132 134 136 136 135 132 130 126 125 126 129 130 137 139 142 144 146 155 152 147 147 149 158 153 149 145 145 147 152 155 166 170 179 189 194 198 197 197 195 193 179 193 209 243 249 247 247 247 247 247 247 247 247 
247 247 247 247 247 247 247 247 248 248 248 191 139 94 87 82 87 91 90 95 106 112 115 119 119 118 123 125 135 136 138 138 137 131 124 118 111 111 112 114 115 123 126 130 132 134 146 143 139 137 138 143 133 124 113 111 109 117 123 136 143 155 177 188 203 201 197 195 193 176 191 207 243 249 247 247 247 247 247 247 247 247 
247 247 247 247 247 247 247 247 248 248 246 185 129 83 76 75 82 86 95 100 111 116 119 121 121 122 130 133 133 124 114 102 97 85 79 75 71 70 70 75 78 94 99 108 115 119 140 137 134 129 124 111 95 81 60 56 51 57 61 78 85 96 123 138 193 196 201 201 198 176 190 204 243 249 247 247 247 247 247 247 247 247 
247 247 247 247 247 247 247 247 248 247 245 183 125 78 72 73 80 85 97 103 113 118 120 122 122 123 131 133 126 113 99 84 79 66 62 58 55 55 54 60 64 81 87 97 107 114 137 136 134 125 119 98 82 68 46 41 37 43 46 65 71 81 105 118 183 191 203 204 201 176 189 203 242 249 247 247 247 247 247 247 247 247 
247 247 247 247 247 247 247 247 248 247 244 180 121 70 66 74 81 85 106 111 118 121 122 123 123 124 119 113 80 64 46 38 36 35 35 35 32 32 33 38 41 51 57 69 93 105 135 139 145 124 112 76 72 69 65 66 69 77 83 99 102 107 98 96 135 161 201 209 207 176 188 200 242 249 247 247 247 247 247 247 247 247 
247 247 247 247 247 247 247 247 249 249 245 181 122 74 69 72 78 81 107 112 121 122 123 122 122 121 101 91 63 57 51 53 54 57 58 59 50 49 48 53 56 56 61 68 92 104 140 145 153 129 116 81 78 75 63 60 58 63 67 83 88 97 103 106 133 155 189 207 208 175 187 199 242 250 248 247 247 247 247 247 247 247 
247 247 247 247 247 247 247 247 251 251 247 183 124 79 73 71 75 78 109 114 124 124 124 121 120 118 82 68 44 50 57 69 73 82 84 86 69 67 64 70 73 62 64 68 92 105 145 152 162 134 121 87 84 81 60 54 46 48 50 65 73 87 108 119 131 149 177 206 210 175 186 198 243 251 249 248 247 247 247 247 247 247 
247 247 247 247 247 247 247 247 231 226 220 173 129 86 78 68 75 79 115 121 129 126 125 123 112 94 72 65 64 61 57 45 40 33 38 41 56 55 50 56 60 55 60 68 98 113 153 161 170 142 126 82 73 66 59 56 50 52 53 70 69 66 66 68 120 139 167 201 208 174 171 168 204 216 238 243 248 247 247 247 247 247 
247 247 247 247 247 248 244 240 205 196 194 156 121 85 77 68 76 82 118 123 129 126 125 123 110 90 72 66 62 57 52 42 38 31 37 41 63 62 56 58 59 55 59 68 100 116 153 161 171 144 129 87 78 69 63 61 58 62 65 84 83 79 72 70 112 131 160 199 207 176 168 160 185 198 230 240 249 247 247 247 247 247 
247 247 247 247 247 252 234 210 118 97 109 98 87 74 71 67 81 90 126 126 125 125 125 121 110 93 80 72 40 37 34 48 53 59 68 75 102 100 90 73 64 58 62 69 104 119 148 156 166 148 139 111 102 93 81 81 88 104 115 137 141 148 128 117 87 108 139 194 208 185 168 150 139 151 205 231 252 247 247 247 247 247 
247 247 247 247 247 252 226 193 106 88 103 97 93 80 76 68 86 97 126 126 121 121 120 108 98 82 67 60 48 52 57 71 74 78 82 85 94 91 82 75 72 70 74 82 110 123 145 153 164 155 149 127 120 114 100 97 94 101 105 120 125 135 130 127 114 125 142 188 202 194 179 163 139 148 203 230 252 247 247 247 247 247 
247 247 247 247 247 253 220 179 97 80 98 97 97 86 80 69 89 103 127 125 119 118 117 99 89 73 56 51 54 65 76 89 91 93 94 94 88 84 75 77 78 80 84 92 116 126 142 151 163 161 157 139 135 131 115 110 99 98 97 107 113 125 132 136 135 139 144 184 198 202 189 174 140 147 201 230 252 247 247 247 247 247 
247 247 247 247 247 253 221 180 111 96 113 107 103 109 102 80 90 97 125 124 121 116 113 96 90 81 82 82 83 82 81 78 78 80 86 91 99 103 110 112 114 102 105 111 127 134 146 152 160 169 169 160 158 157 154 152 146 141 138 137 137 138 146 150 166 168 171 186 193 206 194 181 148 152 195 227 252 247 247 247 247 247 
247 247 247 247 247 253 220 178 113 100 116 112 108 111 105 85 93 98 125 124 121 116 113 101 98 92 95 96 95 94 92 89 90 93 98 102 108 111 117 117 117 107 110 117 130 136 148 154 161 171 173 165 163 161 159 158 153 149 147 146 145 144 151 155 173 176 179 188 192 204 194 182 150 154 193 226 252 247 247 247 247 247 
247 247 247 247 247 253 218 173 116 105 123 122 122 112 107 95 99 102 125 124 120 118 117 115 116 118 123 124 120 120 120 122 124 131 130 130 129 129 129 121 116 115 120 128 137 141 154 158 163 177 179 174 169 165 165 164 160 160 160 162 160 157 160 163 184 189 196 192 192 199 192 184 156 158 187 223 252 247 247 247 247 247 
247 247 247 247 247 253 222 183 123 110 123 117 112 90 91 104 112 118 122 122 119 120 121 119 124 131 137 139 136 136 137 137 137 139 135 131 130 129 128 119 114 112 116 125 138 144 154 157 161 174 177 176 164 153 143 145 155 162 166 168 167 166 168 169 183 190 199 200 198 185 178 170 162 168 199 228 251 247 247 247 247 247 
247 247 247 247 247 253 224 188 126 113 123 114 106 77 82 110 120 127 121 120 119 122 123 121 128 138 146 148 145 146 147 145 145 144 137 132 130 129 128 119 114 110 115 123 139 146 155 157 160 173 176 178 162 147 131 135 152 163 170 172 172 171 172 173 183 190 201 204 202 177 170 162 165 174 206 231 251 247 247 247 247 247 
247 247 247 247 247 250 242 231 150 126 105 94 84 61 71 114 125 132 117 118 123 124 124 130 136 146 148 148 145 146 148 151 150 145 141 138 133 124 102 98 96 113 118 127 141 147 153 154 155 166 172 188 176 165 143 130 100 111 119 155 162 172 179 182 188 190 193 207 209 185 170 153 179 194 236 243 249 247 247 247 247 247 
247 247 247 247 247 249 244 237 160 134 102 92 84 70 80 117 126 131 116 117 120 122 123 130 135 142 143 143 142 144 146 148 147 142 138 134 119 112 96 105 111 123 126 129 139 143 152 153 154 167 173 186 179 172 160 148 117 107 101 134 143 161 172 178 185 186 189 204 206 185 168 149 181 198 240 245 248 247 247 247 247 247 
247 247 247 247 247 247 248 249 177 149 96 89 83 86 95 123 128 131 116 115 115 118 120 130 132 136 134 134 138 141 144 145 144 138 132 127 95 90 86 119 137 142 139 134 136 138 150 152 154 169 175 183 184 184 191 181 146 100 69 95 111 143 161 170 179 180 181 198 202 186 165 142 186 205 248 247 247 247 247 247 247 247 
247 247 247 247 247 247 249 252 189 161 94 91 88 99 108 128 130 131 120 117 113 115 116 122 122 122 120 120 123 125 128 128 127 123 110 100 76 81 97 115 125 125 121 114 109 109 127 132 138 148 151 150 147 144 148 148 146 117 98 71 82 107 130 141 156 160 167 187 193 190 168 145 188 207 249 248 247 247 247 247 247 247 
247 247 247 247 247 247 249 253 195 167 95 93 91 105 113 130 130 131 121 118 113 114 115 118 116 114 114 114 116 118 120 120 119 115 99 86 69 77 100 110 116 113 109 101 95 94 115 121 129 138 139 135 131 126 131 135 146 125 112 64 71 90 114 127 145 151 161 182 189 190 170 148 191 209 250 248 247 247 247 247 247 247 
247 247 247 247 247 247 249 252 212 187 107 103 100 110 115 126 129 131 123 121 118 116 115 105 101 94 96 97 100 102 104 103 100 86 70 58 75 77 79 67 60 52 51 48 52 56 79 88 100 112 114 107 101 95 119 128 145 143 142 85 74 55 81 94 126 134 147 168 176 187 177 167 201 216 250 248 247 247 247 247 247 247 
247 247 247 247 247 247 249 251 222 199 115 110 106 111 114 121 126 129 124 122 119 115 112 97 94 89 90 92 93 95 96 93 88 71 65 60 76 78 79 67 61 51 49 47 47 49 69 78 90 106 111 118 117 117 131 136 146 145 144 103 87 59 71 79 114 125 141 162 170 184 181 177 210 222 250 248 247 247 247 247 247 247 
247 247 247 247 247 247 248 249 235 215 125 119 114 114 114 115 122 127 124 123 120 113 109 88 86 82 84 84 85 85 86 79 73 52 59 64 79 80 79 68 62 50 48 45 41 41 56 65 77 99 108 132 139 145 146 146 147 147 147 125 105 65 60 59 99 113 134 154 162 180 185 190 220 231 249 248 247 247 247 247 247 247 
247 247 247 247 247 247 247 247 247 236 175 152 131 130 127 120 128 134 123 122 122 114 109 82 79 75 77 77 74 73 72 60 58 57 67 75 83 84 85 82 80 75 74 73 75 76 90 95 100 109 115 135 142 148 148 148 147 144 143 135 124 101 73 60 80 101 132 149 157 176 187 199 233 241 248 247 247 247 247 247 247 247 
247 247 247 247 247 247 247 247 250 242 196 165 136 131 131 132 138 143 122 121 122 114 109 82 78 72 75 75 71 69 68 56 56 61 70 78 85 86 88 87 87 84 84 84 87 89 103 105 109 114 119 136 142 148 147 147 146 143 142 138 130 113 80 65 76 98 132 148 156 173 184 197 235 244 248 247 247 247 247 247 247 247 
247 247 247 247 247 247 247 247 249 247 236 188 144 118 134 193 184 178 119 119 124 114 108 86 80 70 74 74 70 66 62 62 64 70 76 80 88 91 95 98 99 100 101 104 107 109 122 123 125 129 132 140 141 142 138 138 139 139 139 139 136 129 104 92 82 102 131 151 158 162 169 176 231 243 248 247 247 247 247 247 247 247 
247 247 247 247 247 247 247 247 248 247 242 205 170 153 168 224 203 189 117 116 121 112 107 90 82 70 75 76 75 69 64 67 68 74 78 81 84 85 85 85 85 84 84 85 87 89 101 105 110 114 116 122 123 125 119 113 97 96 96 116 118 119 104 97 97 111 132 158 170 199 200 201 238 245 247 247 247 247 247 247 247 247 
247 247 247 247 247 247 247 247 247 247 248 220 194 185 200 252 220 199 115 114 118 111 106 94 84 70 76 78 79 72 65 71 73 77 80 82 81 80 76 74 73 69 68 67 68 70 82 89 97 101 103 106 108 109 102 91 58 57 56 95 101 110 105 103 112 120 133 164 181 234 229 224 243 247 247 247 247 247 247 247 247 247 
247 247 247 247 247 247 247 247 247 247 247 245 243 243 245 251 232 219 124 118 114 108 104 100 89 72 75 78 92 84 76 70 66 57 49 43 34 36 44 56 63 62 63 65 77 81 84 94 107 129 137 148 151 154 157 135 63 33 14 50 71 111 110 111 134 134 135 178 199 250 248 247 247 247 247 247 247 247 247 247 247 247 
247 247 247 247 247 247 247 247 247 247 247 248 249 250 250 250 237 228 132 123 113 106 103 102 92 77 75 77 95 88 81 71 64 46 37 30 30 36 51 68 77 78 80 84 99 105 107 115 127 149 156 164 167 170 172 148 71 39 17 61 79 115 114 115 138 138 137 184 206 251 250 249 247 247 247 247 247 247 247 247 247 247 
247 247 247 247 247 247 247 247 247 247 247 247 247 247 247 248 247 246 155 138 111 104 101 105 99 90 74 72 98 96 94 75 61 21 13 6 37 53 86 112 126 134 138 145 166 174 178 180 183 200 203 196 199 201 197 172 95 66 47 112 119 127 124 124 143 142 141 199 221 250 249 247 247 247 247 247 247 247 247 247 247 247 
247 247 247 247 247 247 247 247 247 247 247 247 247 247 247 247 249 249 182 158 111 104 101 98 100 102 77 72 93 97 101 83 74 50 34 21 50 67 103 125 137 146 150 157 171 178 189 189 188 199 200 194 193 192 174 154 98 95 93 138 135 125 128 131 139 143 149 209 230 249 248 247 247 247 247 247 247 247 247 247 247 247 
247 247 247 247 247 247 247 247 247 247 247 247 247 247 247 247 250 252 200 170 112 105 101 94 100 110 80 72 90 98 106 89 83 69 48 32 59 76 115 134 144 154 158 166 175 180 197 195 192 198 199 193 190 187 158 141 101 114 123 155 146 124 131 135 136 143 154 216 237 249 248 247 247 247 247 247 247 247 247 247 247 247 
247 247 247 247 247 247 247 247 247 247 247 247 247 247 247 247 248 249 237 204 135 111 100 88 95 106 91 85 75 93 112 93 92 105 97 91 69 67 69 81 88 86 88 92 110 118 137 140 143 137 134 127 131 135 128 129 136 148 156 158 147 125 134 137 132 150 177 230 246 247 247 247 247 247 247 247 247 247 247 247 247 247 
247 247 247 247 247 247 247 247 247 247 247 247 247 247 247 247 248 248 243 214 154 116 98 88 93 100 93 88 72 90 110 95 95 107 102 99 77 75 73 81 85 85 88 94 109 116 130 132 134 133 133 135 138 141 135 137 146 155 160 157 148 128 135 138 134 156 189 234 248 247 247 247 247 247 247 247 247 247 247 247 247 247 
247 247 247 247 247 247 247 247 247 247 247 247 247 247 247 247 247 247 252 233 192 127 97 88 88 89 96 94 65 83 103 99 100 106 108 110 95 91 85 84 83 90 95 105 114 118 120 120 121 130 136 157 158 158 153 154 162 164 166 156 149 133 136 138 139 169 214 241 250 247 247 247 247 247 247 247 247 247 247 247 247 247 
247 247 247 247 247 247 247 247 247 247 247 247 247 247 247 247 247 247 250 242 227 155 120 85 85 85 92 92 72 81 91 104 105 100 107 112 103 100 93 91 89 89 93 100 110 114 119 119 120 129 134 148 151 153 158 161 168 167 166 150 146 140 138 137 159 189 234 245 248 247 247 247 247 247 247 247 247 247 247 247 247 247 
247 247 247 247 247 247 247 247 247 247 247 247 247 247 247 247 247 247 249 247 243 170 134 84 84 83 90 90 75 80 84 106 107 97 105 112 107 104 97 94 92 89 92 97 106 111 117 118 119 128 132 143 147 151 161 164 171 168 166 147 145 144 139 138 170 200 244 247 248 247 247 247 247 247 247 247 247 247 247 247 247 247 
247 247 247 247 247 247 247 247 247 247 247 247 247 247 247 247 247 247 247 249 252 223 205 97 91 81 83 83 87 80 72 106 108 90 97 103 112 111 105 100 97 88 86 82 86 88 100 104 109 113 117 130 140 149 164 166 168 162 158 148 148 148 147 150 222 233 250 248 247 247 247 247 247 247 247 247 247 247 247 247 247 247 
247 247 247 247 247 247 247 247 247 247 247 247 247 247 247 247 247 247 247 248 250 234 223 127 109 81 82 82 87 80 72 100 103 96 97 98 110 110 107 102 100 91 88 83 85 87 96 100 106 112 116 131 141 150 164 166 166 161 158 152 150 148 161 170 233 239 249 247 247 247 247 247 247 247 247 247 247 247 247 247 247 247 
247 247 247 247 247 247 247 247 247 247 247 247 247 247 247 247 247 247 247 247 247 250 249 173 137 82 80 81 87 80 73 91 97 105 97 91 108 109 110 107 105 96 92 85 85 85 90 95 101 111 116 133 143 153 164 165 163 159 157 157 154 148 183 201 250 249 247 247 247 247 247 247 247 247 247 247 247 247 247 247 247 247 
247 247 247 247 247 247 247 247 247 247 247 247 247 247 247 247 247 247 247 247 247 249 249 227 185 123 87 77 82 82 81 80 86 111 101 93 102 104 107 105 104 101 101 100 101 101 104 107 112 124 129 141 149 157 165 165 164 162 161 160 163 169 213 234 248 248 247 247 247 247 247 247 247 247 247 247 247 247 247 247 247 247 
247 247 247 247 247 247 247 247 247 247 247 247 247 247 247 247 247 247 247 247 247 248 248 245 206 147 95 79 80 82 84 77 82 110 102 96 100 102 106 105 104 103 104 105 107 107 110 113 117 129 134 145 152 158 164 165 164 164 163 162 168 182 225 245 248 247 247 247 247 247 247 247 247 247 247 247 247 247 247 247 247 247 
247 247 247 247 247 247 247 247 247 247 247 247 247 247 247 247 247 247 247 247 247 247 247 251 242 228 135 102 74 81 88 77 78 91 103 113 102 102 105 104 104 103 106 110 114 117 123 127 133 142 145 150 154 158 160 160 162 166 168 170 187 224 242 250 247 247 247 247 247 247 247 247 247 247 247 247 247 247 247 247 247 247 
247 247 247 247 247 247 247 247 247 247 247 247 247 247 247 247 247 247 247 247 247 247 247 249 245 240 174 144 80 82 84 80 80 84 99 112 106 106 107 107 106 106 109 113 117 120 125 129 134 142 145 152 156 159 157 158 163 167 170 185 201 236 244 248 247 247 247 247 247 247 247 247 247 247 247 247 247 247 247 247 247 247 
247 247 247 247 247 247 247 247 247 247 247 247 247 247 247 247 247 247 247 247 247 247 247 247 249 253 216 190 87 84 80 83 82 76 95 110 110 110 110 109 109 110 113 117 121 123 128 132 136 142 146 155 158 161 155 157 165 170 173 201 217 249 248 247 247 247 247 247 247 247 247 247 247 247 247 247 247 247 247 247 247 247 
247 247 247 247 247 247 247 247 247 247 247 247 247 247 247 247 247 247 247 247 247 247 247 247 247 248 246 235 162 122 77 79 79 74 84 92 108 110 114 118 120 114 115 116 118 120 123 125 128 136 140 148 153 157 156 159 169 176 181 228 236 249 247 247 247 247 247 247 247 247 247 247 247 247 247 247 247 247 247 247 247 247 
247 247 247 247 247 247 247 247 247 247 247 247 247 247 247 247 247 247 247 247 247 247 247 247 247 247 251 245 192 145 94 80 76 73 80 85 103 107 111 117 119 115 116 117 119 119 122 124 126 134 138 145 150 155 156 159 168 180 188 236 241 248 247 247 247 247 247 247 247 247 247 247 247 247 247 247 247 247 247 247 247 247 
247 247 247 247 247 247 247 247 247 247 247 247 247 247 247 247 247 247 247 247 247 247 247 247 247 247 248 248 250 209 164 85 70 68 70 72 88 92 98 105 109 118 119 120 121 121 122 122 123 133 136 139 144 149 154 156 160 191 211 248 249 247 247 247 247 247 247 247 247 247 247 247 247 247 247 247 247 247 247 247 247 247 
247 247 247 247 247 247 247 247 247 247 247 247 247 247 247 247 247 247 247 247 247 247 247 247 247 247 247 247 249 231 211 135 111 72 67 63 74 78 84 91 95 106 108 113 117 118 121 121 120 126 128 131 134 137 137 143 163 203 230 248 248 247 247 247 247 247 247 247 247 247 247 247 247 247 247 247 247 247 247 247 247 247 
247 247 247 247 247 247 247 247 247 247 247 247 247 247 247 247 247 247 247 247 247 247 247 247 247 247 247 247 249 249 249 175 144 76 65 57 63 67 74 81 85 96 100 107 113 116 121 120 118 121 122 125 126 127 123 133 166 213 245 248 248 247 247 247 247 247 247 247 247 247 247 247 247 247 247 247 247 247 247 247 247 247 
247 247 247 247 247 247 247 247 247 247 247 247 247 247 247 247 247 247 247 247 247 247 247 247 247 247 247 247 247 247 248 244 235 202 162 131 79 71 59 58 58 65 69 76 85 89 95 94 93 95 95 95 96 97 138 164 229 241 249 247 247 247 247 247 247 247 247 247 247 247 247 247 247 247 247 247 247 247 247 247 247 247 
247 247 247 247 247 247 247 247 247 247 247 247 247 247 247 247 247 247 247 247 247 247 247 247 247 247 247 247 247 247 248 249 244 224 193 169 123 113 97 88 83 73 72 70 75 78 84 84 83 87 89 98 109 119 166 188 238 245 249 247 247 247 247 247 247 247 247 247 247 247 247 247 247 247 247 247 247 247 247 247 247 247 
247 247 247 247 247 247 247 247 247 247 247 247 247 247 247 247 247 247 247 247 247 247 247 247 247 247 247 247 247 247 247 247 248 252 251 251 232 221 198 170 154 99 86 63 58 56 62 62 63 72 80 113 149 183 235 244 250 248 247 247 247 247 247 247 247 247 247 247 247 247 247 247 247 247 247 247 247 247 247 247 247 247 
247 247 247 247 247 247 247 247 247 247 247 247 247 247 247 247 247 247 247 247 247 247 247 247 247 247 247 247 247 247 247 247 247 249 248 248 243 240 233 223 218 192 182 164 154 150 148 150 152 165 173 197 213 227 244 246 248 247 247 247 247 247 247 247 247 247 247 247 247 247 247 247 247 247 247 247 247 247 247 247 247 247 
247 247 247 247 247 247 247 247 247 247 247 247 247 247 247 247 247 247 247 247 247 247 247 247 247 247 247 247 247 247 247 247 247 247 247 247 250 251 253 254 254 245 236 221 208 203 197 199 202 217 225 245 249 252 248 248 247 247 247 247 247 247 247 247 247 247 247 247 247 247 247 247 247 247 247 247 247 247 247 247 247 247 
