247 247 247 247 247 247 247 247 247 247 247 247 247 247 247 247 247 247 247 247 247 247 247 247 247 248 249 249 249 236 208 198 160 158 141 141 125 124 124 124 120 118 119 120 114 107 102 94 92 87 86 82 82 82 86 94 95 94 94 93 93 98 102 105 109 108 105 106 113 114 134 134 148 149 159 162 206 227 240 251 249 247 247 247 247 247 247 247 247 247 247 247 247 247 247 247 247 247 247 247 247 247 247 247 247 247 
247 247 247 247 247 247 247 247 247 247 247 247 247 247 247 247 247 247 247 247 247 247 247 247 247 248 249 249 249 236 208 198 160 158 141 141 125 124 124 124 120 118 119 120 114 107 102 94 92 87 86 82 82 82 86 94 95 94 94 93 93 98 102 105 109 108 105 106 113 114 134 134 148 149 159 162 206 227 240 251 249 247 247 247 247 247 247 247 247 247 247 247 247 247 247 247 247 247 247 247 247 247 247 247 247 247 
247 247 247 247 247 247 247 247 247 247 247 247 247 247 247 247 247 247 247 247 247 247 247 248 249 247 245 227 204 190 158 157 148 147 125 125 112 112 113 113 106 104 102 101 99 97 91 79 81 87 87 85 85 85 84 89 90 94 95 99 102 107 113 113 113 110 102 103 104 104 105 105 128 130 144 148 164 172 206 232 239 249 248 247 247 247 247 247 247 247 247 247 247 247 247 247 247 247 247 247 247 247 247 247 247 247 
247 247 247 247 247 247 247 247 247 247 247 247 247 247 247 247 247 247 247 247 247 247 247 248 249 247 245 224 198 183 152 151 147 145 123 123 111 110 112 112 105 102 100 99 98 96 89 77 79 87 87 86 86 86 84 88 89 94 95 100 103 109 114 114 114 111 102 102 103 103 101 101 126 128 142 146 158 164 201 230 238 249 248 247 247 247 247 247 247 247 247 247 247 247 247 247 247 247 247 247 247 247 247 247 247 247 
247 247 247 247 247 247 247 247 247 247 247 247 247 247 247 247 247 247 247 247 247 248 248 247 246 219 199 180 157 150 135 134 127 125 106 106 100 99 100 100 100 100 97 94 92 90 88 86 89 98 99 103 103 103 116 105 104 102 101 113 120 126 132 129 125 120 110 111 116 116 117 117 121 122 132 135 141 144 168 186 212 246 247 248 248 247 247 247 247 247 247 247 247 247 247 247 247 247 247 247 247 247 247 247 247 247 
247 247 247 247 247 247 247 247 247 247 247 247 247 247 247 247 247 247 247 247 247 249 249 246 245 211 184 166 144 140 130 128 121 119 101 101 96 96 96 96 99 100 96 93 91 88 88 89 92 102 103 108 108 108 126 111 109 104 103 118 126 132 138 134 128 124 112 113 120 120 122 122 120 120 130 132 136 138 157 172 204 245 246 249 249 247 247 247 247 247 247 247 247 247 247 247 247 247 247 247 247 247 247 247 247 247 
247 247 247 247 247 247 247 247 247 247 247 247 247 247 247 247 247 247 247 247 248 247 248 219 205 178 157 142 124 118 105 105 105 104 98 98 105 105 109 109 119 123 122 122 121 121 123 126 126 127 128 131 131 131 144 139 139 138 138 147 152 156 159 158 157 155 150 152 159 159 165 165 158 158 157 158 156 155 158 160 175 196 206 228 232 249 249 247 247 247 247 247 247 247 247 247 247 247 247 247 247 247 247 247 247 247 
247 247 247 247 247 247 247 247 247 247 247 247 247 247 247 247 247 247 247 248 248 247 247 203 183 160 142 129 113 106 91 92 96 96 96 96 109 110 116 117 131 136 137 138 139 140 143 147 146 142 142 144 144 144 154 156 156 158 158 164 167 169 171 172 174 173 172 173 181 181 190 190 180 179 173 172 167 165 158 153 160 168 184 217 224 250 250 247 247 247 247 247 247 247 247 247 247 247 247 247 247 247 247 247 247 247 
247 247 247 247 247 247 247 247 247 247 247 247 247 247 247 247 247 247 247 249 249 221 214 172 152 141 132 120 104 99 89 92 102 103 116 116 133 133 136 137 143 146 147 147 147 147 149 152 151 149 149 149 149 149 153 157 157 162 164 168 170 172 173 174 175 175 175 176 182 183 193 193 195 195 193 193 188 186 176 168 164 157 169 194 204 246 246 247 247 247 247 247 247 247 247 247 247 247 247 247 247 247 247 247 247 247 
247 247 247 247 247 247 247 247 247 247 247 247 247 247 247 247 247 248 248 250 250 197 184 143 123 124 124 112 96 93 88 92 108 110 135 135 154 155 155 155 156 156 156 156 155 154 155 156 156 155 155 153 153 153 153 158 159 167 169 172 173 174 175 175 176 177 178 179 184 185 197 197 210 211 212 212 208 206 193 183 168 148 156 173 187 242 242 248 248 247 247 247 247 247 247 247 247 247 247 247 247 247 247 247 247 247 
247 247 247 247 247 247 247 247 247 247 247 247 247 247 247 247 247 249 249 233 232 172 157 128 115 115 115 105 93 93 94 99 118 120 141 141 154 155 154 154 154 154 155 155 155 154 155 155 155 154 154 153 153 153 152 156 157 164 166 169 171 172 173 174 174 175 176 176 181 181 192 192 205 206 210 211 209 208 200 193 179 160 160 161 172 217 219 245 245 247 247 247 247 247 247 247 247 247 247 247 247 247 247 247 247 247 
247 247 247 247 247 247 247 247 247 247 247 247 247 247 247 247 247 251 251 209 205 135 117 107 102 101 101 96 89 93 103 109 133 134 151 151 155 155 153 153 152 152 153 153 154 155 155 155 155 153 153 152 152 152 151 154 154 161 163 166 168 170 171 171 172 172 172 173 176 176 184 184 198 199 207 209 211 212 210 209 195 178 166 142 149 179 184 241 241 248 248 247 247 247 247 247 247 247 247 247 247 247 247 247 247 247 
247 247 247 247 247 247 247 247 247 247 247 247 247 247 247 247 247 246 246 191 186 128 114 105 100 101 101 96 90 95 106 112 134 136 150 150 153 153 152 152 151 151 152 152 153 154 154 155 154 153 153 152 152 152 152 154 155 161 163 165 167 168 170 170 171 171 172 172 175 176 183 183 195 196 204 206 209 211 210 210 198 183 171 144 149 169 174 232 232 248 249 247 247 247 247 247 247 247 247 247 247 247 247 247 247 247 
247 247 247 247 247 247 247 247 247 247 247 247 247 247 247 249 248 234 234 145 137 113 107 100 97 99 101 97 92 99 115 120 138 139 146 146 148 148 149 149 150 150 150 150 151 153 153 154 154 154 154 154 154 154 154 157 157 162 163 164 164 166 167 168 170 170 171 171 174 174 182 182 188 189 198 200 205 208 210 211 205 198 183 151 150 145 150 208 208 249 251 248 247 247 247 247 247 247 247 247 247 247 247 247 247 247 
247 247 247 247 247 247 247 247 247 247 247 247 247 247 247 249 249 228 228 140 132 111 105 100 97 98 99 96 92 99 114 119 137 138 145 145 147 147 148 148 149 149 149 149 151 153 153 154 154 154 154 154 154 154 154 157 157 161 163 164 164 166 168 169 171 171 172 172 175 175 182 182 188 189 197 199 204 206 208 210 205 198 184 153 152 145 150 203 203 248 250 247 247 247 247 247 247 247 247 247 247 247 247 247 247 247 
247 247 247 247 247 247 247 247 247 247 247 247 247 247 248 252 250 198 198 113 106 99 97 100 101 95 90 91 93 99 111 116 134 134 140 140 141 141 143 143 144 144 146 148 150 152 153 154 155 157 157 155 155 155 156 160 160 162 163 164 165 168 171 173 176 176 176 176 179 179 183 183 188 188 193 194 197 199 202 205 203 201 190 167 163 148 151 180 180 241 244 247 248 247 247 247 247 247 247 247 247 247 247 247 247 247 
247 247 247 247 247 247 247 247 247 247 247 247 247 247 248 252 250 196 196 113 105 99 97 100 101 95 90 91 93 99 111 115 134 134 140 140 141 141 142 143 143 143 146 148 150 152 153 154 155 157 157 155 155 155 156 159 160 162 163 164 165 168 171 173 176 176 176 177 179 179 183 183 188 188 193 194 197 199 202 205 203 201 190 167 163 149 151 179 179 240 243 247 248 247 247 247 247 247 247 247 247 247 247 247 247 247 
247 247 247 247 247 247 247 247 247 247 247 247 247 247 247 250 246 152 152 95 90 94 95 105 110 105 101 97 91 95 104 108 126 127 134 134 133 133 133 133 134 135 138 140 144 148 151 156 157 159 159 157 157 157 156 161 162 163 163 165 166 171 176 180 187 186 184 184 184 184 190 190 194 194 193 193 194 194 197 200 200 201 190 168 167 163 163 166 166 213 215 244 250 248 247 247 247 247 247 247 247 247 247 247 247 247 
247 247 247 247 247 247 247 247 247 247 247 247 247 247 247 250 246 152 152 95 90 94 95 105 110 105 101 97 91 95 104 108 126 127 134 134 133 133 133 133 134 135 138 140 144 148 151 156 157 159 159 157 157 157 156 161 162 163 163 165 166 171 176 180 187 186 184 184 184 184 190 190 194 194 193 193 194 194 197 200 200 201 190 168 167 163 163 166 166 213 215 244 250 248 247 247 247 247 247 247 247 247 247 247 247 247 
247 247 247 247 247 247 247 247 247 247 247 247 247 249 247 235 230 111 111 96 94 96 97 99 100 100 101 96 91 96 106 109 120 121 127 127 127 127 127 126 127 128 128 129 130 131 135 142 144 150 149 149 149 149 151 157 158 160 161 162 162 168 174 178 184 183 180 180 177 178 181 181 185 186 186 186 187 188 191 194 198 202 193 173 172 167 167 170 170 186 186 238 248 247 247 247 247 247 247 247 247 247 247 247 247 247 
247 247 247 247 247 247 247 247 247 247 247 247 248 249 247 234 229 108 108 96 95 97 97 98 99 100 101 97 91 96 106 109 120 121 127 127 127 127 126 126 127 127 128 128 129 130 134 141 143 149 149 148 148 148 151 157 158 160 161 162 162 168 174 178 184 183 180 180 177 177 180 180 185 185 186 186 187 187 191 194 198 202 193 174 173 167 167 170 170 183 184 238 248 247 247 247 247 247 247 247 247 247 247 247 247 247 
247 247 247 247 247 247 247 247 247 247 247 247 248 251 246 223 218 93 93 92 92 97 98 102 105 103 102 100 96 98 103 105 113 113 123 123 123 123 122 122 123 124 124 124 125 125 128 134 136 143 144 145 145 145 147 154 155 158 159 160 161 166 171 175 182 181 179 179 176 176 179 179 183 183 183 183 184 184 186 187 192 199 192 179 176 164 165 181 181 181 182 234 244 247 248 247 247 247 247 247 247 247 247 247 247 247 
247 247 247 247 247 247 247 247 247 247 247 247 248 251 246 220 215 90 90 91 91 97 98 103 106 104 103 101 98 99 102 104 111 112 122 122 122 122 121 121 122 123 123 123 123 124 127 132 134 142 142 145 145 145 146 154 155 158 159 160 161 166 170 174 181 180 179 179 176 176 179 179 183 183 183 183 184 184 185 185 191 198 192 180 177 163 165 184 184 181 181 233 243 247 248 247 247 247 247 247 247 247 247 247 247 247 
247 247 247 247 247 247 247 247 247 247 247 247 248 252 245 210 205 92 92 91 91 101 104 112 116 108 101 100 98 100 105 107 113 113 117 117 120 121 123 124 125 126 128 130 131 133 136 139 141 147 148 150 150 150 151 157 158 160 160 161 161 163 164 169 175 175 175 176 176 176 178 178 183 184 185 185 185 185 185 185 189 194 191 184 181 170 170 180 180 173 173 227 237 245 249 248 247 247 247 247 247 247 247 247 247 247 
247 247 247 247 247 247 247 247 247 247 247 247 248 252 244 205 201 93 93 91 91 104 107 117 121 110 101 100 98 101 107 108 114 114 115 115 120 120 124 125 126 127 131 133 135 138 140 143 145 150 150 152 152 152 154 158 159 161 161 161 161 162 162 166 173 173 174 174 176 176 178 178 184 184 186 186 186 186 185 185 188 192 190 186 183 173 173 178 178 169 169 224 234 245 249 248 247 247 247 247 247 247 247 247 247 247 
247 247 247 247 247 247 247 247 247 247 247 247 249 252 243 193 189 91 91 92 93 111 115 121 124 113 104 102 100 104 112 113 118 118 115 115 118 118 123 124 129 131 135 137 140 143 144 147 148 153 153 155 155 155 157 162 163 163 163 163 163 163 162 165 170 171 174 174 177 177 180 180 186 187 189 189 187 186 185 184 186 190 190 191 188 178 178 176 176 170 170 217 225 243 250 248 247 247 247 247 247 247 247 247 247 247 
247 247 247 247 247 247 247 247 247 247 247 247 249 253 242 184 180 90 90 94 94 116 122 125 126 115 107 105 102 106 116 117 121 121 116 116 117 117 123 124 132 135 139 141 144 147 148 150 151 155 155 158 158 158 160 165 166 165 165 165 165 163 162 164 168 170 174 175 178 178 182 182 188 189 191 192 189 187 185 183 186 189 191 195 192 182 181 174 174 171 171 211 219 241 250 248 247 247 247 247 247 247 247 247 247 247 
247 247 247 247 247 247 247 247 247 247 247 247 249 252 241 181 177 94 94 95 95 114 119 121 122 113 107 105 104 108 118 119 123 122 119 119 118 118 123 123 132 135 139 141 144 146 147 150 150 153 153 157 157 157 160 165 165 166 166 166 166 164 161 164 167 169 175 176 177 177 181 181 187 188 189 190 188 187 186 185 186 188 189 193 192 187 187 179 179 174 174 207 213 240 250 248 247 247 247 247 247 247 247 247 247 247 
247 247 247 247 247 247 247 247 247 247 247 247 248 252 240 177 174 99 99 97 97 111 115 116 116 111 107 107 106 110 120 121 125 125 123 123 119 119 122 123 132 135 139 142 144 146 147 149 149 150 151 156 156 156 160 164 165 167 167 167 167 164 161 163 165 168 177 177 176 176 180 180 186 186 187 187 187 187 187 187 187 186 188 192 192 194 193 186 186 178 178 202 206 238 250 248 247 247 247 247 247 247 247 247 247 247 
247 247 247 247 247 247 247 247 247 247 247 247 248 252 238 170 168 101 101 98 97 108 111 111 111 108 106 107 108 111 119 120 122 122 121 121 121 121 125 125 132 135 138 141 142 144 144 145 145 145 146 151 151 151 156 160 160 162 163 164 165 162 158 160 161 165 174 174 172 173 175 175 181 182 183 184 186 186 188 189 190 190 191 193 193 195 194 189 189 179 179 203 207 238 250 248 247 247 247 247 247 247 247 247 247 247 
247 247 247 247 247 247 247 247 247 247 247 247 248 251 236 157 155 105 105 99 98 102 103 101 100 103 105 108 112 114 118 118 117 117 118 118 126 126 130 131 134 135 137 138 138 139 138 136 136 135 136 141 141 141 147 150 150 153 154 159 162 157 153 153 154 158 168 168 165 165 166 166 172 172 176 177 183 186 191 195 196 198 197 195 195 197 197 195 195 182 181 205 210 239 250 248 247 247 247 247 247 247 247 247 247 247 
247 247 247 247 247 247 247 247 247 247 247 247 248 250 235 153 151 101 101 95 95 99 100 99 98 102 105 108 113 114 118 118 117 117 119 119 127 128 132 132 135 135 136 136 136 135 133 131 131 130 131 136 136 136 142 145 146 149 150 156 159 154 150 150 150 154 163 162 157 156 155 155 159 159 165 166 173 176 182 187 191 196 196 196 197 197 197 195 195 180 180 204 209 238 250 248 247 247 247 247 247 247 247 247 247 247 
247 247 247 247 247 247 247 247 247 247 247 248 248 248 231 139 137 88 88 82 82 89 91 90 90 99 106 110 115 116 119 119 118 118 124 124 135 135 138 138 138 138 134 131 125 118 115 110 110 112 112 115 115 115 123 129 130 132 133 141 146 142 139 138 137 139 143 140 124 124 112 112 109 109 120 123 133 137 147 155 169 187 192 203 202 197 197 195 195 177 176 202 207 238 250 248 247 247 247 247 247 247 247 247 247 247 
247 247 247 247 247 247 247 247 247 247 247 248 248 248 230 138 136 87 87 82 81 89 90 90 91 99 107 110 115 116 119 119 118 119 125 125 134 135 135 135 134 134 129 126 120 113 111 106 106 108 108 111 111 111 120 127 128 130 131 140 145 142 138 137 136 137 140 136 119 119 106 106 103 103 114 116 126 131 141 149 163 182 188 202 201 197 197 196 196 177 176 202 207 238 250 248 247 247 247 247 247 247 247 247 247 247 
247 247 247 247 247 247 247 247 247 247 247 248 247 245 226 126 124 73 73 73 73 83 85 93 97 106 113 116 120 121 122 122 123 124 136 136 132 132 110 106 93 88 78 71 66 61 60 58 58 57 58 67 67 67 85 99 101 110 113 129 138 135 133 129 124 118 101 96 68 67 40 40 34 33 39 41 55 61 71 78 96 119 142 190 193 203 203 203 203 177 176 200 204 237 250 248 247 247 247 247 247 247 247 247 247 247 
247 247 247 247 247 247 247 247 247 247 247 248 247 245 226 126 124 73 73 73 73 83 85 93 97 106 113 116 120 121 122 122 123 124 136 136 132 132 110 106 93 88 78 71 66 61 60 58 58 57 58 67 67 67 85 99 101 110 113 129 138 135 133 129 124 118 101 96 68 67 40 40 34 33 39 41 55 61 71 78 96 119 142 190 193 203 203 203 203 177 176 200 204 237 250 248 247 247 247 247 247 247 247 247 247 247 
247 247 247 247 247 247 247 247 247 247 247 248 247 244 224 121 119 63 63 73 74 83 85 99 106 113 118 119 122 122 123 123 124 123 119 119 84 82 54 48 41 38 37 36 36 36 35 33 33 34 35 42 42 42 52 68 70 95 102 123 135 140 144 134 119 107 77 76 69 69 64 64 67 67 78 81 93 98 103 106 101 95 108 137 150 201 202 211 211 177 176 196 200 236 250 248 247 247 247 247 247 247 247 247 247 247 
247 247 247 247 247 247 247 247 247 247 247 248 247 244 224 121 119 63 63 73 74 83 85 100 107 113 118 120 122 122 123 123 124 124 118 118 82 80 51 46 39 36 35 35 35 35 34 32 32 33 34 41 41 41 51 67 69 94 102 123 135 140 145 135 119 107 76 75 69 69 65 65 69 69 80 83 95 100 104 107 101 94 107 135 148 201 202 211 211 177 176 196 200 236 250 248 247 247 247 247 247 247 247 247 247 247 
247 247 247 247 247 247 247 247 247 247 249 251 250 246 227 123 121 71 71 71 71 78 79 100 109 117 123 123 124 123 121 121 119 116 78 78 51 50 54 55 62 65 71 74 76 78 72 62 61 59 60 68 68 68 60 67 68 93 101 128 143 151 159 146 126 114 85 84 79 78 58 58 50 50 54 55 66 71 82 90 101 114 120 132 141 181 183 214 214 177 175 194 198 236 251 250 249 248 247 247 247 247 247 247 247 247 
247 247 247 247 247 247 247 247 247 247 249 252 251 247 227 124 122 73 73 71 71 77 78 100 110 118 124 124 124 123 121 120 118 114 71 71 45 44 55 57 67 71 78 82 84 86 80 68 67 64 65 73 73 73 62 67 68 93 101 129 145 154 162 148 127 116 87 86 81 80 57 57 47 46 49 50 61 66 78 87 101 118 122 131 140 177 180 215 215 177 175 194 198 236 251 250 249 248 247 247 247 247 247 247 247 247 
247 247 247 247 247 247 247 247 247 247 240 230 228 224 209 128 126 79 79 70 69 77 79 104 116 123 128 127 125 124 123 118 98 95 66 66 61 61 58 57 49 46 43 40 44 48 51 59 57 52 53 62 62 62 56 67 68 99 109 136 152 161 169 155 133 119 83 80 68 67 58 58 50 49 52 52 64 70 70 69 71 73 89 121 131 168 172 213 213 176 174 173 173 204 216 230 239 243 248 247 247 247 247 247 247 247 
247 247 247 247 247 247 247 247 247 247 237 222 220 215 201 130 128 82 82 69 68 78 80 106 118 125 130 128 125 125 124 117 90 88 64 64 68 68 59 57 43 37 29 24 28 33 41 55 53 47 48 58 58 58 54 66 68 101 112 140 155 164 172 158 136 121 81 78 63 63 58 58 52 51 53 53 66 72 66 62 59 56 76 118 127 165 169 212 212 176 174 165 163 192 203 223 236 242 248 248 247 247 247 247 247 247 
247 247 247 247 247 247 249 250 237 225 193 146 147 151 144 104 103 76 76 68 67 82 86 111 123 125 127 126 125 124 122 116 92 90 71 71 52 51 44 43 45 45 45 45 51 58 68 84 81 73 71 61 61 61 56 67 68 104 115 138 151 160 168 157 141 129 99 96 81 80 70 70 73 73 87 90 105 112 113 114 104 93 95 99 109 149 154 211 211 182 181 159 155 161 163 196 217 233 250 249 247 247 247 247 247 247 
247 247 247 247 247 247 250 252 230 210 164 95 99 109 105 87 86 72 72 67 67 85 90 115 127 126 125 125 125 124 121 115 93 92 76 76 41 40 35 34 46 51 56 59 67 75 85 104 101 90 87 64 64 64 58 68 69 105 117 137 148 157 166 157 144 135 111 108 93 92 79 79 87 88 110 115 131 138 144 148 135 118 108 87 97 139 145 211 211 186 185 156 150 141 137 178 205 228 252 250 247 247 247 247 247 247 
247 247 247 247 247 247 250 252 222 195 152 86 91 104 102 92 91 78 78 69 68 90 96 117 127 124 122 122 122 118 110 105 83 82 64 64 47 47 53 54 66 70 73 75 79 84 88 96 93 83 81 71 71 71 68 78 80 111 121 136 145 155 164 159 152 144 124 122 111 111 95 95 93 93 103 106 118 123 131 137 132 127 121 110 116 141 146 204 204 193 193 166 162 142 135 176 203 226 252 250 247 247 247 247 247 247 
247 247 247 247 247 247 251 253 215 179 138 77 83 98 98 97 96 84 84 70 69 96 103 120 128 123 119 119 118 112 99 94 73 71 51 51 54 54 72 76 87 91 92 93 93 94 92 88 85 75 75 78 78 78 80 91 92 117 125 136 142 153 163 162 160 154 139 138 131 130 113 113 100 99 97 97 104 107 117 125 130 136 136 135 137 144 148 197 197 202 202 178 174 144 133 174 201 225 252 250 247 247 247 247 247 247 
247 247 247 247 247 247 251 253 215 179 141 83 89 104 103 99 99 94 94 75 73 95 101 119 127 123 120 118 116 110 98 94 76 75 63 63 65 65 76 78 83 86 87 88 90 93 93 93 92 89 89 92 92 92 88 98 99 121 128 138 143 153 162 163 164 159 147 146 141 140 129 129 118 117 114 113 117 119 125 130 135 141 143 147 149 154 158 195 195 203 203 181 177 147 136 174 199 224 252 250 247 247 247 247 247 247 
247 247 247 247 247 247 251 253 215 180 146 95 100 114 112 103 103 112 112 83 81 94 97 117 126 123 121 117 113 108 96 93 82 82 85 85 86 86 82 81 77 76 78 79 85 91 95 101 104 113 113 117 117 117 104 112 113 129 134 142 146 153 160 165 172 169 162 162 159 159 157 157 151 150 144 142 141 140 139 139 144 151 157 169 170 173 174 191 191 205 206 186 182 153 142 174 195 222 252 250 247 247 247 247 247 247 
247 247 247 247 247 247 251 253 214 178 145 97 102 116 115 108 108 112 112 86 84 95 98 117 126 123 121 118 114 109 100 99 91 91 95 95 94 94 91 90 88 87 90 91 96 100 103 107 110 117 117 117 117 117 107 115 117 131 135 143 148 154 161 166 174 171 165 164 160 160 159 159 153 152 147 146 146 145 144 143 148 153 160 172 174 178 179 191 191 204 204 186 182 155 144 173 193 221 252 250 247 247 247 247 247 247 
247 247 247 247 247 247 251 253 211 173 145 102 108 123 123 122 122 111 111 96 95 101 102 118 126 123 120 119 117 116 115 116 118 119 125 125 120 120 120 120 121 122 127 131 131 130 130 129 129 129 127 116 116 116 115 126 128 137 140 149 154 159 163 170 180 178 174 173 165 165 165 165 160 160 160 160 161 162 159 157 159 162 169 184 186 196 196 191 191 199 199 186 184 160 151 173 187 218 252 250 247 247 247 247 247 247 
247 247 247 247 247 247 251 253 212 175 146 103 108 123 122 120 119 106 106 97 97 103 105 119 125 122 120 119 118 117 116 116 120 121 128 128 123 123 123 123 124 125 129 133 131 130 130 129 129 129 127 116 116 116 114 126 127 137 140 149 154 158 162 169 179 178 174 173 163 163 160 160 159 159 161 161 162 163 161 159 161 163 170 184 186 196 196 193 193 196 196 184 181 161 153 175 189 219 252 250 247 247 247 247 247 247 
247 247 247 247 247 247 251 253 219 188 157 111 114 123 120 106 105 73 73 107 110 124 127 123 121 120 119 121 123 122 121 124 138 139 148 148 145 145 147 147 146 145 144 144 138 132 131 130 130 128 126 114 114 114 110 121 123 140 145 151 155 158 160 166 176 177 178 173 147 146 129 129 150 152 166 170 171 172 171 171 172 173 176 183 187 201 201 205 205 178 177 164 162 165 166 190 206 228 251 250 247 247 247 247 247 247 
247 247 247 247 247 247 251 253 219 188 157 111 114 123 120 106 105 73 73 107 110 124 127 123 121 120 119 121 123 122 121 124 138 139 148 148 145 145 147 147 146 145 144 144 138 132 131 130 130 128 126 114 114 114 110 121 123 140 145 151 155 158 160 166 176 177 178 173 147 146 129 129 150 152 166 170 171 172 171 171 172 173 176 183 187 201 201 205 205 178 177 164 162 165 166 190 206 228 251 250 247 247 247 247 247 247 
247 247 247 247 247 247 251 253 219 188 157 111 114 123 120 106 105 73 73 107 110 124 127 123 121 120 119 121 123 122 121 124 138 139 148 148 145 145 147 147 146 145 144 144 138 132 131 130 130 128 126 114 114 114 110 121 123 140 145 151 155 158 160 166 176 177 178 173 147 146 129 129 150 152 166 170 171 172 171 171 172 173 176 183 187 201 201 205 205 178 177 164 162 165 166 190 206 228 251 250 247 247 247 247 247 247 
247 247 247 247 247 247 249 250 240 231 191 130 123 105 102 84 83 58 58 110 114 128 132 121 116 120 123 123 124 126 130 133 146 146 148 148 145 145 148 148 150 151 147 145 142 138 136 133 126 102 101 96 96 96 113 125 127 141 146 150 153 154 155 161 169 174 188 184 165 164 140 140 103 100 115 119 145 157 165 172 176 182 184 188 189 193 195 212 212 186 185 158 153 175 184 215 236 242 249 248 247 247 247 247 247 247 
247 247 247 247 247 247 247 247 247 247 210 155 139 97 95 83 83 82 82 119 122 129 131 120 115 115 116 118 120 123 130 131 137 137 136 136 139 139 143 144 145 146 141 139 134 128 117 97 95 88 93 132 132 132 138 134 133 137 138 146 150 152 154 161 172 175 184 183 182 182 186 186 144 140 88 75 94 103 127 146 157 171 174 180 180 182 184 205 205 187 186 150 143 179 193 225 246 247 247 247 247 247 247 247 247 247 
247 247 247 247 247 247 247 247 248 249 213 159 141 96 94 83 83 86 86 120 123 129 131 120 115 115 115 117 120 123 130 131 136 136 134 134 138 138 143 144 145 145 141 138 133 127 114 92 91 86 92 137 137 137 142 135 134 136 137 145 150 152 154 162 173 176 183 183 184 184 192 192 150 146 84 69 87 96 122 143 155 170 173 179 179 181 183 204 204 187 186 149 142 179 194 226 248 248 247 247 247 247 247 247 247 247 
247 247 247 247 247 247 247 247 250 252 221 174 152 94 93 88 89 102 102 126 128 130 131 123 119 116 113 115 116 118 121 121 121 121 119 119 122 122 126 127 127 127 125 123 111 98 89 73 79 98 101 125 125 125 124 114 113 107 106 118 126 132 137 142 149 149 149 148 142 142 146 146 146 146 109 99 78 69 89 105 120 139 144 155 157 166 169 193 193 190 190 153 146 183 197 228 249 248 247 247 247 247 247 247 247 247 
247 247 247 247 247 247 247 247 250 253 223 179 155 94 93 90 91 107 107 128 130 131 131 124 121 117 113 114 115 116 119 118 116 116 115 115 117 117 121 122 122 122 120 118 104 89 81 67 75 102 104 121 121 121 119 108 106 98 96 110 118 125 132 136 142 141 138 137 129 129 132 132 145 146 116 109 76 60 78 93 109 129 135 147 150 162 164 190 190 191 191 154 147 184 198 229 250 249 247 247 247 247 247 247 247 247 
247 247 247 247 247 247 247 247 250 252 229 194 168 102 101 96 97 110 110 126 127 130 131 125 122 119 116 115 115 113 110 108 102 102 103 103 106 106 110 110 110 110 102 97 84 69 70 73 76 87 87 82 82 82 76 70 69 69 69 84 93 103 112 117 125 123 118 116 107 108 126 126 144 145 133 130 92 75 71 68 85 106 115 133 137 152 155 180 180 188 188 164 160 192 204 232 250 248 247 247 247 247 247 247 247 247 
247 247 247 247 247 247 247 247 250 252 232 202 175 107 106 100 100 111 111 125 126 130 131 126 123 120 118 117 115 112 105 103 94 94 97 97 100 100 103 104 103 103 93 86 73 58 64 76 77 79 77 60 60 60 52 48 48 53 54 70 79 90 100 106 115 113 107 105 95 96 122 122 143 145 143 142 102 83 67 55 72 93 104 126 130 147 149 175 175 187 187 170 167 197 208 233 250 249 247 247 247 247 247 247 247 247 
247 247 247 247 247 247 247 247 249 250 237 217 189 116 115 107 107 113 113 120 120 127 129 125 123 121 119 116 112 107 96 94 88 88 90 90 92 92 94 94 91 90 77 68 65 61 67 78 78 79 77 61 61 61 51 47 46 46 47 60 67 78 88 96 109 112 120 120 121 121 134 134 145 146 145 144 117 104 80 60 66 74 86 112 117 140 142 167 167 183 183 179 179 207 217 236 249 248 247 247 247 247 247 247 247 247 
247 247 247 247 247 247 247 247 248 249 242 232 202 125 123 114 114 114 114 115 115 125 127 125 124 122 120 116 110 103 88 87 82 82 84 84 85 85 86 86 80 78 62 52 58 64 70 80 80 79 77 62 62 62 50 46 45 41 40 50 56 67 77 88 104 112 132 134 145 145 146 146 147 147 147 147 131 124 91 65 61 57 70 99 106 134 136 160 160 179 180 188 190 216 226 240 249 248 247 247 247 247 247 247 247 247 
247 247 247 247 247 247 247 247 248 248 245 239 215 150 146 122 122 122 122 118 117 128 130 125 123 122 121 116 110 102 85 84 78 79 81 81 79 79 79 79 71 68 60 55 62 69 74 82 82 82 81 71 71 71 62 59 59 58 58 67 73 81 88 96 107 115 133 135 147 147 147 147 147 147 145 145 134 129 103 83 72 58 68 89 98 133 135 157 157 177 178 192 194 222 233 242 248 248 247 247 247 247 247 247 247 247 
247 247 247 247 247 247 247 247 247 247 249 251 233 188 180 135 135 134 134 122 121 133 136 126 122 122 122 117 110 101 81 79 73 73 76 76 71 71 69 69 57 53 57 59 68 78 81 85 85 87 87 85 85 85 81 80 80 83 84 94 99 103 106 109 113 119 136 138 149 149 149 149 147 147 143 142 139 138 122 110 88 60 65 75 86 132 134 153 153 174 175 197 201 231 243 246 248 248 247 247 247 247 247 247 247 247 
247 247 247 247 247 247 247 247 247 247 248 250 237 201 191 137 137 129 129 140 141 146 148 129 120 122 122 117 109 101 82 80 72 72 75 75 71 71 67 67 59 55 59 62 70 78 81 86 87 89 89 89 89 89 86 86 87 90 90 100 105 108 111 114 118 123 137 139 147 147 146 146 145 145 142 141 139 138 125 115 95 69 71 77 88 132 133 154 154 171 171 190 194 229 243 246 248 248 247 247 247 247 247 247 247 247 
247 247 247 247 247 247 247 247 247 247 248 249 245 236 221 144 143 115 115 187 193 181 178 137 117 121 124 117 109 102 86 83 70 70 75 75 70 70 63 62 62 62 67 70 75 80 83 89 90 95 95 99 99 99 100 104 104 107 108 117 122 124 125 127 130 133 140 140 142 142 138 138 139 139 139 139 139 139 133 129 113 92 89 82 92 131 133 157 157 162 162 174 176 224 242 246 248 248 247 247 247 247 247 247 247 247 
247 247 247 247 247 247 247 247 247 247 248 249 246 238 224 152 151 126 126 196 202 186 181 137 116 120 123 117 109 102 87 84 70 70 75 75 71 71 64 62 63 64 68 71 75 80 83 87 89 92 92 95 95 95 95 98 98 101 102 110 115 118 120 122 125 128 134 135 137 136 132 132 126 126 126 125 130 132 129 126 112 94 91 87 96 131 134 160 160 173 173 182 184 226 243 246 248 247 247 247 247 247 247 247 247 247 
247 247 247 247 247 247 247 247 247 247 247 247 247 248 239 194 194 184 184 247 252 210 199 140 112 115 118 113 107 103 94 89 70 71 78 78 79 79 67 65 70 72 75 77 79 82 82 81 80 76 76 73 73 73 69 67 67 69 69 77 82 90 97 99 102 103 106 106 109 109 101 101 61 58 56 56 84 97 104 110 107 103 106 112 116 133 136 174 174 232 234 226 224 241 247 247 247 247 247 247 247 247 247 247 247 247 
247 247 247 247 247 247 247 247 247 247 247 247 247 248 240 196 196 187 187 247 252 210 200 140 112 115 118 113 107 103 94 89 70 71 78 78 79 80 68 65 70 72 74 76 78 80 80 79 78 74 74 72 72 72 68 67 67 69 69 77 82 90 97 100 103 104 108 108 111 111 103 103 62 58 55 54 82 95 103 110 107 103 106 113 117 133 136 175 175 232 235 227 225 241 247 247 247 247 247 247 247 247 247 247 247 247 
247 247 247 247 247 247 247 247 247 247 247 247 247 247 247 250 250 251 251 251 251 228 222 153 121 117 114 110 104 103 101 95 73 73 76 76 93 94 80 77 71 68 60 54 46 38 34 27 30 40 43 62 62 62 61 65 65 79 83 84 84 97 109 121 139 143 154 155 160 160 165 165 72 64 19 8 34 46 82 111 111 111 119 137 137 136 141 194 194 250 252 250 250 248 247 247 247 247 247 247 247 247 247 247 247 247 
247 247 247 247 247 247 247 247 247 247 247 247 247 247 247 250 250 251 251 251 251 228 222 153 121 117 114 110 104 103 101 95 73 73 76 76 93 94 80 77 71 68 60 54 46 38 34 27 30 40 43 62 62 62 61 65 65 79 83 84 84 97 109 121 139 143 154 155 160 160 165 165 72 64 19 8 34 46 82 111 111 111 119 137 137 136 141 194 194 250 252 250 250 248 247 247 247 247 247 247 247 247 247 247 247 247 
247 247 247 247 247 247 247 247 247 247 247 247 247 247 247 247 247 247 247 248 248 245 244 179 148 128 111 107 101 102 105 101 89 87 69 69 96 98 93 92 77 71 42 24 16 9 19 39 49 82 87 121 121 121 128 137 138 160 167 169 170 174 177 186 199 197 193 193 198 198 194 194 101 92 54 44 88 109 118 126 124 122 129 142 142 140 147 215 215 249 250 248 247 247 247 247 247 247 247 247 247 247 247 247 247 247 
247 247 247 247 247 247 247 247 247 247 247 247 247 247 247 247 247 247 247 248 248 246 246 181 151 129 111 107 101 102 105 102 90 88 69 69 97 98 95 94 77 71 41 21 14 6 18 40 51 86 91 126 126 126 134 144 145 167 174 177 178 181 183 191 204 202 196 197 201 201 197 197 103 95 57 47 93 115 122 127 125 123 129 143 143 141 147 217 217 249 250 247 247 247 247 247 247 247 247 247 247 247 247 247 247 247 
247 247 247 247 247 247 247 247 247 247 247 247 247 247 247 247 247 247 247 247 247 250 251 208 188 145 112 107 101 99 96 98 106 103 70 70 91 91 101 104 89 83 69 59 44 27 37 57 69 109 113 140 140 140 150 160 162 174 178 188 193 191 190 194 201 199 193 193 190 189 162 162 105 100 106 108 135 148 135 124 128 132 134 137 140 151 158 231 231 248 249 247 247 247 247 247 247 247 247 247 247 247 247 247 247 247 
247 247 247 247 247 247 247 247 247 247 247 247 247 247 247 247 247 247 247 247 247 251 252 215 198 150 112 107 101 99 94 97 110 107 70 70 89 90 103 106 92 86 76 69 51 32 42 61 74 115 118 144 144 144 154 165 166 176 179 191 197 194 192 195 200 198 193 192 187 186 154 154 105 101 119 123 145 156 138 124 129 135 135 136 140 154 160 235 235 248 249 247 247 247 247 247 247 247 247 247 247 247 247 247 247 247 
247 247 247 247 247 247 247 247 247 247 247 247 247 247 247 247 247 247 247 247 247 249 250 233 225 171 128 116 100 97 90 93 107 105 81 81 80 80 106 111 94 88 92 95 85 74 71 65 69 82 85 104 104 104 106 113 114 129 135 147 155 156 157 156 154 152 147 147 150 150 135 135 127 126 142 147 154 157 139 125 130 137 136 133 141 170 176 243 243 247 248 247 247 247 247 247 247 247 247 247 247 247 247 247 247 247 
247 247 247 247 247 247 247 247 247 247 247 247 247 247 247 247 247 247 247 247 247 249 249 242 238 181 136 120 100 96 88 92 106 104 87 87 75 75 107 113 96 89 100 107 101 94 84 67 67 67 69 86 86 86 83 88 89 108 114 127 135 138 141 138 133 131 125 126 133 133 126 126 137 138 154 158 158 158 140 125 131 138 136 132 141 178 184 247 247 247 247 247 247 247 247 247 247 247 247 247 247 247 247 247 247 247 
247 247 247 247 247 247 247 247 247 247 247 247 247 247 247 247 247 247 247 247 247 248 248 246 246 202 167 137 98 95 88 90 96 96 93 93 70 69 101 107 98 94 101 106 105 103 95 82 81 77 78 84 84 84 87 97 98 112 116 123 126 128 130 131 132 135 143 144 147 147 140 140 151 151 160 162 159 157 141 129 133 138 137 136 148 198 202 249 249 247 247 247 247 247 247 247 247 247 247 247 247 247 247 247 247 247 
247 247 247 247 247 247 247 247 247 247 247 247 247 247 247 247 247 247 247 247 247 247 247 250 252 218 192 150 97 94 88 88 89 90 98 98 66 65 97 103 99 98 103 106 108 110 104 94 92 85 85 83 83 83 90 103 105 115 118 119 120 121 121 125 132 139 157 157 158 158 152 152 161 162 165 166 159 156 143 133 135 138 138 139 154 214 217 250 250 247 247 247 247 247 247 247 247 247 247 247 247 247 247 247 247 247 
247 247 247 247 247 247 247 247 247 247 247 247 247 247 247 247 247 247 247 247 247 247 247 249 251 230 214 170 113 104 86 86 86 87 96 96 70 69 91 95 101 103 102 102 106 111 107 100 97 90 90 87 87 87 89 100 102 112 115 118 119 120 121 125 131 137 151 152 155 155 156 156 165 166 166 166 156 151 144 138 137 137 142 152 167 227 229 249 249 247 247 247 247 247 247 247 247 247 247 247 247 247 247 247 247 247 
247 247 247 247 247 247 247 247 247 247 247 247 247 247 247 247 247 247 247 247 247 247 247 248 249 246 243 195 133 117 84 84 83 84 93 93 76 75 83 85 103 110 102 97 105 113 111 107 105 97 96 92 92 92 89 97 98 108 111 115 118 119 120 124 131 135 144 145 151 151 162 162 170 171 167 166 152 146 145 144 140 136 146 168 183 244 244 248 248 247 247 247 247 247 247 247 247 247 247 247 247 247 247 247 247 247 
247 247 247 247 247 247 247 247 247 247 247 247 247 247 247 247 247 247 247 247 247 247 247 248 248 247 246 207 157 135 88 87 82 83 90 90 79 79 80 81 102 111 101 95 102 110 109 109 107 99 99 94 94 94 89 92 93 101 103 109 112 114 116 120 125 129 139 141 150 151 163 163 169 170 165 163 152 147 146 145 143 140 154 185 197 246 246 247 247 247 247 247 247 247 247 247 247 247 247 247 247 247 247 247 247 247 
247 247 247 247 247 247 247 247 247 247 247 247 247 247 247 247 247 247 247 247 247 247 247 247 247 250 252 234 210 174 97 94 81 81 83 83 87 87 74 72 101 112 99 90 96 103 107 113 111 105 104 97 97 97 88 83 82 86 87 95 100 105 109 111 114 118 130 133 149 150 166 166 168 168 160 158 151 148 148 148 148 147 171 222 228 250 250 247 247 247 247 247 247 247 247 247 247 247 247 247 247 247 247 247 247 247 
247 247 247 247 247 247 247 247 247 247 247 247 247 247 247 247 247 247 247 247 247 247 247 247 247 249 251 237 218 184 112 106 81 81 82 82 87 87 75 72 98 109 99 93 96 100 105 112 111 106 105 99 99 99 89 83 83 86 87 94 98 103 107 110 114 118 130 134 150 150 166 166 167 167 159 158 152 150 149 148 152 157 180 228 232 249 249 247 247 247 247 247 247 247 247 247 247 247 247 247 247 247 247 247 247 247 
247 247 247 247 247 247 247 247 247 247 247 247 247 247 247 247 247 247 247 247 247 247 247 247 247 247 247 249 252 227 173 155 82 82 80 80 87 87 75 73 89 95 101 105 98 91 97 109 109 110 109 105 105 105 96 86 85 85 85 88 90 96 101 106 113 119 133 136 153 154 166 166 163 163 158 157 157 157 152 148 170 199 215 250 249 247 247 247 247 247 247 247 247 247 247 247 247 247 247 247 247 247 247 247 247 247 
247 247 247 247 247 247 247 247 247 247 247 247 247 247 247 247 247 247 247 247 247 247 247 247 247 247 247 249 252 228 179 160 86 86 80 80 86 86 76 74 88 93 101 106 99 91 97 108 108 109 109 105 105 105 96 88 86 86 86 90 91 97 102 107 114 120 134 137 153 154 166 166 163 163 159 157 157 157 153 150 173 203 218 250 249 247 247 247 247 247 247 247 247 247 247 247 247 247 247 247 247 247 247 247 247 247 
247 247 247 247 247 247 247 247 247 247 247 247 247 247 247 247 247 247 247 247 247 247 247 247 247 247 247 248 249 247 244 222 136 131 75 75 81 81 84 84 78 75 98 113 104 94 97 101 102 106 106 104 104 104 103 105 105 106 106 107 108 112 115 121 131 135 144 146 158 158 166 166 164 164 163 163 162 161 169 176 206 244 245 248 248 247 247 247 247 247 247 247 247 247 247 247 247 247 247 247 247 247 247 247 247 247 
247 247 247 247 247 247 247 247 247 247 247 247 247 247 247 247 247 247 247 247 247 247 247 247 247 247 247 248 249 247 244 222 136 131 75 75 81 81 84 84 78 75 98 113 104 94 97 101 102 106 106 104 104 104 103 105 105 106 106 107 108 112 115 121 131 135 144 146 158 158 166 166 164 164 163 163 162 161 169 176 206 244 245 248 248 247 247 247 247 247 247 247 247 247 247 247 247 247 247 247 247 247 247 247 247 247 
247 247 247 247 247 247 247 247 247 247 247 247 247 247 247 247 247 247 247 247 247 247 247 247 247 247 247 247 247 248 251 245 224 214 105 105 75 74 86 88 78 75 85 92 101 112 108 101 102 105 105 104 104 104 103 109 110 114 115 120 122 127 132 137 143 145 150 151 158 158 160 160 162 162 167 168 169 169 199 222 234 250 249 247 247 247 247 247 247 247 247 247 247 247 247 247 247 247 247 247 247 247 247 247 247 247 
247 247 247 247 247 247 247 247 247 247 247 247 247 247 247 247 247 247 247 247 247 247 247 247 247 247 247 247 247 248 251 246 228 218 106 106 75 74 86 88 79 75 85 91 102 113 109 101 102 105 105 104 104 104 103 109 110 115 116 120 123 128 133 137 144 146 150 151 158 158 160 160 162 162 167 168 169 170 200 224 235 250 249 247 247 247 247 247 247 247 247 247 247 247 247 247 247 247 247 247 247 247 247 247 247 247 
247 247 247 247 247 247 247 247 247 247 247 247 247 247 247 247 247 247 247 247 247 247 247 247 247 247 247 247 247 247 247 248 249 244 188 188 89 85 82 81 81 82 80 78 94 110 110 108 109 109 109 108 108 108 109 115 116 120 122 125 127 131 135 139 144 147 154 155 160 160 155 155 164 164 170 172 189 197 224 245 246 247 247 247 247 247 247 247 247 247 247 247 247 247 247 247 247 247 247 247 247 247 247 247 247 247 
247 247 247 247 247 247 247 247 247 247 247 247 247 247 247 247 247 247 247 247 247 247 247 247 247 247 247 247 247 247 247 248 253 249 204 204 92 87 81 80 82 83 79 76 92 110 110 110 110 110 110 109 109 109 110 116 117 122 123 126 128 132 136 139 144 147 155 156 161 161 154 154 164 165 171 173 193 202 228 249 248 247 247 247 247 247 247 247 247 247 247 247 247 247 247 247 247 247 247 247 247 247 247 247 247 247 
247 247 247 247 247 247 247 247 247 247 247 247 247 247 247 247 247 247 247 247 247 247 247 247 247 247 247 247 247 247 247 247 249 248 239 239 155 152 89 78 79 80 77 75 84 95 100 109 110 114 114 118 118 118 114 116 116 119 120 122 124 126 129 133 139 142 149 150 157 157 155 155 167 168 178 180 211 226 239 249 248 247 247 247 247 247 247 247 247 247 247 247 247 247 247 247 247 247 247 247 247 247 247 247 247 247 
247 247 247 247 247 247 247 247 247 247 247 247 247 247 247 247 247 247 247 247 247 247 247 247 247 247 247 247 247 247 247 247 247 247 253 253 180 177 93 77 78 79 76 74 81 89 96 109 110 115 116 122 122 122 115 116 116 118 119 121 122 125 127 131 137 140 147 148 156 156 156 156 169 170 180 183 218 235 243 249 248 247 247 247 247 247 247 247 247 247 247 247 247 247 247 247 247 247 247 247 247 247 247 247 247 247 
247 247 247 247 247 247 247 247 247 247 247 247 247 247 247 247 247 247 247 247 247 247 247 247 247 247 247 247 247 247 247 247 247 247 250 250 222 221 144 129 89 74 72 70 74 79 85 97 99 105 106 114 114 114 117 118 118 120 120 121 122 123 125 129 136 137 142 144 152 152 155 155 163 164 192 200 230 244 246 248 247 247 247 247 247 247 247 247 247 247 247 247 247 247 247 247 247 247 247 247 247 247 247 247 247 247 
247 247 247 247 247 247 247 247 247 247 247 247 247 247 247 247 247 247 247 247 247 247 247 247 247 247 247 247 247 247 247 247 247 247 248 248 250 250 178 164 96 70 69 68 70 72 78 89 91 98 99 109 109 109 118 120 120 121 121 122 122 123 123 128 135 136 139 141 149 149 155 155 160 160 201 211 238 250 248 247 247 247 247 247 247 247 247 247 247 247 247 247 247 247 247 247 247 247 247 247 247 247 247 247 247 247 
247 247 247 247 247 247 247 247 247 247 247 247 247 247 247 247 247 247 247 247 247 247 247 247 247 247 247 247 247 247 247 247 247 247 247 247 249 250 212 205 139 114 89 72 68 65 69 77 79 86 88 97 97 97 107 113 114 117 118 120 121 121 120 124 129 130 132 133 138 138 140 140 161 163 214 227 242 249 248 247 247 247 247 247 247 247 247 247 247 247 247 247 247 247 247 247 247 247 247 247 247 247 247 247 247 247 
247 247 247 247 247 247 247 247 247 247 247 247 247 247 247 247 247 247 247 247 247 247 247 247 247 247 247 247 247 247 247 247 247 247 247 247 249 249 249 249 186 161 110 76 67 57 60 64 66 74 75 85 85 85 96 106 107 114 116 119 121 119 118 120 122 123 125 125 127 127 123 123 163 166 229 245 247 248 247 247 247 247 247 247 247 247 247 247 247 247 247 247 247 247 247 247 247 247 247 247 247 247 247 247 247 247 
247 247 247 247 247 247 247 247 247 247 247 247 247 247 247 247 247 247 247 247 247 247 247 247 247 247 247 247 247 247 247 247 247 247 247 247 248 248 248 248 209 193 152 125 106 86 80 68 68 68 69 74 74 74 84 93 95 103 105 109 111 109 108 110 111 112 113 113 115 116 131 131 186 190 235 247 247 248 247 247 247 247 247 247 247 247 247 247 247 247 247 247 247 247 247 247 247 247 247 247 247 247 247 247 247 247 
247 247 247 247 247 247 247 247 247 247 247 247 247 247 247 247 247 247 247 247 247 247 247 247 247 247 247 247 247 247 247 247 247 247 247 247 247 247 248 248 249 250 228 213 177 138 116 76 72 58 58 56 56 56 63 72 73 83 86 90 93 92 91 92 93 93 92 92 95 97 145 145 227 234 247 250 248 247 247 247 247 247 247 247 247 247 247 247 247 247 247 247 247 247 247 247 247 247 247 247 247 247 247 247 247 247 
247 247 247 247 247 247 247 247 247 247 247 247 247 247 247 247 247 247 247 247 247 247 247 247 247 247 247 247 247 247 247 247 247 247 247 247 247 247 248 248 249 249 233 222 195 165 146 113 108 92 90 79 79 79 72 71 70 77 79 83 85 85 84 86 88 91 97 100 116 118 168 168 232 238 247 249 248 247 247 247 247 247 247 247 247 247 247 247 247 247 247 247 247 247 247 247 247 247 247 247 247 247 247 247 247 247 
247 247 247 247 247 247 247 247 247 247 247 247 247 247 247 247 247 247 247 247 247 247 247 247 247 247 247 247 247 247 247 247 247 247 247 247 247 247 247 247 247 247 250 252 252 251 243 230 222 198 193 154 154 154 99 67 63 58 56 60 62 63 63 67 74 85 113 124 183 185 242 242 249 250 248 247 247 247 247 247 247 247 247 247 247 247 247 247 247 247 247 247 247 247 247 247 247 247 247 247 247 247 247 247 247 247 
247 247 247 247 247 247 247 247 247 247 247 247 247 247 247 247 247 247 247 247 247 247 247 247 247 247 247 247 247 247 247 247 247 247 247 247 247 247 247 247 247 247 249 251 251 250 244 232 226 204 200 166 166 166 116 86 82 76 74 76 78 79 80 84 92 102 129 139 191 193 243 243 249 249 247 247 247 247 247 247 247 247 247 247 247 247 247 247 247 247 247 247 247 247 247 247 247 247 247 247 247 247 247 247 247 247 
247 247 247 247 247 247 247 247 247 247 247 247 247 247 247 247 247 247 247 247 247 247 247 247 247 247 247 247 247 247 247 247 247 247 247 247 247 247 247 247 247 247 247 247 247 247 248 250 251 253 253 254 254 254 245 224 221 207 203 199 197 200 202 210 221 228 245 246 252 252 248 248 247 247 247 247 247 247 247 247 247 247 247 247 247 247 247 247 247 247 247 247 247 247 247 247 247 247 247 247 247 247 247 247 247 247 
247 247 247 247 247 247 247 247 247 247 247 247 247 247 247 247 247 247 247 247 247 247 247 247 247 247 247 247 247 247 247 247 247 247 247 247 247 247 247 247 247 247 247 247 247 247 248 250 251 253 253 254 254 254 245 224 221 207 203 199 197 200 202 210 221 228 245 246 252 252 248 248 247 247 247 247 247 247 247 247 247 247 247 247 247 247 247 247 247 247 247 247 247 247 247 247 247 247 247 247 247 247 247 247 247 247 
