247 247 247 247 247 247 247 247 247 247 247 247 249 249 208 160 141 124 124 118 120 107 94 87 82 86 95 94 93 102 109 105 113 134 149 162 227 251 247 247 247 247 247 247 247 247 247 247 247 247 
247 247 247 247 247 247 247 247 247 247 247 249 245 198 152 147 123 110 112 102 99 96 77 87 86 84 89 95 103 114 114 102 103 101 128 146 164 230 249 247 247 247 247 247 247 247 247 247 247 247 
247 247 247 247 247 247 247 247 247 247 249 245 184 144 130 121 101 96 96 100 93 88 89 102 108 126 109 103 126 138 128 112 120 122 120 132 138 172 245 249 247 247 247 247 247 247 247 247 247 247 
247 247 247 247 247 247 247 247 247 248 247 183 142 113 91 96 96 110 117 136 138 140 147 142 144 154 156 158 167 171 174 172 181 190 179 172 165 153 168 217 250 247 247 247 247 247 247 247 247 247 
247 247 247 247 247 247 247 247 248 250 184 123 124 96 88 108 135 155 155 156 156 154 156 155 153 153 159 169 173 175 176 178 184 197 211 212 206 183 148 173 242 248 247 247 247 247 247 247 247 247 
247 247 247 247 247 247 247 247 251 205 117 102 101 89 103 133 151 155 153 152 153 155 155 153 152 151 154 163 168 171 172 172 176 184 199 209 212 209 178 142 179 241 248 247 247 247 247 247 247 247 
247 247 247 247 247 247 247 249 234 137 107 97 101 92 115 138 146 148 149 150 150 153 154 154 154 154 157 163 164 167 170 171 174 182 189 200 208 211 198 151 145 208 251 247 247 247 247 247 247 247 
247 247 247 247 247 247 247 252 198 106 97 101 90 93 111 134 140 141 143 144 148 152 154 157 155 156 160 163 165 171 176 176 179 183 188 194 199 205 201 167 148 180 244 248 247 247 247 247 247 247 
247 247 247 247 247 247 247 250 152 90 95 110 101 91 104 126 134 133 133 135 140 148 156 159 157 156 162 163 166 176 187 184 184 190 194 193 194 200 201 168 163 166 215 250 247 247 247 247 247 247 
247 247 247 247 247 247 249 234 108 95 97 99 101 91 106 120 127 127 126 127 128 130 141 149 148 151 158 161 162 174 184 180 177 180 185 186 187 194 202 174 167 170 184 248 247 247 247 247 247 247 
247 247 247 247 247 247 251 220 90 91 98 106 103 98 102 111 122 122 121 123 123 124 132 142 145 146 155 159 161 170 181 179 176 179 183 183 184 185 198 180 163 184 181 243 248 247 247 247 247 247 
247 247 247 247 247 247 252 205 93 91 107 121 101 98 107 114 115 120 125 127 133 138 143 150 152 154 159 161 161 162 173 174 176 178 184 186 186 185 192 186 173 178 169 234 249 247 247 247 247 247 
247 247 247 247 247 247 253 184 90 94 122 126 107 102 116 121 116 117 124 135 141 147 150 155 158 160 166 165 165 162 168 174 178 182 189 192 187 183 189 195 182 174 171 219 250 247 247 247 247 247 
247 247 247 247 247 247 252 177 99 97 115 116 107 106 120 125 123 119 123 135 142 146 149 150 156 160 165 167 167 161 165 177 176 180 186 187 187 187 186 192 194 186 178 206 250 247 247 247 247 247 
247 247 247 247 247 247 251 157 105 98 103 100 105 112 118 117 118 126 131 135 138 139 136 135 141 147 150 154 162 153 154 168 165 166 172 177 186 195 198 195 197 195 181 210 250 247 247 247 247 247 
247 247 247 247 247 248 248 139 88 82 91 90 106 115 119 118 124 135 138 138 131 118 110 112 115 123 130 133 146 139 137 143 124 112 109 123 137 155 187 203 197 195 176 207 250 247 247 247 247 247 
247 247 247 247 247 248 245 126 73 73 85 97 113 120 122 123 136 132 106 88 71 61 58 57 67 85 101 113 138 133 124 101 68 40 33 41 61 78 119 190 203 203 176 204 250 247 247 247 247 247 
247 247 247 247 247 248 244 121 63 74 85 107 118 122 123 124 118 80 46 36 35 35 32 33 41 51 69 102 135 145 119 76 69 65 69 83 100 107 94 135 201 211 176 200 250 247 247 247 247 247 
247 247 247 247 247 252 247 124 73 71 78 110 124 124 121 118 71 44 57 71 82 86 68 64 73 62 68 101 145 162 127 87 81 57 46 50 66 87 118 131 177 215 175 198 251 249 247 247 247 247 
247 247 247 247 247 222 215 130 82 68 80 118 130 125 124 90 64 68 57 37 24 33 55 47 58 54 68 112 155 172 136 81 63 58 51 53 72 62 56 118 165 212 174 163 203 236 248 247 247 247 
247 247 247 252 210 95 109 87 72 67 90 127 125 125 121 93 76 40 34 51 59 75 104 90 64 58 69 117 148 166 144 111 93 79 88 115 138 148 118 87 139 211 185 150 137 205 252 247 247 247 
247 247 247 253 179 77 98 97 84 69 103 128 119 118 99 73 51 54 76 91 93 94 88 75 78 80 92 125 142 163 160 139 131 113 99 97 107 125 136 135 144 197 202 174 133 201 252 247 247 247 
247 247 247 253 180 95 114 103 112 81 97 126 121 113 96 82 85 86 81 76 79 91 101 113 117 104 113 134 146 160 172 162 159 157 150 142 140 139 151 169 173 191 206 182 142 195 252 247 247 247 
247 247 247 253 173 102 123 122 111 95 102 126 120 117 115 118 125 120 120 122 131 130 129 129 116 115 128 140 154 163 180 174 165 165 160 160 162 157 162 184 196 191 199 184 151 187 252 247 247 247 
247 247 247 253 188 111 123 106 73 110 127 121 119 123 121 138 148 145 147 145 144 132 130 128 114 110 123 145 155 160 176 178 147 129 152 170 172 171 173 183 201 205 177 162 166 206 251 247 247 247 
247 247 247 250 231 130 105 84 58 114 132 116 123 124 130 146 148 145 148 151 145 138 133 102 96 113 127 146 153 155 169 188 165 140 100 119 157 172 182 188 193 212 185 153 184 236 249 247 247 247 
247 247 247 247 249 159 96 83 86 123 131 115 115 120 130 136 134 138 144 145 138 127 92 86 137 142 134 137 150 154 173 183 184 192 146 69 96 143 170 179 181 204 186 142 194 248 247 247 247 247 
247 247 247 247 253 179 94 90 107 130 131 121 113 115 119 116 115 117 122 122 118 89 67 102 121 119 106 96 118 132 142 138 129 132 146 109 60 93 129 147 162 190 191 147 198 250 247 247 247 247 
247 247 247 247 252 202 107 100 111 126 131 123 118 115 105 94 97 100 104 103 86 58 76 79 60 52 48 54 79 100 115 107 95 122 145 142 83 55 93 126 147 175 187 167 208 250 247 247 247 247 
247 247 247 247 249 232 125 114 114 115 127 124 120 110 88 82 84 85 86 78 52 64 80 79 62 50 45 40 56 77 104 132 145 146 147 147 124 65 57 99 134 160 180 190 226 249 247 247 247 247 
247 247 247 247 247 251 188 135 134 121 136 122 122 110 81 73 76 71 69 53 59 78 85 87 85 81 80 84 99 106 113 136 149 149 147 142 138 110 60 75 132 153 175 201 243 248 247 247 247 247 
247 247 247 247 247 249 236 144 115 193 178 117 124 109 86 70 75 70 62 62 70 80 89 95 99 100 104 108 122 125 130 140 142 138 139 139 139 129 92 82 131 157 162 176 242 248 247 247 247 247 
247 247 247 247 247 247 248 194 184 252 199 112 118 107 94 70 78 79 65 72 77 82 81 76 73 69 67 69 82 97 102 106 109 101 58 56 97 110 103 112 133 174 234 224 247 247 247 247 247 247 
247 247 247 247 247 247 247 250 251 251 222 121 114 104 101 73 76 94 77 68 54 38 27 40 62 61 65 83 84 109 139 154 160 165 64 8 46 111 111 137 136 194 252 250 247 247 247 247 247 247 
247 247 247 247 247 247 247 247 247 248 246 151 111 101 105 90 69 98 94 71 21 6 40 86 126 134 145 174 178 183 204 196 201 197 95 47 115 127 123 143 141 217 250 247 247 247 247 247 247 247 
247 247 247 247 247 247 247 247 247 247 252 198 112 101 94 110 70 90 106 86 69 32 61 115 144 154 166 179 197 192 200 193 187 154 101 123 156 124 135 136 154 235 249 247 247 247 247 247 247 247 
247 247 247 247 247 247 247 247 247 247 249 238 136 100 88 106 87 75 113 89 107 94 67 67 86 83 89 114 135 141 133 125 133 126 138 158 158 125 138 132 178 247 247 247 247 247 247 247 247 247 
247 247 247 247 247 247 247 247 247 247 247 252 192 97 88 89 98 65 103 98 106 110 94 85 83 90 105 118 120 121 132 157 158 152 162 166 156 133 138 139 214 250 247 247 247 247 247 247 247 247 
247 247 247 247 247 247 247 247 247 247 247 249 243 133 84 83 93 75 85 110 97 113 107 97 92 89 98 111 118 120 131 144 151 162 171 166 146 144 136 168 244 248 247 247 247 247 247 247 247 247 
247 247 247 247 247 247 247 247 247 247 247 247 252 210 97 81 83 87 72 112 90 103 113 105 97 88 82 87 100 109 114 130 149 166 168 158 148 148 147 222 250 247 247 247 247 247 247 247 247 247 
247 247 247 247 247 247 247 247 247 247 247 247 247 252 173 82 80 87 73 95 105 91 109 110 105 96 85 85 90 101 113 133 153 166 163 157 157 148 199 250 247 247 247 247 247 247 247 247 247 247 
247 247 247 247 247 247 247 247 247 247 247 247 247 249 244 136 75 81 84 75 113 94 101 106 104 103 105 106 108 115 131 144 158 166 164 163 161 176 244 248 247 247 247 247 247 247 247 247 247 247 
247 247 247 247 247 247 247 247 247 247 247 247 247 247 251 228 106 74 88 75 91 113 101 105 104 103 110 116 123 133 144 150 158 160 162 168 170 224 250 247 247 247 247 247 247 247 247 247 247 247 
247 247 247 247 247 247 247 247 247 247 247 247 247 247 247 253 204 87 80 83 76 110 110 110 109 110 117 123 128 136 144 155 161 154 165 173 202 249 247 247 247 247 247 247 247 247 247 247 247 247 
247 247 247 247 247 247 247 247 247 247 247 247 247 247 247 247 253 177 77 79 74 89 109 115 122 115 116 119 122 127 137 147 156 156 170 183 235 249 247 247 247 247 247 247 247 247 247 247 247 247 
247 247 247 247 247 247 247 247 247 247 247 247 247 247 247 247 248 250 164 70 68 72 89 98 109 118 120 121 122 123 135 139 149 155 160 211 250 247 247 247 247 247 247 247 247 247 247 247 247 247 
247 247 247 247 247 247 247 247 247 247 247 247 247 247 247 247 247 249 249 161 76 57 64 74 85 96 107 116 121 118 122 125 127 123 166 245 248 247 247 247 247 247 247 247 247 247 247 247 247 247 
247 247 247 247 247 247 247 247 247 247 247 247 247 247 247 247 247 247 248 250 213 138 76 58 56 63 73 86 93 91 93 92 95 145 234 250 247 247 247 247 247 247 247 247 247 247 247 247 247 247 
247 247 247 247 247 247 247 247 247 247 247 247 247 247 247 247 247 247 247 247 252 251 230 198 154 99 63 56 62 63 74 113 183 242 250 247 247 247 247 247 247 247 247 247 247 247 247 247 247 247 
247 247 247 247 247 247 247 247 247 247 247 247 247 247 247 247 247 247 247 247 247 247 250 253 254 245 221 203 197 202 221 245 252 248 247 247 247 247 247 247 247 247 247 247 247 247 247 247 247 247 
